0 0.2682046296083281 0.2566281880966228 0.09255111436318469 0.06356269866918128
0 0.38980065986065313 0.26912190344522214 0.13822622862636958 0.12659995635199914
3 0.30841894965409883 0.30083262410085904 0.04092498184962643 0.0520352146621816
3 0.2614303201656035 0.3198185340944956 0.05166156825883114 0.036536484006999664
4 0.33101559143923415 0.44563669410404066 0.16816834913966822 0.16225690268936246
4 0.32265625 0.52568125 0.1859365 0.1068125
5 0.153125 0.53203125 0.29365 0.0953125
5 0.2140625 0.52568125 0.428125 0.1068125
5 0.23692009629296656 0.33204581409131395 0.4366192164296292 0.2941350920591691
5 0.16542009629296665 0.33131856064949616 0.2951661863654999 0.2486305906065436
2 0.5832614310126469 0.620934496636624 0.11319086629005096 0.12005905601526206
3 0.5594921329063408 0.6666930266345423 0.06666019866214013 0.08203169634245421
6 0.53359365 0.86421865 0.1068125 0.2515625
5 0.5046865 0.59296865 0.05 0.0265625
5 0.58046865 0.81865 0.2015625 0.3625