0 0.50603125 0.33125 0.1046865 0.1125
0 0.4109365 0.3546865 0.090625 0.06865
3 0.3953125 0.29365 0.0568125 0.0421865
3 0.45234365 0.28984365 0.0634365 0.059365
4 0.46161865 0.06696865 0.1661865 0.1359365
4 0.46865 0.1640625 0.18125 0.16865
5 0.3140625 0.25603125 0.296865 0.2640625
5 0.34453125 0.24609365 0.4296865 0.2859365
5 0.34365 0.0484365 0.43125 0.096865
5 0.28515625 0.0421865 0.2953125 0.084365
0 0.64921865 0.0161865 0.0265625 0.034365
4 0.6546865 0.06865 0.04365 0.068125
5 0.65068125 0.065 0.0634365 0.15
5 0.665 0.04921865 0.05625 0.0984365
3 0.653125 0.05068125 0.0125 0.015625
5 0.69609365 0.50546865 0.0609365 0.121865