0 0.0665416543663631 0.39365 0.09096043364502548 0.059365
0 0.01640625 0.41328125 0.0328125 0.1203125
3 0.04682291950166361 0.43661865 0.03935339149054663 0.05
3 0.09124054001316838 0.45625 0.05019998689965162 0.034365
5 0.16328125 0.4203125 0.3265625 0.168125
5 0.16568125 0.43046865 0.2859365 0.1568125
1 0.2568125 0.86109365 0.34365 0.2568125
2 0.25390625 0.5953125 0.3515625 0.161865
5 0.21484365 0.6546865 0.4296865 0.490625
1 0.6634365 0.8890625 0.4365 0.221865
2 0.68046865 0.6453125 0.4390625 0.165
5 0.61484365 0.66953125 0.5603125 0.4609365