5 0.1046865 0.38984365 0.209365 0.1568125
5 0.1 0.40068125 0.2 0.1359365
3 0.6658004593809523 0.00546865 0.006921588001262616 0.009365
4 0.6563885226164068 0.02109365 0.034865896005626134 0.0421865
4 0.8380562663854066 0.03828125 0.028852253341816656 0.0625
5 0.840625 0.04921865 0.0625 0.0984365
5 0.66640625 0.0546865 0.0603125 0.109365
0 0.41956669801866193 0.56640625 0.020666126660909056 0.03125
3 0.42518290802036264 0.568125 0.011155666002545434 0.01865
6 0.4496106433561353 0.59609365 0.044586341343090464 0.061865
0 0.01664258068109026 0.534365 0.025418160661545236 0.0359365
6 0.01865 0.6015625 0.0365 0.103125
5 0.03984365 0.665625 0.0696865 0.303125
5 0.44663062002604423 0.62634365 0.06696358402290801 0.16865
5 0.503125 0.69609365 0.03125 0.2421865
4 0.690625 0.5328125 0.165 0.128125
4 0.59365 0.51328125 0.15 0.0890625
5 0.6484365 0.60625 0.259365 0.265
5 0.68203125 0.6125 0.2568125 0.2865