0 0.39921865 0.2515625 0.0390625 0.065625
0 0.2511095446885605 0.28421826929504623 0.1192045169539809 0.06950668134945388
0 0.06421865 0.2161865 0.1484365 0.15
4 0.384365 0.40234365 0.06865 0.1515625
4 0.24296865 0.41696865 0.1634365 0.1234365
4 0.09453125 0.42109365 0.1890625 0.1161865
0 0.39296865 0.01015625 0.0515625 0.0203125
5 0.22634365 0.0068125 0.1046865 0.015625
5 0.06696865 0.0665625 0.1359365 0.146865
3 0.263163628333586 0.3434569092934564 0.05801248689965162 0.03504660934118149
3 0.0826686168962665 0.33930685331695524 0.11445338544042354 0.06851463634881644
5 0.06865 0.06109365 0.1365 0.1421865
5 0.2546865 0.3568125 0.221865 0.24365
5 0.1515625 0.3046865 0.303125 0.35
5 0.3603125 0.34453125 0.096865 0.2603125
0 0.865625 0.23984365 0.26865 0.4696865
6 0.51696865 0.23984365 0.1984365 0.4696865
5 0.609365 0.23984365 0.58125 0.4696865
5 0.296865 0.54665625 0.1 0.1359365
5 0.61865 0.634365 0.43125 0.309365
5 0.9390625 0.821865 0.121865 0.35625