0 0.2832556533020469 0.11328125 0.11030224801081664 0.0696865
0 0.46160916862826455 0.165625 0.13550224266981653 0.096865
0 0.11266962130013692 0.12634365 0.12916951634563564 0.090625
0 0.59921865 0.1125 0.0390625 0.165
4 0.06890625 0.29609365 0.1568125 0.2068125
4 0.2635342132696652 0.26634365 0.16609880935608982 0.165
4 0.4612426512630936 0.3265625 0.20209085335662609 0.1696865
4 0.5568125 0.403125 0.121865 0.290625
3 0.4506685159532294 0.22634365 0.06611589600562613 0.0421865
3 0.26668464996022906 0.16568125 0.05363406633926232 0.04365
3 0.12294441462445649 0.19365 0.05361589600562696 0.0421865
3 0.6 0.2421865 0.0365 0.084365
5 0.44865184460536645 0.334365 0.2834339493952699 0.45625
5 0.48828125 0.35390625 0.2609365 0.6068125
5 0.23252640526532084 0.31015625 0.3355964334022696 0.5068125
5 0.10603125 0.3203125 0.2140625 0.5
0 0.6921865 0.86484365 0.346865 0.2603125
5 0.809365 0.86484365 0.38125 0.2603125