0 0.02421865 0.23125 0.0484365 0.0625
0 0.1539126039545021 0.2652266286046324 0.11019316000954511 0.0609488251355633
4 0.16634365 0.36696865 0.1568125 0.0640625
4 0.028125 0.35390625 0.05625 0.0921865
3 0.01484365 0.290625 0.0296865 0.034365
3 0.1360523946133206 0.32294013465485666 0.045694308004454245 0.033066120413308895
5 0.06421865 0.296865 0.1484365 0.20625
5 0.16696865 0.31161865 0.2161865 0.1665625
0 0.86161865 0.3984365 0.0068125 0.003125
0 0.2953125 0.43125 0.20625 0.0625
3 0.065 0.41865 0.146865 0.0365
3 0.32683993193032135 0.530243564546398 0.10228965334181665 0.06309086334016516
4 0.26109365 0.668125 0.2546865 0.44365
4 0.1068125 0.62890625 0.215625 0.5421865
5 0.10859365 0.6 0.2161865 0.6
5 0.25625 0.6 0.30625 0.6
