2 0.05068125 0.49609365 0.1015625 0.0828125
2 0.3035828163933609 0.3835546841594459 0.1249283693506266 0.1288431383662899
2 0.25983008068109026 0.04684908831596616 0.08811816534054522 0.05363406010845856
2 0.0914526980186619 0.08086209609656485 0.06925906633926232 0.04414996569950315
3 0.08586550635995331 0.13861095853289334 0.03689998933699968 0.03459316861691084
3 0.2668800593560898 0.11656262686965666 0.05359661466218159 0.04093406220860604
3 0.34518960940481486 0.46669343482336583 0.06931362133990895 0.04883646569950324
3 0.03815945408962316 0.6038636806416004 0.06229316066154514 0.03635565651666228
4 0.06696865 0.65390625 0.1359365 0.1921865
4 0.36640625 0.5365 0.1661865 0.2865
4 0.2814603653623618 0.22898545882648095 0.16603630935608983 0.16601812021691623
4 0.09496969136490616 0.2488216566364952 0.1211135633609068 0.20381586629005096
5 0.096865 0.64921865 0.19365 0.2015625
5 0.1068125 0.59140625 0.215625 0.3161865
5 0.321865 0.5328125 0.25625 0.434365
5 0.09693228061290694 0.28318666636841564 0.18034531206236082 0.46039312021691625
5 0.2880294480426344 0.25551159639116246 0.23063621339908688 0.48568401160646495
6 0.86066660206066 0.21695309143923414 0.041134066339262324 0.04398634933606006
5 0.861395316393361 0.21146969625969436 0.06102156200826222 0.06134656615858266
6 0.6138390646268609 0.22151436816381363 0.05061816534054522 0.05341589149054663
5 0.6160282633926245 0.20821948263519426 0.05094542934436319 0.08154089149054691
1 0.63203125 0.93984365 0.1068125 0.1203125
4 0.6 0.865 0.228125 0.25
5 0.6161865 0.865 0.334365 0.25