2 0.18515625 0.3603125 0.11865 0.059365
2 0.2859365 0.2859365 0.125 0.0665625
2 0.51640625 0.1696865 0.0661865 0.121865
3 0.28661865 0.3865 0.06865 0.034365
4 0.0625 0.24609365 0.125 0.1328125
4 0.15068125 0.521865 0.3015625 0.215625
4 0.31484365 0.4390625 0.128125 0.190625
4 0.49453125 0.05603125 0.1109365 0.1140625
4 0.34365 0.0634365 0.1125 0.146865
4 0.184365 0.0265625 0.061865 0.053125
5 0.16890625 0.103125 0.0953125 0.20625
5 0.06328125 0.26109365 0.1265625 0.3484365
5 0.215625 0.4828125 0.43125 0.29365
5 0.3296865 0.42890625 0.246865 0.4015625
5 0.49365 0.36265625 0.1125 0.5140625
5 0.3453125 0.15 0.165625 0.3
5 0.48515625 0.14365 0.1296865 0.2865
5 0.4140625 0.696865 0.015625 0.015625
6 0.4140625 0.6015625 0.0125 0.009365
5 0.61953125 0.8125 0.3390625 0.365625