2 0.01640625 0.053125 0.0328125 0.103125
2 0.246865 0.02634365 0.14365 0.0546865
3 0.265 0.06101555124126694 0.065 0.06024660401018138
4 0.02421865 0.21865 0.0484365 0.225
4 0.3453125 0.1609365 0.33125 0.321865
5 0.053125 0.26640625 0.10625 0.4265625
5 0.0634365 0.23984365 0.146865 0.4696865
5 0.30859365 0.23984365 0.5015625 0.4696865
5 0.253125 0.05546865 0.303125 0.1109365
6 0.06634365 0.8441360662640482 0.1296865 0.22025905068426186
6 0.265 0.884365 0.15625 0.23125
3 0.09665625 0.6264944599369564 0.04365 0.041134066339262504
3 0.29140625 0.6556086245683223 0.0484365 0.04118862133990866
0 0.30603125 0.6966144112428668 0.068125 0.06496156666626229
0 0.10859365 0.6642421906031393 0.0609365 0.056959062008262216
5 0.068125 0.81865 0.15625 0.3625
5 0.26328125 0.8265625 0.2515625 0.346865
