0 0.49453125 0.31865 0.0296865 0.068125
2 0.3121041652466859 0.5826094354312228 0.13054202266663584 0.06494655068426196
2 0.19964108259063063 0.5023850386491681 0.13699201634563564 0.09220666601845359
2 0.1106909563122282 0.09638690863645134 0.06243862133990894 0.04926384134309046
2 0.2864610859623194 0.1468889900938593 0.04091590133662625 0.025462614662181596
3 0.2918404126352642 0.16528628409449562 0.023655666002545433 0.019022620003181605
3 0.12019266930459225 0.1536560864044966 0.04106135200509069 0.03696261466218159
3 0.20686965190964048 0.6086441266504508 0.06391021466218159 0.041469522666635835
4 0.4328125 0.44296865 0.153125 0.1515625
4 0.34921865 0.66328125 0.3203125 0.1109365
4 0.18125 0.63828125 0.153125 0.1609365
4 0.12048248595641109 0.2631492686380422 0.136829480028635 0.21250109468490824
4 0.2850540632956836 0.2213083086603139 0.08052384134309029 0.06280224801081665
5 0.2946012386219111 0.2636602364283592 0.12668286536236189 0.2889363253500902
5 0.42634365 0.46640625 0.1640625 0.3828125
5 0.268125 0.621865 0.4625 0.19365
5 0.16640625 0.565 0.3015625 0.2865
5 0.12165408628518408 0.2966612000615866 0.21636361863008698 0.469641980028635
5 0.0328125 0.284365 0.065625 0.5
