2 0.30638829616149843 0.1481062645361353 0.12542624686664198 0.06416462862636941
2 0.39600530806535516 0.053312915003663564 0.1316662408266168 0.09138859016268804
3 0.0625 0.0046865 0.040625 0.009365
3 0.40692352508425955 0.15338563686631046 0.06055693969514959 0.04259656615858266
4 0.16161865 0.05603125 0.1546865 0.1140625
4 0.28661865 0.26634365 0.3568125 0.2046865
4 0.4234365 0.20068125 0.1125 0.2046865
5 0.1390625 0.12568125 0.240625 0.2515625
5 0.28515625 0.23125 0.3890625 0.296865
5 0.39365 0.18984365 0.161865 0.3696865
4 0.64296865 0.11161865 0.3265625 0.2234365
5 0.68661865 0.18984365 0.4140625 0.3696865
5 0.0125 0.64365 0.025 0.046865
5 0.665625 0.53661865 0.45625 0.3140625
5 0.568125 0.6859365 0.196865 0.384365
4 0.6603125 0.3984365 0.2125 0.0365