0 0.30921033166486266 0.16129565324636663 0.08006020462226431 0.06498964801081665
3 0.31831616618202394 0.206280315245095 0.043949986899651616 0.0348840663392625
4 0.32164616233034396 0.2892661119112313 0.14626606806243946 0.16631586401962648
5 0.2890625 0.25390625 0.28125 0.2921865
1 0.12890625 0.60390625 0.2568125 0.5921865
4 0.21484365 0.84609365 0.4296865 0.3068125
5 0.21484365 0.6 0.4296865 0.6
3 0.6109365 0.43661865 0.23125 0.0634365
4 0.64453125 0.496865 0.5109365 0.19365
5 0.61484365 0.51865 0.5603125 0.2365
3 0.86634365 0.809365 0.2453125 0.215625
2 0.841416802015231 0.5968963192632304 0.2611660841125638 0.15158286060336202
4 0.66634365 0.928125 0.4453125 0.14365
5 0.61865 0.63828125 0.5625 0.5234365