4 0.10603125 0.03661865 0.1234365 0.0634365
5 0.1068125 0.14609365 0.215625 0.2921865
0 0.663580213956093 0.2028861890066686 0.1215306493465449 0.10538645664913056
0 0.46860290463866406 0.08313562862816356 0.11496156666626211 0.06868859621281205
4 0.46953125 0.29453125 0.1203125 0.2390625
4 0.69140625 0.36421865 0.2140625 0.1515625
0 0.41696865 0.13359365 0.0161865 0.0359365
5 0.41953125 0.1453125 0.0203125 0.061865
5 0.8203125 0.2984365 0.321865 0.303125
5 0.4865 0.24365 0.15625 0.4125
3 0.6813012599459116 0.2669361859826166 0.06401930266345422 0.05042624686664198
3 0.4654319066269563 0.16280959308955412 0.06085694000636322 0.04628406615858266
4 0.6353251412615028 0.6518549541330891 0.09244313335454456 0.1566662408266168
4 0.8186263452419133 0.8603236638824682 0.11359196469663486 0.22866041549465282
3 0.6242962819462296 0.592411666439992 0.026053396005626138 0.04234203610435348
3 0.6992506339264568 0.6311384540348933 0.016642033338635964 0.03916249394986581
2 0.8290115066040938 0.6568691256668662 0.06458292401336308 0.09886464686664215
2 0.631292616621593 0.5283856368663104 0.044404528006635946 0.056504530054229285
5 0.6265666369296851 0.6143140465162306 0.1143648666249963 0.4303238251355632
5 0.8046865 0.8015625 0.16865 0.396865
