5 0.13515625 0.0890625 0.2515625 0.168125
6 0.65546865 0.3525498456218328 0.0234365 0.056386355386194256
5 0.64609365 0.34453125 0.0484365 0.1109365
0 0.4953125 0.6655545119038566 0.0665625 0.0638829265949012
2 0.62634365 0.98828125 0.1234365 0.0234365
2 0.8265625 0.9220129180286356 0.128125 0.08355690944452864
2 0.86953125 0.5165654029034252 0.06865 0.044149965699503235
2 0.603125 0.5853562696614458 0.0365 0.02209316861691084
3 0.49296865 0.8316908663652363 0.0390625 0.033039658966990186
3 0.6015625 0.6126919393023662 0.021865 0.01631466502611463
3 0.86640625 0.5630259621852659 0.0390625 0.03460225896699036
4 0.590625 0.8886090238066134 0.146865 0.14146949365348395
4 0.868125 0.680906649868363 0.121865 0.20060904800821018
4 0.6140625 0.6556334121650031 0.0634365 0.06661464686664199
5 0.6109365 0.6080589814568439 0.10625 0.26864314441641416
5 0.5640625 0.86640625 0.2125 0.2661865
5 0.861865 0.92634365 0.25625 0.1453125
5 0.8696865 0.6136282402364426 0.1828125 0.4510635620123152
5 0.9634365 0.68203125 0.053125 0.4696865