0 0.39116236294639165 0.1639603699331849 0.22261131303532493 0.14633164936345314
3 0.38561232454639803 0.31153310526636666 0.10981133623582168 0.06626269334818116
4 0.434365 0.41953125 0.190625 0.2203125
5 0.40546865 0.30390625 0.2484365 0.4515625
5 0.68828125 0.0125 0.0296865 0.025
5 0.365 0.60625 0.190625 0.353125
5 0.24453125 0.6953125 0.1828125 0.33125
5 0.18661865 0.6484365 0.1328125 0.2365
4 0.18828125 0.56953125 0.0568125 0.0696865
4 0.2600560291604665 0.6404859032861385 0.06149201190385661 0.09602156200826222
4 0.34453125 0.615625 0.0921865 0.161865
3 0.23616229632083913 0.5893143019563656 0.011010222862636966 0.012626269334818081
0 0.2390625 0.56015625 0.05 0.0609365
1 0.63661865 0.9161865 0.4140625 0.165625
2 0.60625 0.6265625 0.353125 0.296865
5 0.66484365 0.661865 0.4603125 0.45625