0 0.26328125 0.3366296206331416 0.2140625 0.13562036919390668
0 0.090625 0.046865 0.18125 0.09365
0 0.06634365 0.1359365 0.1546865 0.168125
3 0.0625 0.2665625 0.125 0.128125
3 0.2634365 0.4696018832991242 0.10625 0.0693681444164139
5 0.090625 0.268125 0.18125 0.48125
5 0.18661865 0.3859365 0.3609365 0.265625
6 0.63661865 0.259365 0.2140625 0.51865
5 0.64609365 0.259365 0.2328125 0.51865
5 0.303125 0.5688859856584523 0.04365 0.09244203005422928
6 0.86953125 0.6411188619262968 0.0421865 0.04555693969514958
5 0.86953125 0.6356501119262968 0.061865 0.06604315651666246