5 0.2921865 0.21484365 0.25625 0.4296865
5 0.40603125 0.21484365 0.3234365 0.4296865
6 0.3953125 0.13661865 0.253125 0.2634365
6 0.246865 0.12938160138445218 0.1203125 0.24358646268299925
0 0.32890625 0.01865 0.1265625 0.0365
0 0.48046865 0.01953125 0.1296865 0.0390625
6 0.6453125 0.06526520462626002 0.0296865 0.06596044533636351
0 0.6484365 0.00859365 0.01865 0.0161865
5 0.62890625 0.1161865 0.0634365 0.234365
6 0.41696865 0.92265625 0.0984365 0.1546865
6 0.5859365 0.925 0.065625 0.15
2 0.02265625 0.8109365 0.0453125 0.059365
3 0.02265625 0.8493556563440451 0.0453125 0.030214658662816865
3 0.41696865 0.8320805346310426 0.0365 0.03324885200509086
3 0.6015625 0.8296865 0.034365 0.034365
0 0.59665625 0.661865 0.0421865 0.053125
0 0.41953125 0.6696549660645869 0.0546865 0.046511346664090495
4 0.02890625 0.940625 0.0568125 0.11865
5 0.06328125 0.88661865 0.1265625 0.2265625
5 0.41328125 0.86634365 0.1161865 0.2453125
5 0.56421865 0.8603125 0.0890625 0.259365
