5 0.04296865 0.15859365 0.0859365 0.3161865
5 0.05 0.328125 0.1 0.08125
5 0.22568125 0.09609365 0.2484365 0.1921865
5 0.2661865 0.1696865 0.165625 0.359365
5 0.91696865 0.13639395862928511 0.08125 0.22603519866214011
6 0.9140625 0.11366043462698408 0.0453125 0.08151362041330898
3 0.90603125 0.06380134124284246 0.0125 0.015696622862636886
0 0.9015625 0.04195815649962106 0.025 0.028260445645263952
5 0.068125 0.684365 0.15625 0.63125
6 0.98515625 0.619324112516463 0.0109365 0.016251132513556366
0 0.98359365 0.6052606028655526 0.00625 0.006848861436318444
5 0.9859365 0.6169658163369332 0.01865 0.036609084308955334