5 0.4 0.2046865 0.265625 0.409365
5 0.28203125 0.2046865 0.3359365 0.409365
6 0.28828125 0.15068125 0.2640625 0.2828125
6 0.4421865 0.1390625 0.125 0.25
0 0.3515625 0.0234365 0.13125 0.046865
0 0.1953125 0.02568125 0.134365 0.0515625
2 0.6046865 0.3 0.00625 0.00625
2 0.6234365 0.29921865 0.0068125 0.009365
2 0.81953125 0.3068125 0.0125 0.025
2 0.83125 0.34921865 0.01865 0.021865
3 0.828125 0.3161865 0.0125 0.021865
3 0.82568125 0.36015625 0.0068125 0.009365
4 0.6046865 0.3234365 0.0125 0.03125
4 0.62265625 0.321865 0.0140625 0.028125
4 0.834365 0.3828125 0.025 0.040625
4 0.85546865 0.31953125 0.04365 0.0640625
5 0.85068125 0.34609365 0.0634365 0.1265625
5 0.83203125 0.36265625 0.0390625 0.0634365
5 0.6234365 0.31640625 0.01865 0.04365
5 0.60546865 0.31953125 0.0161865 0.046865
0 0.23661865 0.53828125 0.21865 0.121865
3 0.0365 0.5046865 0.065 0.121865
3 0.26696865 0.668125 0.1068125 0.0640625
4 0.20068125 0.8546865 0.2546865 0.290625
4 0.0640625 0.69665625 0.128125 0.4046865
5 0.0640625 0.6046865 0.128125 0.590625
5 0.19453125 0.63515625 0.3140625 0.5296865
6 0.56265625 0.61484365 0.025 0.065625
4 0.6296865 0.6161865 0.009365 0.040625
5 0.6515625 0.6265625 0.0640625 0.1484365