0 0.06608652468966203 0.03242369808296495 0.0653545240041051 0.06136383623582168
3 0.06601096063314181 0.06232653541698246 0.029832945645263666 0.025162616822512698
4 0.06481156411546936 0.14419699023644262 0.11485336123992666 0.13660109621281222
4 0.4 0.06109365 0.21865 0.1421865
5 0.321865 0.18661865 0.365 0.3634365
5 0.0665625 0.19140625 0.153125 0.3828125
1 0.8068125 0.42568125 0.384365 0.1265625
2 0.8296865 0.30068125 0.340625 0.1568125
5 0.6546865 0.34453125 0.490625 0.2890625
4 0.36568125 0.50068125 0.0265625 0.0234365
5 0.38125 0.50546865 0.04365 0.0328125
