0 0.41336604566861494 0.33515625 0.10038169508134384 0.065625
0 0.21392003669162458 0.36421865 0.06850669508134384 0.065625
0 0.3566933440615126 0.4068125 0.04558521066238851 0.046865
0 0.0296865 0.22890625 0.059365 0.0984365
3 0.0140625 0.28125 0.028125 0.046865
3 0.20643368645565452 0.41484365 0.031404536104353464 0.0265625
3 0.3665625 0.43046865 0.028125 0.0161865
3 0.4216916241256421 0.3640625 0.05490566861691084 0.0365
6 0.5140625 0.4068125 0.203125 0.0625
5 0.45 0.34609365 0.3365 0.1859365
5 0.39665625 0.403125 0.1203125 0.061865
5 0.253125 0.3828125 0.25625 0.1125
