0 0.3068422326333902 0.49609365 0.10036260462226431 0.0640625
0 0.10886892242853988 0.45390625 0.06693520462226431 0.0640625
0 0.22689565649962106 0.540625 0.04402261066238851 0.046865
0 0.0390625 0.01865 0.068125 0.0365
0 0.01328125 0.2365 0.0265625 0.096865
3 0.0866893893492484 0.4890625 0.031404536104353654 0.0265625
3 0.23462691959986952 0.565 0.028288626463433165 0.028125
3 0.3045445159108665 0.52568125 0.05489656825883114 0.0359365
6 0.353125 0.5890625 0.203125 0.040625
4 0.2453125 0.59665625 0.065 0.0234365
4 0.065625 0.54665625 0.121865 0.1234365
5 0.33125 0.52421865 0.396865 0.1603125
5 0.25068125 0.56161865 0.1161865 0.0953125
5 0.1046865 0.51015625 0.209365 0.1984365
2 0.9625 0.05068125 0.065 0.1015625
2 0.85 0.04453125 0.115625 0.0890625
4 0.8665625 0.28661865 0.246865 0.3634365
4 0.6968633668562166 0.1665625 0.1666966623613948 0.184365
5 0.66421865 0.3046865 0.3390625 0.609365
5 0.81015625 0.3046865 0.3696865 0.609365
5 0.94365 0.3046865 0.1125 0.609365
1 0.690625 0.83984365 0.41865 0.3203125
4 0.66484365 0.94665625 0.4603125 0.1046865
5 0.66484365 0.8046865 0.4603125 0.390625