0 0.2123134646364058 0.16696865 0.09660225334181665 0.0625
0 0.4095242820655424 0.1296865 0.06562625334181666 0.0625
0 0.29096482406699643 0.2140625 0.04261465866281686 0.0453125
3 0.4302549526360866 0.165625 0.03155908266026261 0.0265625
3 0.2826628820814508 0.246865 0.02686158266026261 0.0265625
3 0.215693010641542 0.1984365 0.05352498933699968 0.034365
6 0.16559411065645034 0.315625 0.1986022266868162 0.1484365
4 0.26234355008649594 0.29140625 0.06420111600890866 0.065625
4 0.4513492500695418 0.2328125 0.11868645635199914 0.1365
5 0.19140625 0.28828125 0.3828125 0.3453125
5 0.2665384454169052 0.2625 0.11422622668681622 0.1484365
5 0.4125 0.28359365 0.2125 0.3890625
1 0.36421865 0.6161865 0.2890625 0.25625
4 0.259365 0.8234365 0.51865 0.353125
5 0.259365 0.64453125 0.51865 0.5109365
