0 0.2634365 0.261865 0.090625 0.109365
5 0.22980216125018942 0.36544699023644266 0.0220658965406621 0.03293966502611464
0 0.9213316619686115 0.630254226548019 0.06856133623582168 0.0654545169539809
2 0.685812839366121 0.935126038146456 0.12228406615858265 0.06102154800821019
2 0.5969998033609633 0.8432061828594585 0.12862496964936904 0.08668290944452864
2 0.3603125 0.6125 0.103125 0.13125
2 0.42629426390590924 0.40942201443693946 0.08626384328594586 0.05831246964936891
2 0.5691203943192181 0.45561626926866244 0.06645112041330899 0.04560338544042354
2 0.6342486666345696 0.5322964648165445 0.036636355386194253 0.023655668616910842
3 0.9200682341863184 0.6833601361889393 0.0392533965406621 0.03303965896699054
3 0.6343986666593933 0.5580686248165445 0.021964993949865808 0.01631466502611463
3 0.5694294665269252 0.5086412692686624 0.03926248689965162 0.03460225896699054
3 0.4151533430895541 0.46106804156530246 0.05180693969514966 0.04248648184962643
3 0.33359365 0.68515625 0.0296865 0.0515625
3 0.5866304508134395 0.9406998003459012 0.06896625896699054 0.03946246569950324
4 0.8234613996801661 0.8289002849260031 0.14926462266624505 0.14305108411256356
4 0.553125 0.94365 0.14365 0.1125
4 0.3484365 0.8421865 0.059365 0.290625
4 0.4 0.56265625 0.1625 0.1696865
4 0.5628328398681003 0.6102036853186866 0.12926038524403186 0.19662040944452863
4 0.6196959121650032 0.5993986164062882 0.06539996569950324 0.06918633623582168
5 0.6208635084860111 0.6486219115858269 0.12186604166169416 0.26944995664913066
5 0.846865 0.83828125 0.228125 0.3234365
5 0.65234365 0.9365 0.4859365 0.125
5 0.53828125 0.884365 0.2859365 0.23125
5 0.39296865 0.809365 0.1484365 0.38125
5 0.5565413518601529 0.6406406190620069 0.20566030054229285 0.4386816466803503
5 0.415625 0.596865 0.19365 0.46865