0 0.40546865 0.1633662386835144 0.13125 0.10601359016268685
3 0.4068125 0.28194635324489495 0.0603125 0.05196156615858266
6 0.453125 0.36215248283158596 0.253125 0.20303513816089822
5 0.44453125 0.30625 0.3161865 0.3865
6 0.6 0.20309668616106694 0.0265625 0.06109203610435346
4 0.6515625 0.20123420531143948 0.0109365 0.03656363251355636
5 0.66265625 0.2063614854638646 0.0661865 0.13945338544042354
0 0.215625 0.6096360516206434 0.065625 0.10350669508134383
3 0.24665625 0.6431444493595112 0.025 0.06420694564526368
0 0.296865 0.6334831030485033 0.0328125 0.050190896540662096
6 0.303125 0.6584466416121846 0.0661865 0.16382838544042353
6 0.2609365 0.8266609313063344 0.1328125 0.29921018052166656
5 0.2625 0.65 0.184365 0.5
5 0.30625 0.66109365 0.125 0.4568125
