0 0.9692816040499522 0.18410489363184606 0.0316136266609086 0.0314318061815924
0 0.6626953466138614 0.1625924662333365 0.030051126660908868 0.0314226168225126
0 0.8201960580442254 0.14099462218526586 0.026926126660908602 0.031404536104353464
0 0.566826036043906 0.13618286919390665 0.03633648933699968 0.03458406825883123
0 0.8541906963822249 0.16556516490546663 0.028506808004454244 0.032966126463433165
0 0.9431614813812606 0.16905206536301593 0.026944308004454243 0.032966036104353465
0 0.9101680663690435 0.1524549168323439 0.026926126660908602 0.031404536104353464
0 0.6225049926195885 0.20448452956324994 0.03524660401018138 0.06519998689965162
0 0.8941890886163614 0.18906821906200695 0.03012385200509086 0.0366626168225126
0 0.5065254566154522 0.16266131001026264 0.04642044000636323 0.04614661066238851
3 0.9689266153882603 0.2208190984523063 0.02666249466899989 0.016342036104353465
3 0.9419816986189522 0.20106422501393626 0.020494313335454352 0.015643164668035032
3 0.9112946626164068 0.1821469630118836 0.016386494668999894 0.01628649394986581
3 0.8946345313892248 0.22635946906200694 0.023663856336090964 0.020448855386194252
3 0.8521924926195885 0.20523902936685823 0.01898635633609062 0.02042158430895542
3 0.8213601160486696 0.1638116663648056 0.020530666002545434 0.01886816466803503
3 0.8069339626226602 0.22841645413308914 0.020530666002545434 0.01886816466803503
3 0.6632406893856248 0.20086361623333655 0.022093166002545435 0.01886626502611464
3 0.6434169293841341 0.1889822494108248 0.015688632001908986 0.014153403590696199
3 0.6243220313892246 0.22636861992232954 0.018968166002545432 0.01885908430895533
3 0.6842964680536603 0.21051181566569933 0.01894999466899989 0.01629658430895533
3 0.6513656893856248 0.20016466822512638 0.025218166002545434 0.018895445645263864
3 0.5955339600562601 0.23566491529826116 0.01636931333545435 0.01562499394986581
3 0.5664811380489966 0.16466833401436683 0.025254538669636162 0.022020445645263863
3 0.5100595366202246 0.20693564062842196 0.02369203866963616 0.022011355386194253
0 0.5888566986189521 0.19901980386194262 0.041134066339262504 0.04398634933606006
0 0.6508839840466606 0.15865841822512632 0.03316612666090888 0.03144089654066192
0 0.6866562653819068 0.1622532916634984 0.03316612666090888 0.03144089654066192
0 0.6246123853834966 0.1841856651018694 0.03316612666090888 0.03144089654066201
0 0.6436981900461342 0.15461169459036462 0.02845226400381696 0.028288626463433088
0 0.8106226106166695 0.19093563485124836 0.03163180800445424 0.032994306181592394
6 0.5104863454009968 0.3118364455488821 0.08693644668999892 0.16236496964936905
6 0.5600345206262245 0.25984366436344646 0.08296622668681622 0.14891019866214011
6 0.5926631366361332 0.3255959394005621 0.06898645202099903 0.15506838544042354
6 0.6499129246294516 0.26661353268650695 0.08288632001909005 0.14109669866214011
6 0.6881396306288153 0.2622486464839586 0.042134050684261965 0.12992384933606006
6 0.6212603040658606 0.29968339402463056 0.06506382001909005 0.14105224686664216
6 0.6500214653882602 0.21948636084614326 0.02543635200509069 0.03664544564526395
6 0.6662282680616244 0.2695682644369395 0.056659050684261684 0.13001465292686618
6 0.8056362133990869 0.2994930234149299 0.06029541335136286 0.13321246569950324
6 0.8155464680536603 0.21126540592848623 0.053624984006999665 0.05186156220860604
6 0.8529651993952699 0.26164526936685816 0.05650451201463562 0.10813965292686635
6 0.8985322380649061 0.29368389968016616 0.0811683693506266 0.1285886083130606
6 0.9186623663869965 0.211094119626642 0.022111356336090966 0.020439665026114642
6 0.9345146440563156 0.23061626321853816 0.050490896005626134 0.04246839149054663
6 0.96696865 0.28203125 0.0640625 0.1161865
5 0.9640625 0.2859365 0.061865 0.246865
5 0.93661865 0.26890625 0.0661865 0.2609365
5 0.9136021600493158 0.16903559855050316 0.036963836012090186 0.08926156825883122
5 0.89296865 0.28828125 0.0984365 0.2421865
5 0.8515625 0.2828125 0.0625 0.253125
5 0.8165084100493158 0.16846654146610665 0.059048830681090084 0.10658634328594588
5 0.81015625 0.290625 0.0921865 0.2365
5 0.665625 0.26634365 0.06865 0.2640625
5 0.634365 0.26265625 0.05625 0.2634365
5 0.621865 0.2865 0.08125 0.24365
5 0.69609365 0.28203125 0.0603125 0.2546865
5 0.65068125 0.265 0.0859365 0.26865
5 0.59609365 0.2921865 0.0921865 0.234365
5 0.56696865 0.2640625 0.0921865 0.290625
5 0.51015625 0.26634365 0.1015625 0.2640625
2 0.3231856980426344 0.440005435688129 0.028361356336090698 0.020466126463433165
6 0.3260196600509066 0.5009611164062882 0.06026588534362692 0.06690693364502539
6 0.01015625 0.6109365 0.0203125 0.134365
3 0.3211692120464525 0.4681168001495095 0.018968166002545432 0.01885908430895533
5 0.3283913660486696 0.4845639566653668 0.08861814934654489 0.10519656010845856
5 0.01161865 0.661865 0.0234365 0.35625
3 0.628125 0.4359365 0.09365 0.053125
3 0.965625 0.49921865 0.06865 0.1068125
4 0.9390625 0.6828125 0.121865 0.434365
4 0.6941009186619046 0.6050694262021169 0.2626134666409058 0.5483658188890562
5 0.68828125 0.6046865 0.3661865 0.590625
5 0.91696865 0.6046865 0.1640625 0.590625