3 0.56015625 0.0234365 0.0568125 0.046865
4 0.4953125 0.165 0.1865 0.35
5 0.45625 0.29453125 0.265625 0.5890625
1 0.38266458196126436 0.9210281666111386 0.1351931323161655 0.14140666088084608
1 0.03984365 0.65859365 0.0696865 0.2015625
2 0.26568125 0.61953125 0.0921865 0.0609365
3 0.2565080334620649 0.6169435624461496 0.050290891490546905 0.05029089149054663
3 0.20625 0.96265625 0.0865 0.0546865
2 0.16863532864981058 0.681496002336691 0.20564198660335969 0.16525333603942985
2 0.33455566541989806 0.6316693304001306 0.1466649455488823 0.15554199365348415
4 0.09140625 0.85625 0.1828125 0.2865
5 0.50546865 0.69453125 0.1661865 0.4109365
5 0.26890625 0.68046865 0.1296865 0.1828125
5 0.38661865 0.8125 0.4046865 0.365
5 0.2365 0.815625 0.465 0.36865
5 0.09609365 0.69453125 0.1921865 0.4109365
5 0.8484365 0.66890625 0.303125 0.3696865