5 0.10390625 0.21484365 0.2068125 0.4296865
4 0.903125 0.2169661863564586 0.0359365 0.05802156825883114
2 0.9046865 0.16342684699836906 0.015625 0.012590903590696286
3 0.90234365 0.18594048253699844 0.0140625 0.011019313231616588
5 0.89453125 0.23832968433239649 0.0625 0.1503636143631848
0 0.4203125 0.663024115541535 0.0984365 0.059946692622015936
0 0.21484365 0.6368656466605048 0.065 0.06136383623582168
0 0.34140625 0.8150456686650558 0.0421865 0.04555693969514958
0 0.06328125 0.5299450125912266 0.1015625 0.09266836334016516
3 0.0390625 0.5666421631569618 0.059365 0.0440954336450254
3 0.1953125 0.662926866249 0.03125 0.026644306181592396
3 0.35234365 0.8493560461614984 0.0265625 0.026616036104353654
3 0.41865 0.6942832059006146 0.053125 0.03312156220860695
6 0.468125 0.9111252622555893 0.1984365 0.1449044656031114
4 0.36640625 0.8938064829296818 0.0634365 0.06448964686664216
4 0.16890625 0.8433348260193361 0.1140625 0.13660109621281222
5 0.06953125 0.62265625 0.1390625 0.5546865
5 0.4296865 0.85603125 0.340625 0.2859365
5 0.3603125 0.8625336560320829 0.109365 0.1490638251355633
5 0.20234365 0.84921865 0.2296865 0.3015625
