3 0.05964069688656321 0.3161865 0.028252265026114642 0.021865
2 0.06666456142314011 0.2890625 0.032966036104353465 0.0265625
4 0.36265625 0.2046865 0.2546865 0.409365
4 0.068125 0.36634365 0.0865 0.0640625
5 0.0661865 0.33984365 0.134365 0.1390625
5 0.31328125 0.2046865 0.3634365 0.409365
1 0.82890625 0.203125 0.3421865 0.40625
5 0.65 0.2046865 0.5 0.409365
2 0.6263629624698536 0.5068125 0.02981466502611463 0.021865
2 0.9486616603898669 0.69453125 0.016268403590696288 0.015625
4 0.9544350534691592 0.6296865 0.01424430618159222 0.03125
5 0.9496693656660621 0.61696865 0.025362604622264316 0.0640625
6 0.6355390868430381 0.5603125 0.06609669866214013 0.08125
3 0.6266498941228264 0.53661865 0.020430664668035033 0.0203125
5 0.6354345466136226 0.55234365 0.09653859621281205 0.1140625