4 0.321865 0.1890625 0.265 0.368125
4 0.08125 0.161865 0.1625 0.34365
5 0.2634365 0.2296865 0.361865 0.459365
5 0.096865 0.2296865 0.19365 0.459365
5 0.515625 0.23984365 0.1125 0.4390625
4 0.48828125 0.2125 0.0568125 0.184365
3 0.5163662236582039 0.1162228801658662 0.01893180618159222 0.03135908430895533
0 0.5130342466623089 0.05531265125310512 0.06601588544042354 0.06656929508134384
0 0.09296865 0.6296865 0.1859365 0.540625
6 0.38984365 0.6296865 0.1390625 0.540625
5 0.2296865 0.6296865 0.459365 0.540625
