4 0.1865 0.259365 0.365 0.51865
4 0.50546865 0.26696865 0.3661865 0.5015625
5 0.2568125 0.259365 0.515625 0.51865
5 0.48203125 0.259365 0.4140625 0.51865
0 0.9662116953930428 0.1626606699960843 0.03699089600562614 0.04240566861691066
0 0.8912560864044966 0.24664580024660544 0.04609429634245403 0.06645112041330899
3 0.9649839413986698 0.2048900923039862 0.023610220003181602 0.023563855386194255
4 0.8604356046501325 0.3361435352205906 0.06695223634881643 0.11444429508134384
4 0.9546646066393146 0.2569514596904299 0.06529883068109008 0.10662260462226432
3 0.8961066454089511 0.269490116504484 0.01424431333545435 0.015606813231616586
5 0.89140625 0.36328125 0.1921865 0.3109365
5 0.94296865 0.29921865 0.1140625 0.3296865
6 0.3859365 0.5828125 0.234365 0.128125
5 0.3665625 0.659365 0.6 0.48125
