0 0.3546865 0.08636214246250643 0.0665625 0.050445426594901296
0 0.10625 0.11046365956616564 0.090625 0.056666240826616695
0 0.40068125 0.0696865 0.0359365 0.021865
0 0.41328125 0.06161865 0.0109365 0.0161865
3 0.409365 0.10088662990461966 0.0125 0.012562622862636888
3 0.34140625 0.12862691052468316 0.0365 0.023655668616910842
3 0.1068125 0.15029841920608603 0.0390625 0.022102258966990453
6 0.1015625 0.23392853064340446 0.13125 0.16695109016268686
6 0.36015625 0.21865 0.1161865 0.184365
4 0.4015625 0.134365 0.034365 0.061865
5 0.40859365 0.14140625 0.0203125 0.1696865
5 0.4015625 0.10546865 0.034365 0.0665625
5 0.3546865 0.29140625 0.128125 0.4665625
5 0.0921865 0.2925668226968821 0.184365 0.419822662361395
5 0.209365 0.81484365 0.41865 0.3603125
4 0.253125 0.92634365 0.33125 0.1453125
1 0.29296865 0.63359365 0.2109365 0.2068125