0 0.11936203659533282 0.10948825258595826 0.06999656220860696 0.05405224801081665
0 0.23433659680198624 0.08549566456036806 0.03606466502611463 0.022293160661545236
0 0.16939839803165126 0.10265644991250404 0.04388635538619425 0.023946566339262503
0 0.36802396428843005 0.09466049188418616 0.036636355386194253 0.02386385200509069
0 0.4282194060086416 0.060584939210632894 0.03450226502611463 0.022264989336999683
0 0.3906285034168456 0.06664629121582359 0.03448408430895533 0.019149989336999684
0 0.18669043616106692 0.08448660524350416 0.02822499394986581 0.016514664003816962
3 0.360896265518094 0.11124855688514165 0.010992042154466844 0.00950226933481808
1 0.23961089803165135 0.10183828990295903 0.01626022286263689 0.012699994668999893
3 0.16464896336361633 0.12290531524509496 0.01414431323161641 0.014226132001908986
3 0.10660650654110354 0.1533836032543218 0.039206945645263955 0.025454533338636055
6 0.14669616535540613 0.2450984885821402 0.1635999334486339 0.19095335868862636
6 0.23018136192629688 0.12850986690423166 0.04623861436318469 0.0630454400063634
6 0.4106910124930319 0.10219118386963268 0.031395445645263664 0.025363626660908866
6 0.43515625 0.1161865 0.0296865 0.065
4 0.3995808016206432 0.14919345321455096 0.0614011083130606 0.0803965620082624
4 0.19638249646591616 0.12654693590868602 0.02208406825883114 0.03619203866963625
4 0.18234684992524525 0.15953315856636665 0.06604315651666246 0.06263861600890866
5 0.42634365 0.14296865 0.0453125 0.1953125
5 0.40423194028432464 0.1553889092139146 0.06980448165323594 0.18204996866599956
5 0.3961052415139889 0.16186696521486908 0.06451925263046451 0.18669202266663583
5 0.24326625956616564 0.16038658656909538 0.09166948165323558 0.18230451634563582
5 0.1955926384889268 0.16562861624223144 0.06512606201231528 0.1835569346653633
5 0.1660563619262968 0.12912804324466668 0.0551420169539809 0.06866134666409058
5 0.16015625 0.30625 0.2203125 0.465625
4 0.69665625 0.01953125 0.0265625 0.0390625
5 0.690625 0.08359365 0.06865 0.1661865
1 0.3859365 0.66484365 0.128125 0.2265625
5 0.321865 0.66953125 0.25625 0.4609365
5 0.5632263699694645 0.6923853052991834 0.0846032946885605 0.32596361066690846
5 0.5093365968019862 0.6634432399645468 0.06516365858420602 0.2992920226666359
5 0.61484365 0.69921865 0.3921865 0.4015625
5 0.90603125 0.68828125 0.1859365 0.4234365
2 0.91696865 0.68359365 0.1640625 0.1634365
2 0.6666199581401099 0.6903949966184113 0.15248062626604134 0.15956608935390813
2 0.5601938044511169 0.642430658633046 0.015661355386194255 0.023619313335454528
2 0.49919550322145384 0.6268516593093648 0.018866265026114554 0.022093166002545255
4 0.5034830264219506 0.6955462153086283 0.04429542154466602 0.09425906633926233
4 0.5658846463666213 0.6384516832988652 0.04286926693096126 0.11666839600562696
1 0.9265625 0.91696865 0.146865 0.1640625
1 0.66696865 0.91640625 0.1296865 0.1661865