0 0.21161865 0.0390625 0.0859365 0.0568125
0 0.3296865 0.0109365 0.0365 0.021865
0 0.2640625 0.0296865 0.0484365 0.0265625
0 0.48046865 0.01328125 0.0390625 0.0265625
0 0.28125 0.01015625 0.0296865 0.01865
3 0.46421865 0.03203125 0.0109365 0.009365
1 0.3365 0.0265625 0.01865 0.0140625
3 0.2603125 0.0515625 0.0140625 0.0140625
3 0.20068125 0.0859365 0.0421865 0.028125
6 0.24921865 0.18046865 0.1696865 0.2046865
6 0.3296865 0.05546865 0.0515625 0.0661865
6 0.50390625 0.01953125 0.0109365 0.0265625
4 0.490625 0.06865 0.0365 0.0865
4 0.29453125 0.05390625 0.025 0.0365
4 0.28046865 0.0890625 0.061865 0.068125
5 0.490625 0.08515625 0.0365 0.1603125
5 0.48515625 0.0953125 0.0484365 0.190625
5 0.34365 0.09140625 0.103125 0.1828125
5 0.29453125 0.0953125 0.0665625 0.190625
5 0.2634365 0.05859365 0.0609365 0.0828125
5 0.26696865 0.2568125 0.2515625 0.515625
5 0.0296865 0.26634365 0.059365 0.4546865
5 0.65068125 0.334365 0.4828125 0.66865
4 0.6109365 0.39140625 0.403125 0.5546865
1 0.6603125 0.10068125 0.19365 0.2015625
