0 0.4865 0.03984365 0.0625 0.0609365
0 0.2515625 0.01640625 0.096865 0.0328125
3 0.4643661682822623 0.06696462324954933 0.040688626463433165 0.028596614662181595
3 0.24256682269688223 0.03926830128104688 0.040669536104353465 0.026035214662181596
6 0.21399265966436146 0.11850181528486585 0.14948289129415606 0.1814146266868162
6 0.45859365 0.165 0.1203125 0.2
5 0.43359365 0.24665625 0.1603125 0.4921865
5 0.18984365 0.19453125 0.2359365 0.3890625
6 0.8438666120254936 0.2614886466184113 0.018922616822512696 0.029905666002545345
0 0.8461188660526084 0.2395663839513204 0.0063045421544668435 0.009446625334181811
5 0.839096298693666 0.2656056906190466 0.03329428903121965 0.08319430800445433
5 0.8651546629840112 0.4963813662820024 0.05523292154466601 0.09438634666409058
1 0.6484365 0.93046865 0.459365 0.1390625
2 0.6640625 0.6890625 0.461865 0.240625
5 0.659365 0.80068125 0.48125 0.3984365