5 0.36109662304558656 0.25543030504029306 0.28060562021691614 0.16662616426525151
3 0.345699882022568 0.2945836086310892 0.19885565651666246 0.06302946560311139
5 0.33984365 0.228125 0.6696865 0.421865
5 0.065 0.61953125 0.15 0.5609365
5 0.1984365 0.63515625 0.184365 0.5296865
5 0.26669535196834866 0.4981541362259905 0.03806360226293641 0.09609316861691084
5 0.18223226966144586 0.5104228529503063 0.016532933645025395 0.05946499394986581
4 0.1823095466136226 0.5236041029503063 0.01636839654066192 0.03291249394986581
4 0.28061068626630416 0.5168814103282914 0.01582498689965162 0.03446590359069611
2 0.2641196968118185 0.45832402166460996 0.026626126463433166 0.028269536104353465
2 0.18059605668880889 0.49693194330938695 0.01630566466803503 0.02041249394986581
2 0.22365661036960508 0.5133069584346965 0.09425906010845856 0.08804542154466601
2 0.2959625926949665 0.588660051916035 0.11151019262201593 0.09908291549465283
2 0.44286888816089804 0.45890466298401116 0.03301248689965162 0.034565896540662096
2 0.45289930366555086 0.5696866208295334 0.10051815046653809 0.08964428298109546
1 0.5281533128389331 0.46862183841416204 0.02668965896699054 0.039216036104353464
1 0.5828125 0.52265625 0.10625 0.1661865
1 0.44068966822512633 0.5026683985226306 0.023592036104353654 0.026698855386194254
1 0.4651589300306881 0.6626882931364364 0.06299996964936905 0.0863011143631848
1 0.21486349336060062 0.6133615005891652 0.06460692154466601 0.09412260462226432
1 0.2609094811622563 0.6122565428418486 0.08505666693096126 0.11666836939029935
4 0.05625 0.6859365 0.1125 0.428125
4 0.18661865 0.825 0.1203125 0.35
4 0.28125 0.89140625 0.225 0.2161865
4 0.44609365 0.8453125 0.1603125 0.309365
4 0.58046865 0.66421865 0.1984365 0.4515625
4 0.5152993096156652 0.5522366064663488 0.03948065651666246 0.06210225896699036
5 0.91953125 0.69609365 0.1609365 0.5140625