5 0.1680222659532294 0.16458259124284239 0.31035688669636233 0.2205408006386846
3 0.16659386994650242 0.20683362365639965 0.21369996801399935 0.10436128883482698
4 0.14609365 0.50625 0.2921865 0.4865
5 0.265 0.365 0.55 0.65
0 0.60859365 0.05625 0.0921865 0.1125
3 0.6256886986394103 0.1411596685431561 0.036519302663454136 0.05020906825883123
6 0.62421865 0.31015625 0.1484365 0.3421865
5 0.6546865 0.31865 0.209365 0.6365
0 0.06640625 0.8421865 0.1328125 0.134365
0 0.34999681063018354 0.8463629466262326 0.11230110001590851 0.11683291549465283
3 0.36505864194682056 0.9619024969568966 0.0632454346653633 0.0644261143631848
3 0.084365 0.96109365 0.084365 0.0568125
5 0.1921865 0.865 0.384365 0.25
5 0.4015625 0.8696865 0.296865 0.240625
5 0.665 0.865 0.45 0.25
1 0.6515625 0.915625 0.403125 0.16865
2 0.63661865 0.6859365 0.3634365 0.061865