5 0.08828125 0.265 0.1665625 0.55
5 0.0390625 0.265 0.068125 0.55
5 0.26865 0.265 0.2 0.55
3 0.3136004543294809 0.08066262402654616 0.05498648184962643 0.05188066256668665
3 0.1422649001629506 0.04191426834666433 0.04559430113146816 0.048601120413308985
3 0.034365 0.0365 0.053125 0.065
2 0.3161865 0.0068125 0.065625 0.015625
4 0.2951009600850165 0.25822000351604146 0.1439683006386846 0.30863962266624523
4 0.08103391490546666 0.25868413260994906 0.15855895120622293 0.3966840359069618
4 0.01865 0.28984365 0.0365 0.5203125
1 0.5 0.1125 0.19365 0.225
4 0.59921865 0.3390625 0.3890625 0.421865
5 0.646865 0.265 0.55625 0.55
1 0.2390625 0.82421865 0.259365 0.2068125
2 0.1921865 0.6161865 0.353125 0.134365
4 0.184365 0.92890625 0.36865 0.1421865
5 0.184365 0.665 0.36865 0.45
6 0.80859365 0.9328125 0.0634365 0.134365
1 0.6898816640688599 0.8588264949318345 0.02209316861691093 0.036626265026114634
1 0.4866106064526388 0.6012114694136405 0.026606945645263954 0.025154536104353465
1 0.46242883966990445 0.8419819251590145 0.03456589654066192 0.03301248689965162
1 0.6829498961468886 0.6422581393492484 0.0366908965406621 0.03303066861691084
2 0.660266569085449 0.5666013160423455 0.020385222862636888 0.012618164668035031
2 0.5601385901626869 0.5820296863564586 0.01626022286263689 0.01259999394986581
2 0.3696865 0.64665625 0.021865 0.0265625
2 0.49098913524403186 0.6480592083365015 0.05336134933606006 0.04093406220860695
2 0.46126488504664014 0.6669239603385541 0.08632838544042354 0.06668646964936896
2 0.6896311683233233 0.6820609826333902 0.06533634328594588 0.05824883623582168
4 0.6919618036655508 0.8140831423643105 0.08515666088084608 0.13486586939029926
4 0.6696681262660413 0.6069558622218854 0.02518180618159222 0.031395445645263955
4 0.5603466684215191 0.6169661863564586 0.029886486899651618 0.034546616822512696
4 0.5135368218159235 0.663556943309386 0.06253859621281204 0.11448065651666245
4 0.4161865 0.921865 0.096865 0.15625
4 0.390625 0.62634365 0.04365 0.0890625
5 0.40625 0.6984365 0.065 0.140625
5 0.4546865 0.8661865 0.161865 0.265625
5 0.5189328489432865 0.6510251260526083 0.14365104681181834 0.2523896226662452
5 0.5589169686281636 0.6406325266165383 0.042951090162686854 0.1314954396951496
5 0.6636243632419692 0.6165268863241863 0.036501102262936416 0.09608406825883114
5 0.6981118096156651 0.6968592809369921 0.15168161642962936 0.28993516446164335
5 0.81484365 0.89453125 0.1109365 0.2109365
5 0.9568125 0.84609365 0.084365 0.3068125
0 0.8052294181269314 0.8110803413410382 0.04406816256668664 0.05494203005422919
6 0.96109365 0.92265625 0.0568125 0.1546865