5 0.13984365 0.11953125 0.2390625 0.2390625
5 0.30625 0.11953125 0.246865 0.2390625
4 0.69665625 0.05234365 0.2234365 0.1046865
5 0.565625 0.03359365 0.084365 0.0661865
5 0.80859365 0.11953125 0.3828125 0.2390625
3 0.421865 0.35859365 0.015625 0.0640625
0 0.4161865 0.2828125 0.025 0.0865
6 0.39665625 0.54140625 0.0640625 0.3015625
5 0.334365 0.61953125 0.190625 0.6609365
0 0.6396464920432606 0.358982031036188 0.19128062269254436 0.19162493344863363
3 0.619625985399406 0.5260680460633026 0.10560565466854501 0.08810905405833439
4 0.55234365 0.69140625 0.2421865 0.4161865
5 0.5828125 0.62265625 0.30625 0.6546865