5 0.11640625 0.234365 0.2328125 0.46865
5 0.0603125 0.234365 0.140625 0.46865
5 0.30603125 0.234365 0.2665625 0.46865
5 0.46568125 0.234365 0.2859365 0.46865
3 0.5213966143866258 0.04149266692809421 0.05499656220860695 0.053661346664090583
3 0.35546865 0.01640625 0.0546865 0.0328125
4 0.4866212166062655 0.24500866659932126 0.1991112283335859 0.38666584802662616
4 0.3253206242239369 0.16501544462126488 0.15801352966144566 0.3049431333545446
4 0.11696865 0.168125 0.1665625 0.35625
4 0.04609365 0.23046865 0.0921865 0.4609365
