0 0.2296825612524128 0.36513216983439644 0.1860466560311804 0.230660162361395
3 0.1963502362295048 0.5336049168323439 0.03501134666409058 0.05488648689965162
0 0.42681365461491144 0.15142016953980885 0.15052835335662626 0.18055108411256365
4 0.2453125 0.596865 0.2125 0.084365
4 0.4390625 0.4640625 0.253125 0.35
5 0.42634365 0.34921865 0.3046865 0.5696865
5 0.21161865 0.44140625 0.3068125 0.3953125
6 0.6236945612269594 0.4253641352440319 0.006366269334818081 0.010963861436318445
6 0.6462138662269139 0.4184692406302261 0.006966132001908986 0.014106951695396966
6 0.6644831932288684 0.41153698458010193 0.006366269334818081 0.010963861436318445
6 0.6606241025620958 0.41235559601642036 0.006431813335454351 0.015661361436318445
0 0.623840011895323 0.41286413524403186 0.00464204400063626 0.004614661066238921
0 0.6481314862295048 0.4066550358096659 0.00464204400063626 0.004614661066238921
5 0.6236309265595503 0.43083288524403185 0.014516033338636054 0.03914431323161641
5 0.6461684238940503 0.4223654906302261 0.009693160661545326 0.03599204215446684
5 0.6636292168946868 0.41668343940056206 0.009664989336999684 0.03442954215446666
5 0.6606513662269139 0.4186055960164204 0.009693160661545326 0.03599204215446666
6 0.8692235952021423 0.6096164561581512 0.012826264003816963 0.028196622862636888
5 0.86484365 0.61484365 0.0234365 0.0484365
0 0.99609365 0.5328125 0.0068125 0.00625
0 0.9666343668686684 0.5366481046006263 0.00464204400063626 0.004614661066238566
6 0.9665889162104146 0.5492481046006262 0.006956950668363623 0.012545451695398321
6 0.9953125 0.54609365 0.009365 0.0140625
5 0.9953125 0.540625 0.009365 0.025
5 0.9666252698665056 0.5461231046006262 0.009646620003181603 0.023492042154466845
5 0.65692465690105 0.36145386094533916 0.009602264003816962 0.028169542154466842
0 0.8269104412396862 0.3326958819243822 0.0046238626660910834 0.0031522610662389216
5 0.8260382845619588 0.34060383664484235 0.009611356336090965 0.020366042154466665
6 0.6289189569090042 0.3126863941228264 0.006359088001262616 0.009411361436318443
5 0.6280922545651405 0.3165890989432866 0.008066038669636161 0.021920451695396966
6 0.961440009229823 0.40623390280522925 0.004696588001262539 0.009402261066238922
5 0.9614218268962664 0.4066964028052293 0.008048856336090966 0.020356951695398142
4 0.2421865 0.621865 0.161865 0.165625
5 0.3484365 0.81953125 0.4125 0.3609365
