5 0.54453125 0.3484365 0.2296865 0.421865
5 0.38515625 0.35859365 0.3140625 0.4015625
5 0.16890625 0.3453125 0.2859365 0.428125
5 0.09140625 0.38661865 0.1828125 0.3453125
3 0.03515625 0.3522062953135009 0.053125 0.04905566534054513
3 0.1865 0.29340236529282004 0.040625 0.06922261466218159
3 0.34921865 0.3126143462608665 0.059365 0.05694089066462685
3 0.52265625 0.2606524692463221 0.0568125 0.05692260934118149
2 0.51015625 0.1802629199156856 0.06865 0.05861246866599956
2 0.33515625 0.20965296926266554 0.0865 0.06445565466854491
2 0.13515625 0.18541668996659244 0.0984365 0.09489542401336304
2 0.02634365 0.2609365 0.0546865 0.065
4 0.0640625 0.465625 0.128125 0.1865
4 0.16696865 0.4365 0.1890625 0.24365
4 0.38359365 0.440625 0.2068125 0.2365
4 0.5546865 0.4234365 0.165625 0.261865
1 0.49296865 0.91865 0.3328125 0.1625
2 0.46865 0.61640625 0.38125 0.3140625
5 0.3296865 0.6696865 0.659365 0.440625
