0 0.34665625 0.06890625 0.1890625 0.1568125
3 0.30234365 0.19318938026406213 0.0359365 0.053334068258831144
4 0.3328125 0.28828125 0.2125 0.1609365
4 0.51953125 0.184365 0.2665625 0.36865
5 0.51696865 0.184365 0.3421865 0.36865
5 0.31640625 0.184365 0.3296865 0.36865
5 0.06865 0.2161865 0.1365 0.303125
3 0.45546865 0.6606036123200812 0.0068125 0.010982951695396966
0 0.45859365 0.642616681601922 0.0203125 0.03293066466803503
5 0.4390625 0.8303303110904162 0.0609365 0.21285452400410518
4 0.328125 0.6130069665850601 0.0296865 0.0548602168225126
0 0.33203125 0.6631405006863611 0.015625 0.020403403590696286
5 0.32109365 0.6513291332009284 0.0568125 0.18314884328594596
