5 0.2665625 0.19453125 0.146865 0.3890625
5 0.16640625 0.19453125 0.2828125 0.3890625
5 0.0890625 0.19453125 0.168125 0.3890625
4 0.06015625 0.0828125 0.1203125 0.165625
4 0.1546865 0.103125 0.184365 0.20625
5 0.64921865 0.3109365 0.1484365 0.15625
4 0.061865 0.6359365 0.14365 0.44365
5 0.1365 0.68359365 0.265 0.5890625
3 0.021865 0.490625 0.04365 0.065625
5 0.6984365 0.65390625 0.440625 0.4921865
4 0.64921865 0.8865 0.2359365 0.225
4 0.44296865 0.83515625 0.1859365 0.3296865
3 0.421865 0.6699656646244565 0.0625 0.05696625334181666
0 0.42568125 0.53515625 0.1515625 0.2109365
0 0.61161865 0.620635382598685 0.15 0.16049540802036265
5 0.46953125 0.6161865 0.2390625 0.565625
3 0.62568125 0.649468000596666 0.05 0.052144302663454136