0 0.42568125 0.10068125 0.0859365 0.1328125
2 0.12265625 0.13188334259856482 0.18125 0.06136698165323566
3 0.446865 0.20603125 0.04365 0.0890625
3 0.1125 0.23629300526455635 0.1234365 0.06946813836628961
4 0.1515625 0.4 0.303125 0.31865
4 0.42421865 0.3921865 0.0890625 0.334365
4 0.08125 0.06015625 0.1625 0.1203125
5 0.11484365 0.06484365 0.2296865 0.1296865
5 0.38203125 0.29609365 0.1634365 0.5265625
5 0.19140625 0.3203125 0.3828125 0.468125
1 0.521865 0.06696865 0.10625 0.1359365
5 0.6609365 0.2696865 0.384365 0.559365
4 0.5665625 0.32890625 0.215625 0.4609365
1 0.2453125 0.90068125 0.446865 0.1984365
2 0.234365 0.69609365 0.46865 0.2515625
5 0.234365 0.6696865 0.46865 0.440625
5 0.64665625 0.6696865 0.5046865 0.440625
4 0.68203125 0.6696865 0.4265625 0.440625