2 0.153125 0.04921865 0.053125 0.0603125
4 0.1046865 0.33661865 0.15 0.3328125
5 0.08984365 0.315625 0.1696865 0.628125
6 0.38203125 0.3609365 0.0161865 0.03125
0 0.368125 0.3365 0.00625 0.009365
5 0.38203125 0.3665625 0.0296865 0.090625
5 0.6546865 0.1696865 0.009365 0.0265625
6 0.64365 0.22265625 0.009365 0.0203125
5 0.6453125 0.23203125 0.0140625 0.05625
5 0.48125 0.590625 0.053125 0.068125
6 0.43046865 0.8484365 0.0161865 0.03125
0 0.4265625 0.825 0.00625 0.009365
5 0.43046865 0.8640625 0.0296865 0.090625
5 0.803125 0.6661865 0.009365 0.0265625
6 0.6921865 0.61015625 0.009365 0.0203125
5 0.69365 0.61953125 0.0140625 0.05625
