2 0.51953125 0.0265625 0.1921865 0.053125
3 0.10859365 0.0203125 0.1603125 0.040625
3 0.5043532402364426 0.128125 0.1301056565166623 0.061865
4 0.4568125 0.2634365 0.39365 0.290625
4 0.09365 0.2140625 0.1865 0.409365
5 0.1365 0.209365 0.265 0.41865
5 0.41953125 0.209365 0.4984365 0.41865
1 0.65546865 0.19665625 0.1634365 0.3953125
4 0.834365 0.36265625 0.33125 0.0921865
5 0.834365 0.209365 0.33125 0.41865
5 0.45234365 0.609365 0.4328125 0.58125
3 0.834365 0.6203125 0.33125 0.33125
6 0.834365 0.8265625 0.33125 0.346865
5 0.834365 0.609365 0.33125 0.58125