0 0.26161865 0.12495805162244646 0.1865 0.10890334308955411
0 0.434365 0.03801606694414962 0.121865 0.06945904800821019
2 0.10068125 0.3305818586066481 0.165 0.06820562021691615
2 0.48046865 0.25626915135130096 0.18125 0.05564198165323566
3 0.42568125 0.1065963139190866 0.084365 0.03699086939029935
3 0.23828125 0.21628190600864162 0.11865 0.06631586629005096
3 0.4696865 0.3658664465308408 0.1203125 0.06006495664913049
3 0.1109365 0.44066902126363056 0.115625 0.06629668656189165
4 0.15546865 0.51865 0.3109365 0.140625
4 0.49921865 0.4859365 0.3546865 0.20625
6 0.20625 0.3401245093696639 0.3125 0.2611930618159236
4 0.4140625 0.16682164161218462 0.1865 0.1542158430895541
5 0.4390625 0.12548869586691086 0.259365 0.24994649960621656
5 0.5125 0.40625 0.453125 0.365625
5 0.19609365 0.4390625 0.3921865 0.3
5 0.21161865 0.26634365 0.4234365 0.4359365
5 0.29365 0.69453125 0.5865 0.4109365
0 0.04921865 0.60390625 0.0984365 0.2296865
4 0.25068125 0.9203125 0.3984365 0.159365
1 0.15859365 0.8152639694136404 0.2 0.301163565962191