0 0.22619622063133655 0.1828125 0.1630363311856965 0.0921865
0 0.22634365 0.02421865 0.1265625 0.0484365
0 0.43828125 0.00603125 0.0661865 0.0140625
3 0.224208096998369 0.025 0.04551248689965162 0.034365
3 0.2063059015466926 0.24453125 0.03145906825883114 0.0359365
4 0.4615035639190866 0.06015625 0.0623204265949012 0.0665625
4 0.3161865 0.10068125 0.21865 0.2015625
4 0.28868618482336584 0.3390625 0.24194310206654456 0.2265625
5 0.45 0.05625 0.09365 0.1125
5 0.29453125 0.15234365 0.2603125 0.3046865
5 0.24609365 0.34609365 0.3859365 0.4265625
5 0.18688938329912422 0.94365 0.04894656010845856 0.0865
5 0.6125 0.6696865 0.225 0.440625
5 0.85068125 0.6696865 0.2984365 0.440625
2 0.80603125 0.5921865 0.1603125 0.065625
4 0.8890625 0.9453125 0.221865 0.109365
1 0.8299626624285399 0.81161865 0.16549866663456952 0.246865
1 0.6161865 0.6921865 0.034365 0.20625