0 0.09921865 0.3685611653554061 0.1609365 0.09312380698520063
0 0.1 0.18496288016586626 0.1265625 0.10063631908544893
3 0.10390625 0.2115126542681662 0.0453125 0.034638620413308986
3 0.11953125 0.4301616506863611 0.03125 0.03455680618159222
4 0.05859365 0.28515625 0.1161865 0.2068125
4 0.068125 0.45546865 0.15625 0.0890625
5 0.0828125 0.303125 0.165625 0.365
5 0.13515625 0.40859365 0.2603125 0.1828125
3 0.965625 0.16535866518245545 0.040625 0.02836134933606006
4 0.6484365 0.01953125 0.225 0.0390625
4 0.9568125 0.2453125 0.084365 0.14365
0 0.96568125 0.14296865 0.0484365 0.0609365
5 0.665625 0.11328125 0.40625 0.2265625
5 0.8484365 0.29140625 0.303125 0.4161865
1 0.49453125 0.6683813195664283 0.0359365 0.03926156825883114
2 0.46696865 0.63125 0.0359365 0.04365
4 0.56328125 0.6218865936669251 0.1203125 0.12256495664913066
4 0.625 0.56890625 0.2625 0.1568125
5 0.55234365 0.6661865 0.2046865 0.31865
5 0.66421865 0.634365 0.4515625 0.46865