0 0.36259924618936096 0.45859365 0.16559086334016515 0.1015625
0 0.3665430656656993 0.2609365 0.1381363251355633 0.109365
0 0.594064659149941 0.25390625 0.06211134933606006 0.040625
3 0.3638095325883121 0.290625 0.05021816861691066 0.0365
3 0.35268216680933434 0.5265625 0.03459316861691084 0.0365
4 0.609365 0.321865 0.059365 0.084365
4 0.4665986101832133 0.3661865 0.23625560206654456 0.2265625
4 0.4421865 0.5515625 0.2625 0.096865
5 0.596865 0.3068125 0.084365 0.146865
5 0.44328393003068814 0.38828125 0.29611349336060064 0.40625
5 0.3984365 0.5015625 0.421865 0.196865
5 0.669668252336691 0.0953125 0.028496604622264316 0.0640625
6 0.3221265465162309 0.88515625 0.04555693969514958 0.0421865
5 0.3221310926966606 0.8859365 0.058256926594901206 0.0665625
4 0.9603125 0.89296865 0.059365 0.2140625
0 0.9440196282353902 0.88515625 0.03468406615858266 0.0603125
0 0.9240344811622563 0.94140625 0.046129530054229464 0.04365
0 0.8902861950569029 0.91484365 0.025263620413308985 0.0453125
0 0.8093220204880638 0.8296865 0.12236586939029926 0.084365
0 0.6608594841863184 0.9328125 0.08633646569950324 0.06865
0 0.63828125 0.98046865 0.0515625 0.0390625
0 0.6696865 0.9568125 0.08125 0.084365
5 0.80390625 0.69921865 0.2634365 0.1984365
3 0.8419566693668582 0.93359365 0.0606661143631848 0.0625
5 0.9395094902364426 0.915625 0.04606609016268803 0.13125
5 0.9201509560599553 0.9453125 0.03686361436318469 0.0625
5 0.890625 0.8890625 0.21865 0.221865
5 0.665 0.94921865 0.08125 0.1015625
5 0.6640625 0.98046865 0.090625 0.0390625
5 0.80390625 0.94140625 0.3296865 0.1161865