0 0.3442194306164568 0.2840696199236399 0.13622836468162652 0.11251926601845368
0 0.53661865 0.26015625 0.0265625 0.0421865
3 0.34232056594686605 0.3130041512561854 0.04886385200509069 0.038063621339908664
4 0.43661865 0.34609365 0.2265625 0.1661865
5 0.53515625 0.309365 0.0296865 0.14365
5 0.409365 0.3140625 0.28125 0.23125
2 0.6060830839433663 0.2994866386060028 0.033048856336090695 0.020694308004454244
5 0.6453904846036656 0.34511666460059396 0.12821600135263542 0.14366018801618106
5 0.265 0.61484365 0.55 0.5603125
4 0.2365 0.66953125 0.46865 0.4609365
1 0.2 0.4953125 0.246865 0.13125
5 0.64140625 0.61484365 0.3828125 0.5603125
5 0.8625 0.61484365 0.265 0.5603125
2 0.84365 0.49921865 0.1865 0.1390625
2 0.61696865 0.51328125 0.1359365 0.1661865
4 0.62634365 0.91865 0.2984365 0.1625
4 0.921865 0.90546865 0.15625 0.1890625
1 0.8905848059356302 0.6506216825826666 0.1889636826020892 0.2631010686919069
1 0.62421865 0.65625 0.1484365 0.21865