0 0.21161865 0.2828513230924698 0.165625 0.09683856806243948
0 0.26015625 0.09965602196100164 0.13125 0.10545109016268694
0 0.46865 0.1524496090238626 0.06865 0.03946246569950324
3 0.2484365 0.1256064496540988 0.046865 0.03621021066238851
3 0.1665625 0.33852460616166116 0.0328125 0.03612839654066192
4 0.465 0.22116334658655424 0.0634365 0.08011464686664216
4 0.32265625 0.22361215659681689 0.225 0.21536151160646505
4 0.23125 0.43125 0.246865 0.196865
5 0.4661865 0.20402129938295221 0.096865 0.13962610226293642
5 0.2953125 0.23548998888161022 0.268125 0.386555583916162
5 0.19140625 0.368125 0.3828125 0.303125
