2 0.04646800663649529 0.22323556132494418 0.010992042154466844 0.009438632513556366
2 0.09659618140553032 0.203213962815492 0.012562622862636888 0.012562622862636888
2 0.10980925361243319 0.21500998086666863 0.010992042154466844 0.009438632513556366
4 0.05016154294004469 0.2615395462226433 0.023646568258831142 0.03606385538619425
4 0.09482460314669909 0.2391423624564124 0.01636839654066192 0.03291249394986581
4 0.11665415135130104 0.24608213648352695 0.02520906825883114 0.03608294564526368
5 0.11885600068556685 0.2613145230221464 0.04662949980360816 0.1299602106623885
5 0.09566039530116666 0.22966191663595214 0.030060204622264318 0.0642352168225126
5 0.06968824161038056 0.24524692661113843 0.03638292659490121 0.06666156825883114
4 0.0682211965308408 0.2460190863520589 0.025236349336060062 0.040660445645263666
4 0.052436115246946466 0.2632619326612626 0.03962609621281205 0.11428965896699054
6 0.0661865 0.32568125 0.134365 0.3661865
5 0.06109365 0.2546865 0.1421865 0.509365
4 0.5303668046465096 0.24882488202256802 0.012654536104353465 0.026635222862636886
5 0.5318893066625616 0.2564266223816566 0.02228406615858266 0.06043966502611465
1 0.109365 0.615625 0.21865 0.2125
4 0.109365 0.8125 0.21865 0.365
5 0.109365 0.6546865 0.21865 0.490625
5 0.5441933440615128 0.6295441366681146 0.04642951190385654 0.0955852106623885
