4 0.05625 0.08661865 0.1125 0.1634365
5 0.4359365 0.28203125 0.146865 0.5640625
5 0.15546865 0.334365 0.3109365 0.66865
4 0.8255289006001803 0.21148665193350308 0.30325555338954296 0.41653513460616996
0 0.9609365 0.08046865 0.068125 0.1609365
5 0.8068125 0.334365 0.384365 0.66865
6 0.012819268021953534 0.6301596663296264 0.015026110666908566 0.08296613200190898
4 0.3109365 0.63661865 0.228125 0.1359365
5 0.16015625 0.9603125 0.0546865 0.059365
5 0.02265625 0.6609365 0.0453125 0.184365
5 0.265625 0.81484365 0.368125 0.2921865
5 0.465625 0.81953125 0.0865 0.3015625
