4 0.615625 0.11640625 0.046865 0.2328125
5 0.40234365 0.21953125 0.4328125 0.4390625
5 0.56484365 0.21953125 0.1484365 0.4390625
1 0.81953125 0.06265625 0.3609365 0.1453125
4 0.81953125 0.2568125 0.3609365 0.3625
5 0.81953125 0.21953125 0.3609365 0.4390625
4 0.155625369626642 0.8161089946086609 0.050354524004105096 0.06151930266345414
2 0.1654634560599554 0.6615396633668162 0.02666249394986581 0.01649658266026243
3 0.1655625413689108 0.6802896633668161 0.02040340359069611 0.01586135633609062
5 0.15659651616841396 0.8489305853655436 0.06991356596219109 0.20069996866599958
4 0.6365 0.521865 0.196865 0.146865
5 0.66953125 0.60859365 0.2609365 0.3390625