0 0.08260043315404614 0.13644022338466035 0.0868545240041051 0.061955654668544914
0 0.20626360615815124 0.19882313940163324 0.08960691549465282 0.11196383601209036
3 0.20268620110802604 0.21595609540099686 0.04615680113146821 0.048982940006363405
3 0.06601644808296495 0.2229589686156605 0.05663169508134393 0.06626952800663595
4 0.04140625 0.36015625 0.0828125 0.2696865
6 0.196865 0.36568125 0.2125 0.2484365
5 0.221865 0.31484365 0.365625 0.3603125
5 0.0890625 0.25 0.168125 0.5
1 0.66328125 0.2984365 0.4484365 0.403125
2 0.66953125 0.06421865 0.4609365 0.1484365
4 0.66953125 0.42265625 0.4609365 0.1546865
5 0.66953125 0.25 0.4609365 0.5
4 0.26953125 0.89665625 0.5390625 0.2046865
1 0.20390625 0.6984365 0.4068125 0.396865
5 0.26953125 0.65 0.5390625 0.5
3 0.61953125 0.68125 0.1609365 0.3625
6 0.66953125 0.8421865 0.4609365 0.315625
5 0.66953125 0.65 0.4609365 0.5