0 0.4 0.08203125 0.159365 0.1640625
6 0.36328125 0.36640625 0.2328125 0.2661865
3 0.40409416500366356 0.24363565006363346 0.10840336334016516 0.10281601201463563
5 0.253125 0.25 0.453125 0.5
2 0.859365 0.46953125 0.13125 0.0609365
2 0.6596316065264936 0.38001914264345105 0.1364646408266169 0.09220666601845359
2 0.52109365 0.24609365 0.0828125 0.1390625
2 0.8983612636095165 0.03868661266254103 0.040660445645263666 0.025462614662181596
3 0.8985203549934108 0.06603046266254103 0.02510908430895533 0.01904090133662606
3 0.628125 0.01696865 0.040625 0.0359365
3 0.65234365 0.4828125 0.0634365 0.034365
4 0.96328125 0.35603125 0.0634365 0.1515625
4 0.61865 0.46640625 0.15 0.0661865
4 0.55068125 0.09365 0.1421865 0.1865
4 0.6136322645361353 0.12615622463640582 0.134048688834828 0.21404541335136286
4 0.8846214654066196 0.11116933066063205 0.08010565651666263 0.06280224801081665
5 0.8863688426949666 0.16511285266095022 0.12356580668880888 0.2920431440165446
5 0.95603125 0.346865 0.0859365 0.30625
5 0.603125 0.4015625 0.296865 0.196865
5 0.61015625 0.19921865 0.2068125 0.3984365
5 0.56484365 0.18515625 0.1603125 0.3603125
