0 0.36265625 0.0515625 0.1828125 0.103125
2 0.18938222521032696 0.23019305669061305 0.010992042154466666 0.009438632513556366
2 0.1400589360809124 0.21193696036960508 0.012562622862636888 0.012562622862636888
2 0.12606461366400952 0.2235648961468885 0.009429542154466666 0.009429542154466666
4 0.1864653938282388 0.26666486596245366 0.02208406825883123 0.03606466502611463
4 0.14182142398066402 0.24632205063868468 0.01581589654066192 0.03290340359069611
4 0.12068221613514169 0.2555643308911099 0.02363648689965162 0.03451135538619425
5 0.12013632152133594 0.26900628561156996 0.042923819085449025 0.12680693969514959
5 0.14099016600562608 0.23662365555914493 0.026935204622264315 0.06421603610435366
5 0.16606199023644262 0.2519316013044186 0.033239646866641985 0.0636283965406621
4 0.16663903541698246 0.25262204166349843 0.023663849336060064 0.040661355386194256
4 0.18498106152133594 0.26938453561336423 0.035029505853632525 0.11269998689965162
6 0.290625 0.29140625 0.353125 0.2665625
3 0.35858166610392196 0.1641481106506516 0.10368860226293623 0.09646496369925486
5 0.40390625 0.21484365 0.5921865 0.4296865
5 0.50546865 0.48828125 0.5046865 0.1161865
1 0.9046865 0.62109365 0.190625 0.3828125
5 0.8484365 0.61015625 0.068125 0.5609365
4 0.9046865 0.88125 0.190625 0.2365
5 0.9046865 0.61484365 0.190625 0.5603125