0 0.5535126146165024 0.12862236534514335 0.08028648400699966 0.052026108313060516
0 0.4356433119430481 0.16930414226611466 0.06928860534690844 0.1004545169539809
3 0.4386864986065936 0.19491096155695554 0.042668396005626134 0.04243293969514959
3 0.5626416166056846 0.20825066801112588 0.05069089066462603 0.059665891490546906
4 0.596865 0.3609365 0.10625 0.296865
6 0.43125 0.3603125 0.18125 0.268125
5 0.41015625 0.3140625 0.3234365 0.390625
5 0.56161865 0.2546865 0.1665625 0.509365
6 0.9035206105983669 0.3365606393492484 0.18205106336090662 0.20416039129415606
0 0.6805466346036656 0.2984450266165382 0.08286813868554468 0.13953519866214012
3 0.8136404969312658 0.3412183349963264 0.028696609341181486 0.05696612646343318
5 0.86865 0.353125 0.2625 0.3125
5 0.01640625 0.690625 0.0328125 0.103125