0 0.09453125 0.01640625 0.0890625 0.0328125
3 0.0921865 0.01015625 0.046865 0.0203125
3 0.2161865 0.05438389065426863 0.05625 0.06684202800663595
4 0.2328125 0.23815945408962308 0.184365 0.3318328963583625
6 0.06161865 0.19609365 0.1234365 0.3515625
5 0.08203125 0.3 0.1640625 0.6
5 0.2484365 0.3 0.346865 0.6
4 0.3634365 0.8834906826656228 0.059365 0.06100339066462602
2 0.3603125 0.8240693200986316 0.0296865 0.020656945336363516
3 0.36696865 0.8451456980983136 0.025 0.019040901336626246
5 0.36865 0.9046865 0.096865 0.190625
1 0.69365 0.9109365 0.3865 0.168125
2 0.60603125 0.6328125 0.4140625 0.25625
5 0.65 0.8 0.5 0.4