2 0.2662446060599554 0.14312522686965666 0.011001132513556365 0.011001132513556365
2 0.31668902634169606 0.13960024503003026 0.012562622862636888 0.012562622862636888
2 0.3264691346530525 0.15449399805509234 0.011001132513556365 0.011001132513556365
4 0.25685094495960695 0.16655022385459556 0.02520906825883114 0.03608294564526395
4 0.3046941286029282 0.16180866308220608 0.016368396540662098 0.03291249394986581
4 0.3219669861141846 0.18655251913233126 0.02519998689965162 0.03452044564526395
5 0.31662650214129934 0.20845933538910993 0.05385222862636941 0.12530906220860696
5 0.3085503816269903 0.163192286184508 0.033166114363184694 0.06269089654066192
5 0.2804616431643089 0.1696059136469411 0.039489646866641984 0.06366465896699054
4 0.26889924316430886 0.1696150040060208 0.026698849336060064 0.040669536104353656
4 0.25556536265280406 0.18928260939321503 0.0443863251355633 0.10962953005422929
6 0.1484365 0.203125 0.296865 0.361865
3 0.12421865 0.04453125 0.1068125 0.0890625
5 0.168125 0.19453125 0.35625 0.3890625
4 0.6114688962460843 0.12434951844496026 0.011055664668035032 0.020366132513556365
5 0.6123010538619426 0.1313662232654204 0.02365566256668665 0.054823855386194255
4 0.14200323116225633 0.6028961683804683 0.036809062208606954 0.05334316861691066
2 0.14644983664664651 0.6614626563032293 0.015696622862636886 0.012590903590696286
3 0.14339301433964364 0.6631995880213886 0.014126132513556366 0.01101931323161641
5 0.1319515202916619 0.6209240156144856 0.069559041958086 0.13946246569950324
