2 0.12265625 0.16460613202256802 0.0109365 0.009438632513556366
2 0.061865 0.15868569535249044 0.0125 0.012562622862636888
2 0.05859365 0.16110842630031361 0.009365 0.009429542154466843
4 0.12265625 0.21210613202256803 0.0203125 0.03449316466803503
4 0.06634365 0.1938636616092691 0.0140625 0.03289431323161641
4 0.05546865 0.20468399658215446 0.0203125 0.03293066466803503
5 0.05625 0.22812604166169424 0.0328125 0.1266533965406619
5 0.065 0.18448512606064965 0.0234365 0.06263635538619425
5 0.1015625 0.19692091216500313 0.0296865 0.0636102168225126
4 0.103125 0.19693000253408283 0.021865 0.03918966502611463
4 0.121865 0.22460158684303816 0.0265625 0.11265453610435346
6 0.24365 0.25390625 0.3125 0.3109365
3 0.290625 0.10448959562363686 0.0984365 0.09266019262201593
5 0.31484365 0.2046865 0.4603125 0.409365
4 0.62568125 0.91328125 0.1515625 0.1634365
3 0.6609365 0.8023549238824682 0.0828125 0.06454428903121964
2 0.646865 0.6460231106506516 0.1328125 0.10233518052166656
5 0.69140625 0.6921865 0.2828125 0.415625