0 0.3050404613615636 0.059365 0.08311248184962643 0.0515625
0 0.16962513006666046 0.08661865 0.06863405405833438 0.1046865
3 0.16884388612669463 0.10390625 0.042442030054229286 0.04365
3 0.2982814012531051 0.146865 0.050354524004105096 0.0609365
4 0.33046865 0.26890625 0.1546865 0.2203125
6 0.1161865 0.265625 0.165 0.246865
5 0.115625 0.203125 0.23125 0.361865
5 0.340625 0.19453125 0.253125 0.3890625
5 0.825 0.19453125 0.35 0.3890625
5 0.18496288016586626 0.661865 0.08880901160646486 0.225
5 0.3365262898166866 0.6634365 0.10664082493918145 0.2390625
4 0.16433081684595386 0.62109365 0.033094301131468204 0.0484365
4 0.35241945540963543 0.62634365 0.03944429508134384 0.065625
3 0.18229685295030634 0.59453125 0.004651132513556366 0.0109365
3 0.34861319330938605 0.59296865 0.006295451695396966 0.0068125
0 0.35431365351604144 0.5603125 0.025154536104353465 0.0265625
0 0.1692864824388026 0.565 0.023610216822512696 0.0296865
