0 0.1515625 0.09665625 0.15625 0.1953125
0 0.48515625 0.06568125 0.0890625 0.1515625
0 0.4546865 0.05 0.046865 0.1
2 0.3020250665513663 0.06222639861902234 0.09643860226293641 0.09643860226293628
3 0.4688669361610669 0.15556964296348566 0.028360439695149584 0.04235112646343318
3 0.5234365 0.240625 0.0125 0.121865
3 0.29581090610683666 0.200383214965801 0.04252384328594586 0.05805693969514968
4 0.19365 0.4046865 0.2625 0.15
4 0.29668608499632646 0.31834286461662145 0.030351096212812224 0.1142352168225126
4 0.39365 0.33125 0.153125 0.296865
4 0.42889105181883913 0.28688623926449366 0.05569652380661306 0.19094316256668665
4 0.48661865 0.32568125 0.0859365 0.3068125
0 0.42063860511504685 0.0666855314289614 0.052062469649369045 0.08623648184962635
3 0.4249625968019864 0.15644566035163258 0.03616465896699019 0.03926156825883114
0 0.3531512293155446 0.14692641686939495 0.01896625896699054 0.03916158430895533
5 0.32595694935951114 0.2556646029636484 0.09685686104353493 0.2661695119038566
5 0.4250662262904825 0.13691451035163258 0.06846833098930564 0.22226588544042353
5 0.46640625 0.23984365 0.1265625 0.4696865
5 0.49453125 0.23984365 0.0603125 0.4696865
5 0.3634365 0.24921865 0.225 0.4609365
0 0.1865 0.23984365 0.365 0.4696865
