4 0.04609365 0.234365 0.0921865 0.46865
4 0.32265625 0.2828125 0.2661865 0.361865
4 0.4489535669441496 0.09565480230981856 0.03190450585363252 0.11268180618159222
4 0.53661865 0.2 0.1568125 0.4
4 0.5696865 0.0859365 0.059365 0.161865
4 0.60603125 0.165625 0.0453125 0.33125
5 0.48125 0.08359365 0.1 0.1661865
5 0.5828125 0.234365 0.09365 0.46865
5 0.5109365 0.234365 0.2365 0.46865
0 0.32109365 0.234365 0.4046865 0.46865
0 0.0890625 0.234365 0.168125 0.46865
4 0.86161865 0.39140625 0.1953125 0.1546865
3 0.8240899223303441 0.28466380191603504 0.08689996569950323 0.06925906010845856
2 0.8539269341360049 0.12443938026406212 0.14125223466649368 0.10863063231616552
5 0.81484365 0.26484365 0.3603125 0.4068125
4 0.928125 0.925 0.128125 0.15
2 0.9859365 0.81484365 0.028125 0.0568125
5 0.86484365 0.8859365 0.2603125 0.228125