4 0.12890625 0.23984365 0.2568125 0.4696865
4 0.39365 0.23984365 0.15 0.4696865
0 0.33984365 0.23984365 0.2568125 0.4696865
0 0.16865 0.23984365 0.3365 0.4696865
2 0.634016632598685 0.09099269125559452 0.00693966933481808 0.011028406666626354
5 0.6368046039306395 0.10110358692163084 0.020630660661545326 0.0361638563360908
4 0.209326904638664 0.5666189232565035 0.03481135200509069 0.03689998933699968
3 0.20413186464195566 0.5443450569249125 0.014226132001908986 0.014226132001908986
2 0.20116050664386465 0.5303189205920035 0.015688632001908986 0.01424431333545435
5 0.21546690630426413 0.5662399469233216 0.062264636348816434 0.1146615620082624
5 0.60859365 0.6161865 0.2015625 0.265