0 0.0828125 0.06484365 0.165625 0.1296865
2 0.2984365 0.0453125 0.19365 0.090625
3 0.26519138460616996 0.16494985166195698 0.08521134134309046 0.06236586939029934
4 0.13359365 0.428125 0.2661865 0.34365
4 0.2455694133911336 0.2921608819243822 0.06555336935062642 0.12849660462226432
4 0.40859365 0.3696865 0.3015625 0.440625
4 0.50068125 0.296865 0.1161865 0.21865
0 0.515625 0.06696865 0.0865 0.1046865
3 0.5205419560391346 0.15626986548146448 0.06086612133990866 0.04884656615858266
0 0.384231638601453 0.12345666424154661 0.039606940006363404 0.046102258966990365
5 0.3120660226164068 0.23318666636480563 0.20512604136490614 0.30642265632126064
5 0.5046865 0.13515625 0.109365 0.2515625
5 0.4828125 0.3 0.153125 0.6
5 0.34296865 0.3 0.4328125 0.6
0 0.203125 0.3 0.40625 0.6
