5 0.08359365 0.046865 0.1661865 0.09365
6 0.41864562126036696 0.26312931829988206 0.20450896061926035 0.3886635659621911
0 0.41865 0.03515625 0.0865 0.0603125
5 0.3484365 0.2696865 0.453125 0.559365
2 0.5536468662666849 0.6235219166359522 0.006304544000636269 0.004623861436318444
2 0.5296926592695939 0.6093185160602181 0.0031695440006362695 0.004605680618159222
2 0.5154565366009121 0.6240804538385015 0.0031695440006362695 0.004605680618159222
2 0.5099160612666303 0.6302986365816229 0.0031966253341818113 0.006268180618159222
2 0.48366163193826555 0.6942066014663693 0.006322625334181811 0.006286361436318444
4 0.4804558269360484 0.6105946606592101 0.009611356336090698 0.020366042154466665
4 0.5286842399346656 0.6202514618906683 0.006413632001908986 0.014098861436318444
4 0.555164016266094 0.6352496569950319 0.00693966933481808 0.010982951695396966
4 0.5260853699331849 0.6319611315315986 0.006956950668363623 0.012545451695398144
5 0.5512132232654566 0.6399145320963326 0.019222614662181596 0.04063408430895533
5 0.5303831026018666 0.6161355622496569 0.009611356336090698 0.020366042154466665
5 0.5199995859325486 0.6366066249156403 0.020612489336999685 0.03449316466803503
5 0.5161842426002658 0.6286624990180413 0.006956950668363623 0.012545451695396965
5 0.5090620859325485 0.6365440924021831 0.011155666002545434 0.018813632513556366
5 0.4880046985996394 0.6332963625546082 0.006522620003181603 0.023463861436318445
5 0.46952003660091214 0.6238613655696604 0.019568160009544932 0.06042158430895533
6 0.6568125 0.5859365 0.15625 0.053125
5 0.66484365 0.6696865 0.2046865 0.440625