6 0.065625 0.14609365 0.13125 0.2921865
5 0.146865 0.28661865 0.29365 0.5634365
0 0.62109365 0.03515625 0.1359365 0.0603125
3 0.638506425453602 0.1390625 0.08635565651666246 0.061865
3 0.9665625 0.11953125 0.046865 0.0828125
4 0.9421865 0.38984365 0.115625 0.3696865
4 0.6606985462596944 0.353125 0.18638396935659546 0.3453125
5 0.6546865 0.28984365 0.290625 0.5696865
5 0.9203125 0.28984365 0.159365 0.5696865
2 0.18984365 0.62265625 0.3696865 0.2859365
5 0.3046865 0.68984365 0.609365 0.4203125
4 0.60625 0.6696865 0.19365 0.068125
4 0.6515625 0.9265625 0.196865 0.146865
0 0.629604124125642 0.8161865 0.1112102106623885 0.046865
5 0.61640625 0.6365 0.2140625 0.196865
5 0.634365 0.89609365 0.25 0.2068125