4 0.0603125 0.1015625 0.140625 0.203125
4 0.2359365 0.096865 0.165 0.19365
4 0.41015625 0.16109365 0.1828125 0.3421865
4 0.50068125 0.2328125 0.0984365 0.465625
5 0.461865 0.259365 0.15625 0.51865
5 0.3568125 0.259365 0.35 0.51865
5 0.21640625 0.259365 0.3390625 0.51865
5 0.09296865 0.25859365 0.1859365 0.5161865
1 0.83828125 0.1390625 0.3234365 0.268125
4 0.665 0.3390625 0.45 0.359365
5 0.665 0.259365 0.45 0.51865
4 0.9546500968019862 0.6655411032448949 0.016342036104353652 0.02666249394986581
5 0.9546819130586659 0.660062353244895 0.02521816861691102 0.03664544564526395