0 0.2596623880626022 0.16909923106406045 0.08343064441641406 0.10663168903121964
0 0.1105562665611964 0.19666235166195696 0.08964428298109546 0.10051815046653818
2 0.389522604895215 0.20954123086666864 0.08689088544042361 0.06669656010845856
2 0.01161865 0.18125 0.0234365 0.084365
3 0.39245622823539014 0.3111163664062882 0.04259656615858266 0.06055693969514959
3 0.25002883361968013 0.26888389363004296 0.04555693969514958 0.042451120413308986
3 0.09546314392643465 0.29064019818116066 0.04616589149054691 0.050262610662388506
4 0.0603125 0.40390625 0.13125 0.2109365
4 0.24609365 0.39609365 0.1421865 0.2265625
4 0.43046865 0.41696865 0.1421865 0.1828125
5 0.3828125 0.3365 0.253125 0.34365
5 0.23828125 0.3125 0.2390625 0.39365
5 0.0828125 0.32265625 0.165625 0.3634365
5 0.9169026558302914 0.22195383069461805 0.09508628268460362 0.230232921544666
4 0.9064555143396436 0.16189464336060062 0.03154998184962643 0.0516443061815924
0 0.9134191680286356 0.12261235469601906 0.023601126463433164 0.028261355386194252
3 0.9158810926966606 0.14303849033563854 0.0063045421544668435 0.009411361436318443
1 0.26696865 0.69453125 0.4828125 0.3203125
4 0.2546865 0.9046865 0.509365 0.190625
5 0.2546865 0.6546865 0.509365 0.490625
