0 0.26694952652014645 0.1501115459651066 0.0912613251355633 0.10990224082661669
0 0.3865 0.20234365 0.0625 0.1046865
2 0.13649441305866595 0.1485268409482548 0.09105224686664206 0.06396464082661669
3 0.11036285596536943 0.24466512605260832 0.04628406615858266 0.06058521066238851
3 0.25562161641168686 0.23666962365820383 0.04613862041330898 0.04558521066238851
3 0.39453125 0.29365 0.0484365 0.053125
4 0.36161865 0.36865 0.1140625 0.140625
4 0.2234365 0.34140625 0.165625 0.1953125
4 0.05603125 0.340625 0.1140625 0.196865
5 0.11328125 0.265625 0.2265625 0.346865
5 0.20546865 0.259365 0.3140625 0.359365
5 0.32568125 0.29140625 0.1859365 0.2953125
4 0.61484365 0.03359365 0.2140625 0.0661865
3 0.60234365 0.02109365 0.0640625 0.0421865
5 0.609365 0.12634365 0.58125 0.2546865
4 0.09140625 0.61865 0.1828125 0.359365
4 0.32109365 0.659365 0.1953125 0.440625
5 0.29453125 0.61953125 0.2484365 0.5609365
5 0.12109365 0.61953125 0.2421865 0.5609365
