0 0.33212319535249046 0.266435401351301 0.0896896346664936 0.10833065046653818
0 0.66109365 0.3161865 0.1568125 0.21865
0 0.46913638202256804 0.31642124493183443 0.09266836334016516 0.10209883118569649
0 0.05390625 0.0865 0.1068125 0.1625
2 0.20399819535249045 0.26818081069582966 0.08948065651666246 0.06239315046653828
2 0.5840446645361353 0.32669060353948254 0.06924996964936905 0.08633646569950324
3 0.02634365 0.22568125 0.0546865 0.1046865
3 0.1803294120668063 0.3628529613615636 0.04628406615858266 0.06058521066238851
3 0.32325261028140923 0.3542086935056686 0.04556603005422946 0.0440136204133089
3 0.46419586284919583 0.4080680611886131 0.04863648184962643 0.05184430113146821
3 0.5901816559284863 0.44250253628260383 0.0519261143631848 0.06269998184962643
3 0.6620602914661066 0.44442813066504145 0.06445338544042361 0.06656020462226432
4 0.6609365 0.49140625 0.168125 0.1953125
4 0.584365 0.5265625 0.1 0.125
4 0.4546865 0.50068125 0.15 0.1665625
4 0.2953125 0.46568125 0.159365 0.2265625
4 0.10390625 0.46568125 0.1640625 0.2265625
5 0.0609365 0.29453125 0.121865 0.5890625
5 0.14665625 0.4015625 0.2953125 0.365
5 0.28125 0.39453125 0.296865 0.3890625
5 0.4515625 0.42421865 0.261865 0.3296865
5 0.5661865 0.43515625 0.240625 0.3068125
5 0.62568125 0.3984365 0.2484365 0.38125
0 0.565465691836449 0.8813559590238626 0.03300339654066192 0.033003396540662094
0 0.2906952551663614 0.8322291543663631 0.048610210662388504 0.04615680113146803
0 0.2516463966551051 0.8166126633533535 0.03460225896699054 0.03926248689965162
0 0.218620263316634 0.6810848108940255 0.048628391490546904 0.050281801131468205
0 0.10852665583029136 0.6926631812091386 0.03145906825883123 0.0361193061815924
0 0.0950146016636611 0.6528966992613153 0.03459316861691084 0.03669998689965162
0 0.03601685156556522 0.8180858829063406 0.034546616822512696 0.029886486899651618
3 0.20085151121648562 0.8155643500234412 0.014153403590696286 0.01560681323161641
3 0.2518326491162362 0.8496439133533535 0.020430664668035033 0.02043066466803521
3 0.2661833093228916 0.8621592626866195 0.02200226502611463 0.02200226502611463
1 0.5668304538385015 0.9118601608192609 0.023555664668035032 0.020448855386194252
6 0.56161865 0.96015625 0.0603125 0.0696865
6 0.30234365 0.93046865 0.0890625 0.1390625
6 0.2459190924021831 0.9064926646896619 0.06320904800821019 0.1222386143631848
6 0.19961161291368683 0.8882296903825206 0.08359426088084606 0.13485668903121964
6 0.10542135642929664 0.9301859061068366 0.04110668903121982 0.08304884933606006
6 0.06930830932289168 0.8633046480316513 0.0690340359069618 0.156604516953981
6 0.02421865 0.90625 0.0484365 0.14365
5 0.03046865 0.8984365 0.0609365 0.203125
5 0.06865 0.8625 0.1365 0.265
5 0.09453125 0.8859365 0.1161865 0.228125
5 0.18515625 0.865 0.1421865 0.25
5 0.23515625 0.896865 0.1068125 0.20625
5 0.284365 0.903125 0.15 0.19365
5 0.54365 0.92634365 0.134365 0.1453125
0 0.6865 0.63661865 0.065 0.0568125
0 0.9056566650036636 0.6913586146812134 0.0849931444164139 0.10664086939029935
3 0.9026316589535494 0.8085643953993626 0.04401362041330899 0.04556603005422936
3 0.6634365 0.82109365 0.046865 0.0640625
6 0.903125 0.92265625 0.19365 0.1546865
5 0.86890625 0.86328125 0.2421865 0.2634365
5 0.8068125 0.69453125 0.115625 0.4109365