0 0.190625 0.03203125 0.153125 0.0640625
3 0.11234390125310512 0.0855088332288009 0.050354524004105096 0.06122839149054663
3 0.18422344643264488 0.08514563964646336 0.06131929508134419 0.06596952400410509
4 0.23359365 0.18203125 0.2328125 0.2953125
4 0.1140625 0.21696865 0.08125 0.2234365
4 0.025 0.19609365 0.05 0.2661865
5 0.05 0.16484365 0.1 0.3296865
5 0.09921865 0.16484365 0.1984365 0.3296865
5 0.20068125 0.16484365 0.2984365 0.3296865
1 0.06015625 0.60068125 0.1203125 0.3265625
4 0.1453125 0.846865 0.290625 0.30625
5 0.165 0.66484365 0.35 0.6603125
6 0.6342194221339522 0.5036088625546082 0.15268969846564828 0.2118192648306229
3 0.6363263436686293 0.4098669629136868 0.036228391490546626 0.05020906825883118
0 0.6390625 0.35 0.05625 0.040625
5 0.6390625 0.66484365 0.203125 0.6603125