0 0.50603125 0.090625 0.1046865 0.18125
0 0.36444250555914493 0.1385646031466991 0.15883062021691613 0.16591812626604134
0 0.08005660130441868 0.16528813583320606 0.13824540944452868 0.1289249515990063
3 0.08626995110802604 0.29494381956642835 0.08693633623582168 0.06550906010845856
3 0.3456666660056261 0.2963410699692118 0.09894656010845856 0.08806269262201593
3 0.53046865 0.36568125 0.0568125 0.1484365
4 0.096865 0.390625 0.19365 0.11865
5 0.12634365 0.2634365 0.2546865 0.353125
5 0.31865 0.246865 0.325 0.40625
5 0.48515625 0.225 0.1484365 0.45
1 0.6696865 0.2421865 0.440625 0.340625
4 0.6696865 0.40068125 0.440625 0.0984365
5 0.6696865 0.225 0.440625 0.45
4 0.1696865 0.5984365 0.268125 0.296865
0 0.3161865 0.48125 0.09365 0.0625
5 0.2296865 0.625 0.459365 0.55
