0 0.3465052668146341 0.30130991062106494 0.13634656615858266 0.06110336123992668
3 0.3540166959651068 0.3528269589256668 0.04399543969514959 0.042442030054229286
4 0.18259669303824045 0.41006235324489494 0.2666885659621909 0.2015453610435351
5 0.21696865 0.42265625 0.4359365 0.3546865
2 0.16640625 0.684365 0.3328125 0.161865
5 0.26484365 0.84296865 0.5296865 0.3140625
4 0.6259200660423455 0.8410006862592628 0.16522606596219108 0.20095448660335966
0 0.6666183106958296 0.6938938831026326 0.13461134328594586 0.05859426088084608
3 0.6132433259211401 0.636589922330344 0.036136486899651616 0.03458406825883114
5 0.89140625 0.69296865 0.2161865 0.1859365
5 0.628125 0.83046865 0.396865 0.3390625