0 0.525 0.346865 0.05 0.09365
4 0.51696865 0.50068125 0.0640625 0.1984365
3 0.5309984524826691 0.4068843843602691 0.03459316861691084 0.03669998689965162
5 0.4603125 0.4421865 0.159365 0.315625
5 0.665 0.25859365 0.45 0.5161865
5 0.165 0.65 0.1 0.1
5 0.03661865 0.63984365 0.0634365 0.0696865
4 0.9454200216664141 0.958363640606685 0.028434062208606952 0.05328862646343316
2 0.9550904583365016 0.9066469326612628 0.014153403590696286 0.01560681323161641
5 0.9455109252562103 0.942648640606685 0.041152240826616614 0.09086134933606006
