2 0.35696214190804965 0.46135659629296655 0.068205654668545 0.08689088544042353
3 0.34669566990136816 0.5106263442669044 0.03482953333863605 0.03926248689965162
4 0.29296865 0.5453125 0.1359365 0.0865
5 0.30068125 0.49453125 0.1890625 0.1890625
0 0.02421865 0.80390625 0.0484365 0.0859365
4 0.12890625 0.9125 0.2568125 0.165
5 0.209365 0.865 0.41865 0.25
4 0.8468266832988653 0.6085234886835143 0.23096019334818116 0.1106112826846038
4 0.64921865 0.93046865 0.2203125 0.1390625
0 0.6908035292806296 0.8424399465308408 0.11946625334181666 0.06319086629005069
2 0.99140625 0.621865 0.0161865 0.059365
3 0.9616819066269563 0.6390508052366848 0.039462489336999684 0.03460225896699036
5 0.84665625 0.66109365 0.3046865 0.2484365
5 0.65859365 0.89921865 0.3359365 0.2015625