2 0.10625 0.06265625 0.2125 0.1453125
2 0.453125 0.10625 0.053125 0.11865
3 0.04921865 0.16265625 0.0984365 0.1161865
4 0.0234365 0.02890625 0.046865 0.0568125
4 0.19609365 0.0568125 0.0890625 0.115625
4 0.0696865 0.3265625 0.159365 0.346865
4 0.3453125 0.36640625 0.26865 0.2661865
3 0.44140625 0.23046865 0.0665625 0.0634365
5 0.31953125 0.2609365 0.3203125 0.468125
5 0.03125 0.046865 0.0625 0.09365
5 0.18203125 0.15859365 0.1696865 0.3161865
5 0.1046865 0.25 0.209365 0.5
5 0.82265625 0.09365 0.3546865 0.1865
5 0.30859365 0.65 0.3421865 0.5
6 0.5865 0.60603125 0.215625 0.2140625
5 0.65546865 0.65 0.3515625 0.5