2 0.24140625 0.08984365 0.2109365 0.1696865
2 0.361865 0.12421865 0.115625 0.2484365
3 0.2994652314568439 0.21363085992204905 0.10691359621281205 0.11529883068109026
4 0.34921865 0.046865 0.0921865 0.09365
4 0.14921865 0.065 0.0859365 0.15
4 0.30546865 0.36328125 0.2484365 0.3328125
4 0.0568125 0.39921865 0.115625 0.2609365
5 0.0696865 0.29140625 0.159365 0.4665625
5 0.36421865 0.26484365 0.1109365 0.5296865
5 0.3453125 0.06640625 0.1125 0.1328125
5 0.1625 0.16634365 0.161865 0.3546865
5 0.28359365 0.26484365 0.2921865 0.5296865
4 0.90859365 0.4125 0.1828125 0.234365
5 0.653125 0.368125 0.49365 0.303125
5 0.368125 0.85234365 0.103125 0.2953125
1 0.56328125 0.6125 0.2661865 0.165625
4 0.66015625 0.665 0.4609365 0.45
5 0.6125 0.66484365 0.565625 0.4603125