0 0.5436984343323965 0.13468212538326855 0.05506020462226432 0.06438066256668666
0 0.4406006114596596 0.14668216168402386 0.06126465292686635 0.056604524004105095
3 0.5456694696101322 0.198858260921898 0.026698855386194254 0.023592036104353464
3 0.4363616536124332 0.2021281856863248 0.02664430618159222 0.031404536104353464
6 0.40448088339632013 0.3121026286046325 0.12153060811666866 0.21006495664913066
6 0.5490894014494968 0.299662236819596 0.14164311416669294 0.19300563231616553
5 0.5453125 0.31484365 0.165625 0.4296865
5 0.41015625 0.3203125 0.1546865 0.41865
3 0.98661865 0.2665625 0.0265625 0.053125
6 0.9020881681840664 0.3066636434588965 0.1665615298568366 0.16446461056599683
0 0.99296865 0.23515625 0.0140625 0.1015625
5 0.89665625 0.35 0.2046865 0.359365
3 0.8854996001216369 0.6468281283101448 0.02666248689965162 0.03452953610435348
2 0.8914365036142363 0.5663911945669236 0.06286260462226432 0.0644261143631848
4 0.8833506619610016 0.6466002869510653 0.11520688524403186 0.19653859621281214
5 0.861865 0.66484365 0.165 0.4603125