0 0.665056104696019 0.4 0.05820338544042354 0.0661865
0 0.5604095114128663 0.40603125 0.0628545240041051 0.0609365
3 0.6638608546988231 0.46484365 0.028260445645263665 0.025
3 0.5636009691602036 0.4625 0.02831589654066192 0.0328125
6 0.52634365 0.56640625 0.1328125 0.2046865
6 0.65603125 0.565625 0.1234365 0.2
5 0.64453125 0.51640625 0.1484365 0.3046865
5 0.5296865 0.51696865 0.18125 0.3015625
0 0.8088665928931624 0.2296865 0.16038402985683662 0.1634365
4 0.68046865 0.53359365 0.1234365 0.2603125
5 0.859365 0.3984365 0.28125 0.540625
3 0.661436201108026 0.36421865 0.08006838544042345 0.0661865
3 0.5036856196259368 0.95859365 0.028343168616910842 0.0365
2 0.5133682614128663 0.86890625 0.06601588544042354 0.0661865
4 0.49665625 0.96890625 0.1265625 0.0421865
5 0.48203125 0.91865 0.2046865 0.1625
1 0.81865 0.89140625 0.2 0.2161865
2 0.925 0.9109365 0.15 0.159365
5 0.859365 0.88125 0.28125 0.2365