5 0.2421865 0.2 0.484365 0.4
4 0.2890625 0.34453125 0.265625 0.1109365
4 0.525 0.2859365 0.228125 0.228125
3 0.5452188566200021 0.18424411342295044 0.06946625334181666 0.06329996866599956
0 0.54665625 0.06953125 0.1828125 0.1390625
0 0.3356898599618199 0.1192986240610881 0.16936926002545344 0.18944540268936255
5 0.50068125 0.2 0.2665625 0.4
3 0.31851035860918453 0.2613044106256336 0.05690452800663594 0.05690452800663594
6 0.0696865 0.568125 0.159365 0.35625
5 0.10546865 0.63828125 0.2109365 0.4665625
