6 0.16865 0.2890625 0.3365 0.48125
3 0.2521998668962665 0.0696865 0.08325692659490121 0.0665625
5 0.21015625 0.26484365 0.4203125 0.5296865
1 0.365 0.8984365 0.128125 0.121865
1 0.068125 0.66634365 0.15625 0.0828125
2 0.065 0.90234365 0.15 0.0546865
2 0.128125 0.68203125 0.25625 0.1265625
2 0.39365 0.684365 0.090625 0.13125
5 0.30068125 0.84665625 0.2665625 0.3046865
5 0.12634365 0.609365 0.2546865 0.203125
5 0.20546865 0.68125 0.4109365 0.4365
4 0.59140625 0.5365 0.0234365 0.015625
5 0.56865 0.56328125 0.061865 0.0661865