0 0.16216280263368336 0.12661964050858914 0.13424882535008996 0.12421018052166646
6 0.1109365 0.36484365 0.221865 0.2890625
3 0.14623534261618418 0.25548953512239486 0.0663988413430903 0.0623204265949012
5 0.1515625 0.2634365 0.303125 0.461865
4 0.6020222926082299 0.26161628834384865 0.19906603604390622 0.3245636948849522
3 0.604503496294629 0.11562608352338849 0.04122498400699968 0.05169884933606006
2 0.62568125 0.04665625 0.1265625 0.0953125
5 0.6203125 0.2546865 0.3625 0.509365
3 0.545529033965183 0.6823191589535493 0.03036839066462603 0.0595466168225126
3 0.6691040552991834 0.6518509298343965 0.0365638466640904 0.05489656825883114
0 0.6861903966422639 0.6800122912606149 0.06294669866918126 0.09260565651666246
0 0.5549500346515006 0.6112654059284863 0.08406601201463562 0.10829428903121965
6 0.503125 0.83125 0.128125 0.321865
6 0.6685661586161386 0.8651366250139362 0.14518642003499838 0.25863962266624513
5 0.65546865 0.8161865 0.2484365 0.365625
5 0.5234365 0.66421865 0.16865 0.4515625