0 0.3918669069104459 0.168125 0.12869668656189165 0.115625
6 0.30859365 0.36634365 0.3068125 0.1453125
0 0.11430689693345543 0.2161865 0.09904655405833436 0.1046865
3 0.11208534690018315 0.33046865 0.055023843285945864 0.0568125
3 0.3832654553114395 0.315625 0.06382838544042354 0.0661865
5 0.3161865 0.2696865 0.325 0.340625
5 0.09609365 0.3015625 0.1921865 0.296865
1 0.33322961465596813 0.5296865 0.06549996964936905 0.0859365
6 0.31418820238456323 0.6140625 0.21581693930236626 0.3015625
5 0.28125 0.625 0.396865 0.55
