4 0.43661865 0.209365 0.0640625 0.41865
5 0.0890625 0.209365 0.168125 0.41865
5 0.34921865 0.209365 0.2390625 0.41865
0 0.9198535869216309 0.28468198868531846 0.015660450668363623 0.012590903590696286
3 0.9212524559198219 0.29863539832623896 0.011064669334818082 0.011001132513556365
4 0.9256662332511401 0.313551866249 0.023836489336999684 0.03451135538619425
5 0.9326621205840492 0.3166359606331418 0.05098169201145392 0.0846658914905469
1 0.334365 0.85068125 0.26865 0.2640625
2 0.290625 0.609365 0.35625 0.28125
4 0.234365 0.8921865 0.46865 0.215625
5 0.234365 0.609365 0.46865 0.58125