3 0.3186152012062229 0.3 0.08168633623582168 0.065
3 0.1956635145361353 0.24921865 0.10081813231616552 0.140625
0 0.1603125 0.090625 0.28125 0.18125
0 0.3398811531980126 0.168125 0.14149666446164335 0.15
4 0.28661865 0.3921865 0.2515625 0.19365
4 0.11328125 0.35603125 0.2265625 0.2640625
4 0.04453125 0.3984365 0.0890625 0.18125
5 0.1634365 0.39921865 0.346865 0.1696865
5 0.26953125 0.24453125 0.5390625 0.4890625
5 0.2665625 0.290625 0.34365 0.396865
4 0.85390625 0.05068125 0.0828125 0.1015625
5 0.83515625 0.15390625 0.2015625 0.3068125
5 0.9265625 0.03661865 0.109365 0.0634365
6 0.82421865 0.525 0.0634365 0.061865
5 0.9568125 0.64453125 0.084365 0.5109365
5 0.825 0.6696865 0.125 0.38125