3 0.31516429805854265 0.21536396336361624 0.08212260401018136 0.06546269866214013
3 0.18413283605186123 0.16691426834666436 0.1016626826861809 0.14433168298109556
0 0.1484365 0.046865 0.28125 0.09365
0 0.332442519364589 0.08692113905466085 0.1439692606864535 0.15395222266624523
4 0.29140625 0.38203125 0.2453125 0.3359365
4 0.1109365 0.35068125 0.21865 0.3984365
4 0.0421865 0.39453125 0.068125 0.3109365
5 0.16568125 0.39453125 0.3453125 0.3109365
5 0.2546865 0.265 0.509365 0.55
5 0.28203125 0.26634365 0.3328125 0.5453125
6 0.840625 0.63828125 0.1125 0.1665625
6 0.625 0.59665625 0.061865 0.0953125
5 0.825 0.665 0.165 0.45
5 0.628125 0.659365 0.109365 0.41865