3 0.02568125 0.26696865 0.0515625 0.1328125
3 0.6140625 0.26568125 0.03125 0.0696865
0 0.59921865 0.1484365 0.0609365 0.159365
0 0.06953125 0.11328125 0.1390625 0.2265625
4 0.03359365 0.3696865 0.0661865 0.168125
4 0.559365 0.36953125 0.140625 0.1984365
5 0.4865 0.234365 0.284365 0.46865
5 0.5421865 0.26484365 0.165 0.4068125
5 0.11161865 0.234365 0.2234365 0.46865
5 0.95859365 0.25859365 0.0828125 0.4203125
6 0.2640625 0.51484365 0.215625 0.0921865
5 0.24140625 0.634365 0.4515625 0.53125
2 0.68203125 0.9453125 0.0984365 0.109365
5 0.8161865 0.88515625 0.365625 0.2296865