5 0.315625 0.12421865 0.328125 0.2484365
5 0.1068125 0.15 0.215625 0.3
5 0.0421865 0.315625 0.040625 0.03125
6 0.03984365 0.4696865 0.0696865 0.359365
5 0.059365 0.5328125 0.11865 0.465625
0 0.6423500846016388 0.46852482454639804 0.01259999394986581 0.01626022286263689
6 0.6421819130586659 0.496431064546398 0.020530668616910842 0.036618164668035034
6 0.8891341811109428 0.4855861012809666 0.025218168616910663 0.03664544564526395
6 0.8838204880961433 0.3246122398446592 0.02208406825883114 0.03606466502611464
0 0.8885564641902341 0.4504253061014369 0.012590903590696286 0.015696622862636886
5 0.884365 0.353125 0.0365 0.10625
5 0.8905830516224464 0.5051264416400563 0.03824540944452863 0.12834316861691084
5 0.6420410124930319 0.5216498245463981 0.04291462862636941 0.12524543969514966
