0 0.0161865 0.06568125 0.034365 0.1140625
4 0.34180011696642205 0.22310530991409486 0.16564422246985355 0.26368404002226164
4 0.02265625 0.334365 0.0453125 0.28125
3 0.3064256388582691 0.08913938991886636 0.05023634933606006 0.041206802663454224
3 0.01015625 0.18359365 0.0203125 0.0484365
5 0.068125 0.296865 0.15625 0.565625
5 0.30603125 0.28984365 0.3421865 0.5696865
6 0.6365 0.09140625 0.096865 0.1828125
5 0.6453125 0.26865 0.1125 0.5365
6 0.0943422932346322 0.6358256652864566 0.026644306181592396 0.03155908266026261
5 0.08655251913233126 0.632010331954184 0.04556603005422928 0.044266258662816864
0 0.6696865 0.6109365 0.1 0.0625
1 0.6620830364961369 0.6065910665966304 0.06234669866214012 0.08208634134309048
6 0.6625 0.8603125 0.19365 0.259365
5 0.66484365 0.68984365 0.3515625 0.4203125