1 0.01328125 0.36109365 0.0265625 0.1328125
1 0.32623560645263883 0.21656602604620855 0.15568643344863362 0.1899624455488822
2 0.34453125 0.059365 0.1609365 0.11865
2 0.056613026930961266 0.0822009842855143 0.08688169508134383 0.06613406010845861
3 0.06858912919390668 0.16919415895354934 0.04614661066238851 0.04614661066238851
3 0.13086564326250462 0.43652084562363686 0.08162269866214013 0.08162269866214013
2 0.16409081283893306 0.2390645835233885 0.1930683551898024 0.15424311416669296
2 0.0365 0.1921865 0.065 0.146865
4 0.33984365 0.3453125 0.3609365 0.346865
5 0.05603125 0.1365 0.1140625 0.184365
5 0.0634365 0.30625 0.146865 0.425
5 0.19453125 0.30859365 0.3890625 0.4203125
5 0.35603125 0.259365 0.4234365 0.51865
3 0.1603125 0.59365 0.1 0.15
5 0.19365 0.659365 0.3865 0.48125
6 0.1546865 0.659365 0.309365 0.48125
4 0.86015625 0.5365 0.0640625 0.0365
5 0.884365 0.646865 0.16865 0.25625