1 0.15163139126150286 0.2854890898681003 0.11062041868236296 0.1162613251355633
2 0.2161865 0.0140625 0.068125 0.028125
3 0.24541030696468338 0.09060836586425695 0.041096614662181596 0.040861349336060066
3 0.31606606393223036 0.33019812265099996 0.06114884134309048 0.06228406615858266
2 0.321865 0.1390625 0.15625 0.128125
2 0.1669663599618199 0.11141124043383436 0.12022268801618106 0.12625336629005096
4 0.31015625 0.5390625 0.1696865 0.4
4 0.14296865 0.53515625 0.2390625 0.4068125
5 0.0328125 0.36953125 0.065625 0.6390625
5 0.21953125 0.06865 0.0984365 0.1365
5 0.15068125 0.3890625 0.3015625 0.6
5 0.26015625 0.3828125 0.2696865 0.6125
5 0.51696865 0.04453125 0.2359365 0.0890625
5 0.6140625 0.04665625 0.2365 0.0953125
5 0.9546865 0.0359365 0.090625 0.061865
5 0.91484365 0.3865 0.1603125 0.56865
5 0.925 0.603125 0.15 0.061865
5 0.5856426646005939 0.34666196301188363 0.24991346206190592 0.5311055960164204
5 0.51640625 0.4046865 0.2328125 0.66865
4 0.94921865 0.36568125 0.1015625 0.4609365
4 0.9609365 0.0265625 0.068125 0.053125
6 0.5046865 0.25068125 0.209365 0.2609365
6 0.6299023919468206 0.2456681968865632 0.1182966560311804 0.23036018656189165
0 0.4328125 0.04296865 0.065625 0.0661865
0 0.5586921026416365 0.04525095100983116 0.11804202266663584 0.06411926693096135
0 0.5524961019653196 0.11631288465305253 0.12126611066690856 0.08351245664913058
0 0.43515625 0.115625 0.0603125 0.08125
2 0.159365 0.98359365 0.2865 0.0328125
3 0.10899561455286886 0.8824151286046325 0.1114102146621816 0.04126041549465282
4 0.0953125 0.821865 0.190625 0.165625
5 0.190625 0.86953125 0.38125 0.2609365
5 0.6 0.934365 0.6 0.13125