1 0.11992005191603506 0.1962351109453392 0.11319086629005096 0.11940450585363234
1 0.4453125 0.03984365 0.1365 0.0696865
3 0.20234365 0.0068125 0.0421865 0.015625
3 0.2884655188366436 0.23336311962593688 0.06386464686664198 0.06386464686664216
2 0.2921865 0.053125 0.165 0.10625
2 0.13515625 0.0421865 0.1234365 0.084365
4 0.35 0.34365 0.290625 0.2125
4 0.49140625 0.225 0.2546865 0.45
4 0.12634365 0.3453125 0.2484365 0.209365
5 0.165 0.021865 0.103125 0.04365
5 0.14296865 0.225 0.2859365 0.45
5 0.3046865 0.225 0.428125 0.45
5 0.48359365 0.225 0.2603125 0.45
4 0.04209555464650956 0.6998919564526388 0.006366265026114642 0.021911361436318444
5 0.042804081664862625 0.6123965026322686 0.014416024004105095 0.06101931323161659
