5 0.93515625 0.368125 0.1296865 0.421865
2 0.5069013805686498 0.6 0.012562622862636888 0.0125
2 0.6666525221563933 0.61484365 0.006866132513556366 0.0109365
2 0.6694612621563933 0.61484365 0.011001132513556365 0.0109365
2 0.99365 0.63515625 0.0125 0.0161865
4 0.5068125 0.64365 0.015625 0.053125
4 0.6635462903066659 0.66640625 0.012845433645025394 0.059365
4 0.6666168806668456 0.66484365 0.02364656220860695 0.053125
3 0.6646155944642962 0.6265625 0.006866132513556366 0.0109365
3 0.6666696992846564 0.62634365 0.006304542154466666 0.009365
4 0.99365 0.80390625 0.0125 0.0634365
4 0.9891411869466336 0.6984365 0.011328385440423616 0.0661865
4 0.9845264108192608 0.6859365 0.014498836235821682 0.065
2 0.99609365 0.64921865 0.0068125 0.0140625
5 0.98203125 0.8046865 0.0359365 0.159365
5 0.98359365 0.81640625 0.0328125 0.1484365
5 0.99140625 0.82265625 0.0161865 0.1609365
5 0.6696008415364299 0.6828125 0.030560164461643366 0.15
5 0.6682491396420319 0.690625 0.052506896344280255 0.1625
5 0.5109365 0.66484365 0.021865 0.1484365
5 0.50859365 0.69140625 0.0161865 0.1603125