5 0.85625 0.4365 0.11865 0.225
5 0.9661865 0.40068125 0.065625 0.2515625
4 0.8326645819612643 0.39656832894620225 0.03669998184962643 0.05168066861691084
4 0.99140625 0.35068125 0.0161865 0.0603125
3 0.8328426536142363 0.36866206894620223 0.006885222862636886 0.012545451695398144
3 0.9948386595661656 0.32006496668146184 0.006866042154466843 0.009420451695398143
0 0.98984365 0.2953125 0.0203125 0.03125
0 0.8251393369231928 0.34995653064160035 0.026653396540662096 0.032966036104353465
1 0.66953125 0.815625 0.4609365 0.36865
2 0.66953125 0.6161865 0.4609365 0.134365
4 0.66953125 0.928125 0.4609365 0.14365
5 0.66953125 0.665 0.4609365 0.45