3 0.06265625 0.1665625 0.1453125 0.246865
1 0.2568125 0.18984365 0.4625 0.3696865
5 0.15625 0.18984365 0.3125 0.3696865
4 0.24453125 0.328125 0.4890625 0.103125
5 0.24453125 0.18984365 0.4890625 0.3696865
3 0.93203125 0.04365 0.1359365 0.0865
4 0.8068125 0.1 0.384365 0.2
5 0.64453125 0.12568125 0.5109365 0.2515625
3 0.696865 0.3421865 0.25625 0.065
2 0.8484365 0.20593936514865164 0.2484365 0.1363828660936593
5 0.64453125 0.2365 0.5109365 0.284365
5 0.85625 0.6245696599589491 0.115625 0.16623518656189165
4 0.86421865 0.6033814608295335 0.028125 0.06568862646343316