1 0.2296865 0.396865 0.459365 0.40625
2 0.2296865 0.1046865 0.459365 0.209365
5 0.2296865 0.3 0.459365 0.6
4 0.86328125 0.11953125 0.1568125 0.2390625
5 0.84365 0.3 0.261865 0.6
0 0.3138154099696641 0.640964609922049 0.12386494668999892 0.16329314401654468
6 0.365 0.86696865 0.16865 0.2640625
5 0.32109365 0.825 0.2665625 0.35
4 0.8469433465945486 0.6484138452419133 0.03815452800663595 0.05668635200509069
2 0.8465069669344565 0.6999663452419133 0.019022620003181605 0.023655666002545433
5 0.8414836862613215 0.6466962299093224 0.06494655068426168 0.13054202266663584