4 0.2864263366286051 0.0634365 0.1539066608808461 0.134365
3 0.26015625 0.003125 0.0609365 0.00625
5 0.31696865 0.22421865 0.3046865 0.4484365
5 0.6068125 0.325 0.35625 0.65
4 0.65625 0.53046865 0.253125 0.2390625
2 0.65390625 0.0603125 0.2265625 0.140625
1 0.6533188800666605 0.28203125 0.21696036314368348 0.23125
0 0.0696865 0.69921865 0.153125 0.0984365
4 0.3161865 0.825 0.425 0.35
3 0.15068125 0.69609365 0.0603125 0.0921865
5 0.26484365 0.825 0.5296865 0.35
0 0.96865 0.6546865 0.0365 0.009365
3 0.9586603590004316 0.66328125 0.010982951695396966 0.0068125
3 0.68984365 0.66015625 0.0390625 0.0203125
6 0.6160183460965649 0.65859365 0.16202834308955402 0.1865
6 0.8161865 0.66865 0.046865 0.0365
6 0.9921865 0.6609365 0.015625 0.021865
4 0.96568125 0.60390625 0.0484365 0.0696865
4 0.684365 0.6568125 0.021865 0.015625
4 0.6640625 0.68203125 0.065625 0.0640625
5 0.96568125 0.6265625 0.0484365 0.153125
5 0.96953125 0.63515625 0.0609365 0.1603125
5 0.825 0.61484365 0.0865 0.1296865
5 0.6665625 0.6140625 0.0625 0.128125
5 0.66484365 0.66696865 0.0546865 0.0359365
5 0.6161865 0.825 0.2125 0.35