5 0.168125 0.0890625 0.35625 0.168125
4 0.215625 0.49921865 0.153125 0.1984365
4 0.39609365 0.84609365 0.2634365 0.3068125
4 0.4354234965686404 0.6661162386835144 0.05390669634245403 0.06649656220860695
4 0.2990669165638669 0.6030643500234411 0.19661353061290693 0.34165220452586246
5 0.14921865 0.69453125 0.2984365 0.5890625
0 0.28539686660568456 0.46868469869366605 0.036636468665999566 0.06895906825883114
0 0.3011666699315941 0.5233668500234411 0.04638406633926232 0.04402261066238851
0 0.3358154899346656 0.4996393621236895 0.025526258662816865 0.04545694564526366
0 0.41640625 0.43203125 0.1203125 0.0640625
0 0.4480426699315941 0.522522356269956 0.08516496866599956 0.06924086939029935
0 0.46551324192395805 0.5686086298065239 0.052253390664626855 0.059664981849626426
0 0.5203125 0.56484365 0.059365 0.1140625
3 0.5060985019096405 0.683886582265852 0.06249316534054522 0.05354315651666228
3 0.4483416662501856 0.6311060159108664 0.029968401336626245 0.025162616822512698
3 0.42662962525463994 0.5984162356584523 0.036881808004454245 0.03303066861691084
3 0.38089163259868496 0.5196882416103805 0.06103965334181665 0.06290906615858266
5 0.2881664212683212 0.4984541180656168 0.051454506683635604 0.1252908914905469
5 0.3050285665966304 0.526260364125642 0.039661562008262395 0.061164658966990544
5 0.31015625 0.6 0.2661865 0.6
5 0.4413200552594125 0.5631836166062655 0.08660108935390812 0.15206246964936904
5 0.4483861205840493 0.6262006659108664 0.09402381468808993 0.15834883118569648
5 0.3865 0.63359365 0.325 0.5328125
