5 0.6546865 0.259365 0.490625 0.51865
4 0.61696865 0.48203125 0.2890625 0.0634365
3 0.6464059025600498 0.3898565525939124 0.14064426601845358 0.1365556386855445
2 0.64665625 0.06421865 0.1665625 0.1484365
2 0.46328125 0.65625 0.0921865 0.265
5 0.359365 0.659365 0.3 0.48125
1 0.4603125 0.8953125 0.068125 0.15625
0 0.6615611099618199 0.6840535426082299 0.14985663860145302 0.2569590453532616
4 0.86640625 0.8625 0.2661865 0.265
3 0.6422211259548203 0.8346606132638669 0.06616041335136286 0.13356611600890856
5 0.6859365 0.81953125 0.428125 0.3609365