2 0.22496614198152616 0.08368026692809425 0.11610668903121965 0.08415691868236296
3 0.19130923858612262 0.2293645859325485 0.1539158612399268 0.1366192606864535
4 0.1640625 0.3609365 0.328125 0.296865
5 0.2609365 0.2546865 0.521865 0.509365
3 0.0125 0.65 0.025 0.025
2 0.03134691042648628 0.6268148226448191 0.031404536104353464 0.02692612666090888
4 0.328125 0.65 0.3365 0.48125
4 0.56865 0.6546865 0.2 0.490625
4 0.02634365 0.66161865 0.0546865 0.1634365
5 0.03203125 0.8 0.0640625 0.4
5 0.3328125 0.6546865 0.565 0.490625
5 0.54921865 0.6546865 0.2390625 0.490625
