3 0.35390625 0.53515625 0.1661865 0.1068125
2 0.1161865 0.45859365 0.234365 0.2609365
5 0.234365 0.35859365 0.46865 0.4609365
4 0.5933166453011669 0.3064963199692118 0.1922259449596061 0.5448499334486336
1 0.5236000846016388 0.0611921813063344 0.06252041549465282 0.11135565651666246
5 0.6203125 0.29453125 0.303125 0.5890625
5 0.490625 0.66015625 0.04365 0.1421865
5 0.52421865 0.665625 0.0634365 0.153125
5 0.56484365 0.65234365 0.0484365 0.1265625
5 0.59365 0.6603125 0.08125 0.1625
5 0.65 0.65068125 0.061865 0.1234365
5 0.6953125 0.66484365 0.09365 0.1515625
5 0.63828125 0.64665625 0.0609365 0.1161865
5 0.68359365 0.6603125 0.0953125 0.1625
5 0.82634365 0.653125 0.0568125 0.128125
5 0.86109365 0.66265625 0.0859365 0.1661865
5 0.91696865 0.65603125 0.0640625 0.1359365
5 0.95 0.646865 0.053125 0.115625
5 0.9625 0.661865 0.065 0.165625
5 0.96890625 0.66015625 0.0421865 0.1421865