2 0.18695650049096934 0.29296865 0.012645445645263954 0.025
2 0.2002211511549093 0.33359365 0.01886626502611463 0.021865
3 0.19650125351604145 0.3015625 0.012626265026114642 0.021865
3 0.1954600186413519 0.34453125 0.006866042154466666 0.009365
4 0.20392641325515666 0.36696865 0.026806939695149663 0.0421865
4 0.22383591315696183 0.303125 0.04624660462226432 0.0640625
5 0.22116036505055565 0.36015625 0.0806692526304645 0.1859365
5 0.20303606894620224 0.38661865 0.04296018052166655 0.1328125
4 0.35 0.69296865 0.168125 0.1484365
5 0.3296865 0.809365 0.21865 0.38125
