6 0.96015625 0.5634365 0.0609365 0.046865
6 0.86634365 0.596865 0.0890625 0.09365
6 0.68828125 0.5640625 0.0665625 0.028125
6 0.64609365 0.568125 0.0696865 0.05625
5 0.984365 0.60603125 0.03125 0.1140625
5 0.93046865 0.58203125 0.0265625 0.0640625
5 0.95603125 0.62568125 0.0603125 0.1515625
5 0.8634365 0.68984365 0.096865 0.2696865
5 0.81696865 0.6109365 0.0453125 0.121865
5 0.684365 0.64665625 0.068125 0.1953125
5 0.69365 0.60234365 0.053125 0.1046865
5 0.61865 0.6828125 0.128125 0.265625
5 0.59140625 0.6161865 0.0609365 0.134365