5 0.36265625 0.096865 0.4568125 0.19365
4 0.368125 0.025 0.2625 0.05
3 0.4265625 0.52109365 0.11865 0.0359365
4 0.465625 0.434365 0.29365 0.209365
5 0.39365 0.26953125 0.65 0.5390625
3 0.2069200216664141 0.5869296085328934 0.009429542154466843 0.009429542154466666
0 0.2041264011549093 0.5684211844305924 0.020448855386194252 0.023555664668035032
4 0.22190525361423626 0.6011291453011668 0.03462043969514959 0.04238648689965162
4 0.15211492838046822 0.6460649162802198 0.033185204622264314 0.06425339654066191
5 0.14664616838046823 0.6460966325369984 0.06636040944452863 0.12850669508134402
5 0.21864389822804303 0.624584826019336 0.06896131303532491 0.1442045169539809
5 0.9006691625266356 0.8151103529503063 0.02208406825883114 0.03606466502611463
