5 0.6421865 0.11328125 0.015625 0.0665625
5 0.5545612666345696 0.13695139266889816 0.048863836235821685 0.0652818011314682
3 0.543569234580102 0.12864002518245546 0.01562499394986581 0.01626840359069611
3 0.64609365 0.10390625 0.0068125 0.0203125
2 0.64609365 0.08046865 0.0068125 0.0161865
2 0.5411300358096659 0.11224641062106491 0.021964993949865808 0.01631466502611463
4 0.5538845658639951 0.15592468684843694 0.03302156825883114 0.03612839654066192
2 0.13113338696450633 0.2663569251590144 0.015660445645263864 0.02509090359069611
2 0.14852996623333656 0.3121944312091386 0.020439665026114642 0.02199316466803503
3 0.14133054459036462 0.2833290868249969 0.014189665026114642 0.02195681323161659
3 0.14546859864689488 0.3231501119262968 0.006866042154466666 0.009420451695398143
4 0.1563009682353901 0.3426131842342006 0.029932939695149663 0.042360216822512696
4 0.16554020423128502 0.28162568625926264 0.051944295081343926 0.06592498184962643
5 0.16209463126045222 0.3339330658229443 0.09692948165323566 0.18181360226293625
5 0.15819585662388534 0.3621398890546608 0.056986319085449114 0.12688965292686636
4 0.8666664991162362 0.22450301268661946 0.01418966502611463 0.02195681323161659
4 0.9612630955254412 0.2082689586292851 0.00945681323161641 0.014116042154466843
4 0.8143636556320954 0.23183868981668668 0.015652265026114632 0.02196590359069629
2 0.8642463906049809 0.20966289832623895 0.004632951695396966 0.006839661066238922
2 0.969660598550503 0.19968429908836463 0.004623861436318444 0.006266261066238922
2 0.8111613866699188 0.2185656205349459 0.006866042154466843 0.009420451695398143
5 0.8144009268093344 0.23652628981668666 0.025290891490546906 0.05014544564526368
5 0.8666664991162362 0.22450301268661946 0.02054884933606006 0.04064316466803503
5 0.9612866310640604 0.21061260862928511 0.012663626463433165 0.028196622862636888
