5 0.046865 0.01953125 0.0365 0.0390625
4 0.051260318626683656 0.02136428063336515 0.02692612666090888 0.03155908266026261
4 0.44296865 0.06328125 0.0140625 0.0609365
5 0.43828125 0.11640625 0.0234365 0.1634365
5 0.625 0.25 0.55 0.5
4 0.625 0.38203125 0.55 0.2359365
1 0.6966524425923216 0.14040299260026565 0.4554158480266261 0.202146586628169
6 0.8336541006126843 0.6331428339035954 0.009520450668363623 0.012609088001262616
5 0.8321269632696652 0.6300360152361406 0.011155666002545434 0.01886626933481808
2 0.5665656285964568 0.6556366412615029 0.006359088001262616 0.009446625334181811
5 0.5643234592616396 0.6666115039385938 0.016024989336999684 0.03455681333545435