3 0.28125 0.09359338036225699 0.1640625 0.14626698660335986
4 0.2890625 0.29365 0.4365 0.4125
5 0.30390625 0.25 0.6068125 0.5
6 0.6609365 0.23515625 0.103125 0.3828125
6 0.665 0.28203125 0.13125 0.2665625
6 0.66484365 0.14296865 0.1109365 0.1296865
2 0.65390625 0.0608308663461959 0.05625 0.030014652926866218
5 0.68203125 0.128125 0.1453125 0.18125
5 0.8140625 0.33938614852263063 0.140625 0.26638063231616553
5 0.66953125 0.25 0.1203125 0.5
3 0.32265625 0.94453125 0.1921865 0.1109365
2 0.1161865 0.8359365 0.234365 0.328125
5 0.3546865 0.65 0.609365 0.5