5 0.5453125 0.115625 0.028125 0.065
5 0.43930104660590625 0.1183565686614496 0.03989884134309048 0.06232953333863605
3 0.4296896866043164 0.10652864066016606 0.01424431333545435 0.015688632001908986
3 0.5466402553606611 0.10633893145285814 0.022093166002545435 0.01900453866963625
2 0.55068125 0.0828125 0.0161865 0.0125
2 0.43114310136854384 0.08856816210362251 0.02049431333545453 0.015861356336090696
4 0.43560388204166994 0.1362698654365861 0.028506808004454244 0.033139664003816966
4 0.54665625 0.13203125 0.0234365 0.0359365
4 0.01640625 0.1696865 0.0328125 0.0625
5 0.02109365 0.234365 0.0421865 0.168125
6 0.81865 0.0453125 0.196865 0.090625
5 0.85859365 0.1625 0.2665625 0.325
