3 0.44140625 0.4 0.1161865 0.05625
4 0.36696865 0.3328125 0.2640625 0.228125
5 0.25 0.25 0.5 0.5
1 0.90859365 0.30859365 0.1828125 0.3828125
5 0.668125 0.25 0.44365 0.5
4 0.43203125 0.690625 0.1359365 0.209365
3 0.36269480203690636 0.6053990945655956 0.06232953333863605 0.03989884134309048
3 0.0612198580124085 0.5285302486065936 0.028415901336626066 0.025326264003816962
0 0.39932038936186236 0.6433621612285502 0.1643465666662621 0.08014312802354446
5 0.284365 0.69453125 0.43125 0.4109365
5 0.065 0.66890625 0.15 0.3568125
5 0.8418464334022696 0.8192639646180931 0.015934082660262686 0.02664431333545435