5 0.16484365 0.13984365 0.3296865 0.2696865
1 0.8402661046988231 0.6812463955956644 0.12104881908544911 0.12626245664913066
1 0.5280033219141194 0.45336886605260836 0.14950106201231526 0.18366608411256366
2 0.5453125 0.31865 0.159365 0.068125
2 0.8112016412941561 0.38365022686965665 0.08464660462226431 0.06455336939029934
3 0.6610856014026146 0.46148656621562666 0.04556612041330898 0.04556612041330898
3 0.6685384600850164 0.6056848350945224 0.06858860831306061 0.0801420169539809
2 0.6665584152000652 0.5103132466605048 0.18669199365348396 0.1469566526304645
2 0.8368688630455866 0.5000110311343838 0.13363063231616552 0.14139668052166654
4 0.5865 0.84665625 0.325 0.3046865
4 0.46953125 0.60068125 0.2696865 0.5984365
4 0.809365 0.85859365 0.284365 0.2828125
5 0.940625 0.63984365 0.11865 0.6203125
5 0.8005823038619426 0.43850135939321505 0.11353630093506654 0.16866950585363253
5 0.8161865 0.60859365 0.365625 0.5828125
5 0.6421865 0.68828125 0.484365 0.6234365
5 0.48515625 0.63984365 0.3109365 0.6203125