3 0.2298012999284124 0.34921865 0.12968859468490823 0.134365
2 0.23864104260822993 0.25234365 0.11156384666409058 0.0546865
5 0.1546865 0.32421865 0.309365 0.2603125
5 0.6264206665638668 0.62421865 0.16446612006681498 0.4921865
5 0.5892110205681409 0.66640625 0.1611692120464523 0.3421865
5 0.5348240599140949 0.6634365 0.12258626136808885 0.3296865
4 0.5416466619206664 0.62421865 0.05592383068109026 0.10625
4 0.6186263452419133 0.6140625 0.058921561346262165 0.0953125
4 0.6986501999125041 0.68515625 0.08664666669318062 0.1953125
3 0.5313001652610033 0.5634365 0.022093166002545435 0.01865
3 0.5863223512492312 0.66015625 0.009520450668363623 0.0125
3 0.621089361260366 0.568125 0.022264989336999683 0.034365
0 0.524641629933185 0.5328125 0.036428396005626136 0.0421865
0 0.5931456362533663 0.6296865 0.04916465334181666 0.0625
0 0.6053921932686393 0.5161865 0.06116602266663584 0.0634365