5 0.12568125 0.13515625 0.2515625 0.2603125
5 0.5644411696962612 0.26666858509452236 0.06311128883482698 0.21291815651666226
6 0.559866389643836 0.2556121061616612 0.041060426594901204 0.06669884933606006
3 0.5466354648666052 0.21125356904439818 0.012581813231616588 0.014135222862636886
0 0.54463318462518 0.1901680096625564 0.022020445645263666 0.02512626502611463
1 0.13860589246250642 0.8655229225266356 0.13065106201231528 0.1835669998036084
3 0.11296568120913856 0.588338253810629 0.08333065046653826 0.08954428903121983
2 0.08828125 0.43515625 0.1161865 0.0921865
4 0.18046865 0.6890625 0.3359365 0.421865
5 0.165 0.69453125 0.35 0.6109365
0 0.62421865 0.46265625 0.3161865 0.1661865
3 0.6699904643866258 0.582588223560008 0.22603624043383426 0.35130901160646504
6 0.68984365 0.66161865 0.4203125 0.4665625
5 0.61865 0.69453125 0.5625 0.6109365