3 0.28898631546121166 0.38359365 0.09898292154466602 0.09365
3 0.4816424420328408 0.346865 0.11948631908544911 0.1265625
2 0.46691566048806365 0.253125 0.10496930113146821 0.0484365
2 0.3125151981811608 0.26484365 0.11446156615858265 0.0603125
4 0.4421865 0.43828125 0.29365 0.1234365
4 0.20603125 0.45603125 0.2890625 0.0859365
5 0.18984365 0.353125 0.3696865 0.29365
5 0.3453125 0.35546865 0.4865 0.2890625
2 0.25502943022616994 0.51696865 0.012636355386194254 0.0234365
2 0.2630636343836102 0.5568125 0.01886626502611464 0.021865
3 0.26289646238165664 0.52634365 0.012618164668035031 0.0203125
3 0.25666861689626644 0.56865 0.006866042154466666 0.009365
4 0.049565225406619625 0.51865 0.014235216822512642 0.0296865
4 0.06664818022616992 0.51696865 0.014216036104353466 0.0265625
4 0.26404588192438216 0.590625 0.025236349336060062 0.040625
4 0.2869236434588965 0.53203125 0.04411361436318461 0.0625
5 0.28046865 0.5865 0.0665625 0.165
5 0.2610299662333365 0.609365 0.042932909444528634 0.128125
5 0.0661865 0.5161865 0.01865 0.034365
5 0.04921865 0.51696865 0.0161865 0.0359365
4 0.8642913216195318 0.809365 0.08998062626604133 0.1568125
4 0.95 0.95603125 0.1 0.0859365
3 0.8514413426949666 0.64921865 0.026698849336060064 0.040625
3 0.9326191346530525 0.88828125 0.01585225896699054 0.0390625
2 0.9596310926966606 0.8140625 0.06244669262201593 0.0984365
2 0.8549603428931623 0.684365 0.04406625292686635 0.05625
5 0.8568125 0.82634365 0.10625 0.3453125
5 0.93046865 0.88046865 0.1390625 0.2390625
