3 0.39296865 0.45546865 0.1015625 0.0661865
3 0.18828125 0.42421865 0.1234365 0.1296865
2 0.20664841315696168 0.3256328156666035 0.11121930113146812 0.04908291549465282
2 0.3621688640265463 0.344665143630043 0.11916815651666229 0.06256586629005096
5 0.2859365 0.3890625 0.561865 0.2
0 0.6919915363989411 0.14611641539645698 0.16559086334016515 0.10258062021691623
4 0.66161865 0.3634365 0.1640625 0.23125
5 0.91640625 0.33046865 0.1661865 0.3161865
5 0.61328125 0.28661865 0.2661865 0.4046865
3 0.619548388956465 0.24493629185989008 0.06369202400410509 0.06136464686664198
0 0.50390625 0.53984365 0.1515625 0.1015625
0 0.521865 0.5984365 0.115625 0.134365
0 0.05625 0.628125 0.1125 0.196865
0 0.45235065683569115 0.6663690803019346 0.1661635659621911 0.20101812021691615
0 0.084365 0.92890625 0.15 0.1421865
0 0.425 0.9328125 0.20625 0.134365
5 0.328125 0.51640625 0.23125 0.0546865
2 0.5609365 0.86015625 0.0365 0.1296865
3 0.54062693462518 0.8958559806694628 0.029951120413308985 0.0454852168225126
0 0.06634365 0.821865 0.1546865 0.128125
4 0.06602006099222139 0.6353345536636468 0.10385222862636941 0.12559996369925486
4 0.21306099685860066 0.8150406553626531 0.16690686314368348 0.23226621056599666
2 0.2045859434065828 0.6602986132082654 0.10360668298109545 0.10059996369925486
3 0.2839189194034666 0.6216998215213359 0.040896610662388504 0.046111349336060064
5 0.4828125 0.60234365 0.19365 0.2265625
4 0.4456245486955812 0.5634163685065366 0.06648961662612103 0.1598204265949012
4 0.55625 0.6625 0.046865 0.190625
4 0.16421865 0.96696865 0.1296865 0.0640625
5 0.146865 0.92890625 0.29365 0.1421865
5 0.0665625 0.60390625 0.153125 0.2603125
5 0.2305302989901688 0.6666032493126289 0.3316601018601529 0.3581680656656994
5 0.54609365 0.89609365 0.0661865 0.2068125
5 0.4523553020152309 0.6665868303019346 0.16306492639850955 0.20624993949865808
5 0.52109365 0.60068125 0.1161865 0.3484365
