3 0.1254116605628184 0.4992944554096354 0.1660544816532356 0.18226812021691613
4 0.06421865 0.55234365 0.1484365 0.0953125
2 0.41161865 0.39921865 0.3359365 0.3265625
5 0.28984365 0.3140625 0.5696865 0.561865
0 0.81484365 0.06865 0.1828125 0.1365
2 0.99453125 0.3 0.0109365 0.009365
4 0.9921865 0.3390625 0.015625 0.0365
4 0.990625 0.3515625 0.01865 0.11865
6 0.85 0.409365 0.3 0.38125
3 0.8169648568220811 0.2230905036124332 0.10368860226293633 0.09646496369925486
5 0.68984365 0.3 0.4203125 0.6
5 0.68661865 0.60546865 0.2140625 0.2109365
5 0.815625 0.8 0.36865 0.4
5 0.93661865 0.6359365 0.1265625 0.261865