3 0.1421865 0.39250356904439814 0.0161865 0.01628649394986581
2 0.1421865 0.3556848290443982 0.025 0.018895445645263666
4 0.14453125 0.4588961935056686 0.059365 0.1096204336450254
5 0.14665625 0.5080966626866195 0.084365 0.33016836939029915
1 0.365625 0.93661865 0.146865 0.1265625
2 0.35625 0.84609365 0.159365 0.0328125
2 0.06109365 0.8832518196628201 0.0859365 0.06299996964936905
3 0.10859365 0.96634365 0.0453125 0.0453125
2 0.20390625 0.9634365 0.1890625 0.053125
2 0.0515625 0.96640625 0.103125 0.0661865
5 0.06634365 0.92421865 0.1109365 0.1515625
5 0.10390625 0.9625 0.2068125 0.065
5 0.225 0.94609365 0.45 0.1068125
5 0.3568125 0.91484365 0.184365 0.1603125
4 0.51865 0.91484365 0.1365 0.1603125
5 0.584365 0.91484365 0.26865 0.1603125