6 0.4986498666249963 0.30908619203284066 0.1202601453691802 0.26464426693096125
6 0.6365 0.36484365 0.1125 0.2484365
3 0.6618038500556693 0.2905048845566608 0.025681696342454026 0.06633294564526396
3 0.4463044506081344 0.18456655054229294 0.033356940006363405 0.04606589654066192
0 0.4461665433640895 0.10566484562183269 0.06431020401018136 0.06542624686664199
0 0.6494214813812605 0.23340545686356365 0.06056496801399935 0.10346043364502558
5 0.6109365 0.33203125 0.1865 0.3140625
5 0.509365 0.265 0.23125 0.428125
0 0.41806348806490606 0.515680583916162 0.09266930266345418 0.05053633118569649
0 0.6161865 0.5109365 0.06865 0.04365
0 0.4890214254056694 0.5615584000646548 0.03696261466218159 0.04084316861691084
3 0.6339965606351686 0.5434965534691592 0.028396620003181603 0.023601126463433164
3 0.466894142643451 0.6035169262021168 0.023610220003181602 0.023563855386194255
3 0.41684643340226956 0.5453589935560923 0.05032626400381696 0.028415891490546906
6 0.3859365 0.65234365 0.1125 0.1265625
4 0.4602066294159506 0.6463856832522421 0.06686020934118149 0.058203385440423615
4 0.6441906306446236 0.6138645956236368 0.10301600668363552 0.12559086334016516
5 0.85390625 0.63203125 0.2921865 0.2859365
5 0.44140625 0.634365 0.2234365 0.290625
5 0.4582895934118145 0.6159068428931624 0.09691245635199913 0.13805451190385654
5 0.615625 0.6661865 0.196865 0.35625