3 0.29593613036225805 0.1648066408031666 0.01628649394986581 0.01628649394986581
2 0.3008291634515494 0.13966666188041555 0.02511816466803503 0.020456945645263665
4 0.290086585290914 0.24039982454639802 0.0615638251355633 0.1096295240041051
5 0.2866696841594459 0.2888191438282388 0.09096238504664002 0.32608065046653826
2 0.5542228499252453 0.06369306566569933 0.012645445645263665 0.025062622862636965
2 0.5610166505891651 0.11445896238165663 0.01886626502611463 0.02198408430895533
3 0.5619808066606665 0.0832135165611964 0.012626265026114631 0.02194662286263689
3 0.5554853680656169 0.12536465612486896 0.006866042154466666 0.009420451695398143
4 0.5608223068689634 0.14805262238165662 0.026806939695149664 0.04234203610435348
4 0.5866346866935286 0.0880510084860111 0.04624660462226432 0.0643352106623885
5 0.5688228641256421 0.1426885115110632 0.08231356201231529 0.18328519866214013
5 0.5583649283804683 0.16656033684303818 0.04606699980360816 0.12995112041330896
5 0.2296865 0.8015625 0.459365 0.396865
1 0.3296865 0.9421865 0.259365 0.115625
2 0.32890625 0.690625 0.2609365 0.168125
