5 0.2828125 0.15 0.484365 0.3
4 0.2898584263003136 0.11364158995068409 0.2806510620123153 0.18606695860463463
3 0.2655141261688455 0.06546662195259312 0.16454428903121963 0.08462154002226165
5 0.3 0.16484365 0.6 0.2603125
0 0.3081913125443455 0.46585659256641325 0.05811248184962643 0.05223520934118149
5 0.3231536580932266 0.6303814605645043 0.19123509582002854 0.3656364413589988
5 0.46386166433964364 0.4816428612205961 0.02210225896699054 0.039316038669636165
5 0.526146426005626 0.46096654654682366 0.026826120413308986 0.04562158266026261
5 0.5890625 0.4568125 0.021865 0.053125
3 0.29901165526455636 0.509560430566686 0.031395445645263664 0.025363626660909058
4 0.33368218588452063 0.5661291912396862 0.10231699980360816 0.1308692866804538