5 0.21015625 0.21015625 0.4203125 0.4203125
6 0.29921865 0.6546865 0.4609365 0.490625
5 0.30625 0.6546865 0.446865 0.490625
5 0.6421865 0.61328125 0.203125 0.4068125
5 0.6648464046609506 0.6218266064292966 0.18951805961566523 0.3469658430895542
5 0.8359365 0.65390625 0.140625 0.2890625
4 0.8350132659108663 0.5862355410643232 0.06000223466649343 0.10815693364502539
4 0.650151931600118 0.6693384116840239 0.06463519262201593 0.09881020462226432
4 0.6636939646694093 0.6336366340891226 0.09645688524403186 0.1964295119038566
3 0.8493666564014253 0.5363163543060398 0.021993164668035208 0.020439665026114633
3 0.6863939586292851 0.616203639942855 0.011010222862636888 0.012563632513556365
3 0.659365 0.5265625 0.021865 0.034365
0 0.6826649606313368 0.5866122640451561 0.05349660462226441 0.06436156220860696