4 0.3502642634149299 0.3421865 0.212555583916162 0.268125
2 0.11015625 0.321865 0.2203125 0.3
3 0.23813334259856466 0.40390625 0.06160109621281222 0.1140625
5 0.29453125 0.30859365 0.5890625 0.3609365
0 0.921865 0.86865 0.15625 0.103125
0 0.95546865 0.66421865 0.0890625 0.1109365
3 0.9604322363105665 0.603125 0.05021816861691066 0.0365
3 0.8943929538385016 0.92634365 0.03459316861691102 0.0365
4 0.9640625 0.80625 0.061865 0.228125
4 0.91015625 0.9625 0.1696865 0.065
5 0.93515625 0.8068125 0.1296865 0.384365
5 0.8453125 0.90546865 0.309365 0.1890625