3 0.2938846926436529 0.2125 0.09554884933606006 0.040625
2 0.33162113602959864 0.1546865 0.12529998184962643 0.0515625
4 0.28940130494209615 0.31161865 0.24496810811666865 0.209365
5 0.31484365 0.446865 0.6296865 0.665625
0 0.6684264435056686 0.36640625 0.01629658430895533 0.01865
3 0.6659518832991242 0.3890625 0.011028403590696288 0.015625
6 0.6695018953993626 0.4234365 0.033166024004105095 0.0609365
5 0.6602922356584523 0.421865 0.04663859016268686 0.13125
3 0.1361813660526083 0.8609365 0.023555664668035032 0.0203125
2 0.13641662638866833 0.8203125 0.0366626168225126 0.0296865
2 0.3140625 0.83125 0.209365 0.103125
5 0.4416955688480063 0.853125 0.06943166693096126 0.1161865
5 0.13359365 0.9 0.1515625 0.2
5 0.3234365 0.88984365 0.646865 0.2203125
4 0.1415410426436529 0.8696865 0.06653293364502548 0.059365
