4 0.45068125 0.36634365 0.1161865 0.2421865
5 0.29609365 0.353125 0.4265625 0.29365
2 0.8211552989901689 0.16961613323523166 0.022020445645263666 0.025254538669636162
3 0.8161081484244346 0.19398033656909544 0.01562499394986581 0.01636931333545435
4 0.815326469806524 0.2314985169026408 0.02844316256668683 0.055014664003816964
5 0.804316256933886 0.24412568623645886 0.06508062021691614 0.1656454346653633
5 0.21015625 0.65 0.4203125 0.5
4 0.15234365 0.9453125 0.2665625 0.109365
3 0.13996650098195869 0.8425831105983669 0.13355690944452864 0.12966041335136286
2 0.1546865 0.5625 0.16865 0.125
1 0.63046865 0.6603125 0.2421865 0.340625
4 0.6546865 0.8515625 0.490625 0.296865
5 0.6546865 0.65 0.490625 0.5