4 0.12586461524694649 0.15546865 0.12302038524403186 0.196865
4 0.26998085314669906 0.12109365 0.1403169695529862 0.215625
4 0.54296865 0.096865 0.0921865 0.19365
3 0.11402003064160039 0.04453125 0.05499656220860695 0.053125
3 0.31161865 0.01015625 0.0390625 0.0203125
5 0.45603125 0.16634365 0.2640625 0.3546865
5 0.30234365 0.23203125 0.2359365 0.4640625
5 0.13515625 0.24296865 0.2603125 0.4859365
5 0.034365 0.31015625 0.06865 0.5390625
0 0.6538628611006699 0.25390625 0.0628454336450254 0.059365
3 0.6613616536124332 0.3068125 0.028306806181592396 0.03125
6 0.6982626996540988 0.4125 0.1324661984656483 0.2109365
6 0.61015625 0.409365 0.0421865 0.196865
5 0.625 0.39609365 0.061865 0.3661865
5 0.69609365 0.396865 0.1859365 0.365625
5 0.66568125 0.68984365 0.3634365 0.4203125