3 0.22890625 0.54453125 0.4568125 0.2296865
2 0.2546865 0.1984365 0.509365 0.365625
4 0.334365 0.54665625 0.66865 0.2234365
5 0.334365 0.33125 0.66865 0.65625
6 0.84296865 0.10234365 0.3140625 0.2046865
6 0.834365 0.09365 0.33125 0.1865
5 0.603125 0.10068125 0.06865 0.2015625
5 0.834365 0.29453125 0.33125 0.5890625
0 0.59453125 0.96015625 0.0859365 0.0696865
2 0.0296865 0.92109365 0.059365 0.1453125
2 0.23359365 0.66865 0.0634365 0.01865
2 0.3996294620321349 0.6424264536403056 0.042496582660262606 0.026806939695149586
3 0.39839423603595286 0.6605423633812261 0.0252363563360908 0.020456945645263665
3 0.23365902669466148 0.6116653656668662 0.04264203333863605 0.039306939695149584
3 0.05625 0.6634365 0.05625 0.028125
4 0.0640625 0.66265625 0.128125 0.1984365
4 0.21068569804263443 0.8186656251121321 0.14682152402926143 0.21646040339440443
4 0.38160662260845263 0.8134111194313502 0.08360338534362665 0.06604428903121965
5 0.3696865 0.859365 0.140625 0.28125
5 0.509365 0.94921865 0.259365 0.1015625
5 0.2046865 0.8296865 0.240625 0.340625
5 0.08359365 0.8296865 0.1661865 0.340625
