4 0.3661865 0.296865 0.084365 0.24365
3 0.4 0.1296865 0.01865 0.05625
2 0.39609365 0.0359365 0.0265625 0.065625
5 0.3603125 0.209365 0.068125 0.41865
0 0.021963355306136555 0.46328125 0.026962489336999684 0.034365
0 0.3020684686362286 0.49453125 0.025436352005090514 0.0365
6 0.29343862695991094 0.565625 0.036955654668545 0.0865
3 0.3009426926320925 0.525 0.011101132001908986 0.0140625
5 0.29288419628666484 0.61328125 0.05469866636108918 0.268125
3 0.020819386969455948 0.4953125 0.011119313335454439 0.015625
6 0.01696865 0.55 0.0359365 0.115625
5 0.02265625 0.58828125 0.0453125 0.2859365
4 0.509365 0.9140625 0.11865 0.161865
4 0.6640625 0.9125 0.11865 0.165
4 0.84296865 0.9125 0.0984365 0.165
4 0.96865 0.9 0.0625 0.196865
2 0.8461910106222292 0.61640625 0.06113066000954511 0.0603125
3 0.5145319306164568 0.6515625 0.0442226146621816 0.040625
3 0.8466989932665936 0.80603125 0.04640225866281686 0.0453125
5 0.96161865 0.859365 0.0665625 0.28125
5 0.80859365 0.8365 0.2696865 0.325
5 0.628125 0.89453125 0.228125 0.2109365
5 0.5015625 0.859365 0.184365 0.28125