4 0.409365 0.09665625 0.1365 0.1953125
4 0.21328125 0.096865 0.1161865 0.19365
4 0.05603125 0.09609365 0.1140625 0.1921865
5 0.0603125 0.19453125 0.140625 0.3890625
5 0.253125 0.19453125 0.334365 0.3890625
5 0.42890625 0.19453125 0.2203125 0.3890625
5 0.5068125 0.19453125 0.0625 0.3890625
6 0.8634365 0.19453125 0.253125 0.3890625
5 0.86484365 0.19453125 0.2603125 0.3890625
3 0.81865 0.85859365 0.3625 0.2828125
2 0.80546865 0.49609365 0.3890625 0.2140625
4 0.66953125 0.928125 0.4609365 0.14365
5 0.66953125 0.69453125 0.4609365 0.6109365