5 0.5622066886149951 0.2818938528521115 0.011101126463433165 0.028188632513556365
0 0.6265636133812261 0.23698080666066658 0.004605680618159222 0.0031522610662389216
5 0.6266190651666241 0.24469330666066658 0.009493164668035032 0.020366042154466842
6 0.5265099808666688 0.22662509065186305 0.006304542154466666 0.009411361436318443
5 0.5266514566653668 0.2305358859314029 0.009502265026114632 0.021929542154466666
6 0.9113309898446591 0.2634559065968169 0.009446622862636889 0.012554542154466844
5 0.9113809868195962 0.2620496565968169 0.014298849336060063 0.040606813231616585
6 0.8466362306694628 0.2896144064996211 0.006885222862636886 0.012545451695398144
5 0.8458866960262515 0.2950866026691609 0.011110216822512698 0.029651132513556366
6 0.6685531363853312 0.2961001654536019 0.004642042154466844 0.009402261066238922
5 0.6666809666444108 0.29866622063314183 0.006930664668035032 0.020356951695396965
1 0.13661865 0.60603125 0.2634365 0.3068125
2 0.1265625 0.4140625 0.253125 0.190625
4 0.13984365 0.88359365 0.2696865 0.2328125
5 0.13984365 0.659365 0.2696865 0.68125
