4 0.1453125 0.31328125 0.115625 0.0515625
4 0.3068125 0.30546865 0.13125 0.0661865
2 0.15821545833650158 0.16369813182618625 0.0801511083130606 0.08015110831306052
3 0.1553035608940255 0.2614406462865668 0.05498648184962643 0.05188066256668646
3 0.3646649193052819 0.25681510440423555 0.03935339149054663 0.05022625896699054
5 0.3203125 0.2609365 0.209365 0.15625
5 0.13515625 0.228125 0.2603125 0.221865
5 0.8921865 0.28828125 0.215625 0.1015625
2 0.19492109366862928 0.48196566661113844 0.01884999394986581 0.01629658430895533
3 0.19466110265391568 0.5066469266111384 0.01562499394986581 0.016268403590696288
6 0.16269611485416406 0.5419946616840239 0.022265885440423536 0.06631466502611463
5 0.18351544018612903 0.5623606941965812 0.09324198165323558 0.18168633118569648