3 0.33515625 0.4109365 0.2661865 0.196865
2 0.3603125 0.15546865 0.196865 0.3109365
4 0.234365 0.39365 0.46865 0.23125
5 0.234365 0.2546865 0.46865 0.509365
5 0.5921865 0.3953125 0.2 0.228125
4 0.49609365 0.46265625 0.0546865 0.0634365
4 0.56568125 0.4453125 0.0953125 0.128125
3 0.4681452642415466 0.42516365858420603 0.011010222862636888 0.012563632513556365
3 0.6246839149054666 0.385403252336691 0.022064986899651618 0.03450226502611463
0 0.49296865 0.39665625 0.0484365 0.0640625
0 0.6259863456218328 0.32369359269666066 0.06386383623582168 0.06542624686664215
1 0.44365 0.54665625 0.05 0.0665625
1 0.13661865 0.5484365 0.1296865 0.068125
4 0.32109365 0.80234365 0.2953125 0.3953125
4 0.11161865 0.66890625 0.2234365 0.4421865
5 0.26696865 0.6546865 0.4015625 0.490625
5 0.140625 0.6546865 0.28125 0.490625
6 0.8166521500646548 0.8166350655694066 0.033048849336060066 0.04081589654066201
5 0.8160660145361353 0.8143822252103281 0.03669089149054691 0.05021816861691065