3 0.30859365 0.521865 0.5546865 0.25625
2 0.29296865 0.13515625 0.5859365 0.2603125
4 0.31696865 0.52421865 0.5421865 0.2515625
5 0.29453125 0.325 0.5890625 0.65
5 0.2594830425462612 0.6909664404806166 0.022065896540661918 0.03293966502611463
6 0.625 0.684365 0.061865 0.06865
6 0.6603125 0.66484365 0.059365 0.0296865
6 0.61328125 0.68046865 0.0634365 0.0609365
6 0.8140625 0.665 0.084365 0.05
6 0.8953125 0.66484365 0.068125 0.0296865
5 0.98125 0.6661865 0.0365 0.234365
5 0.94609365 0.6484365 0.0634365 0.196865
5 0.8984365 0.66161865 0.096865 0.2234365
5 0.8546865 0.64453125 0.0625 0.1890625
5 0.8068125 0.66865 0.096865 0.2365
5 0.6625 0.65068125 0.059365 0.2015625
5 0.61696865 0.66109365 0.0890625 0.2421865
5 0.66953125 0.65625 0.0640625 0.2125
5 0.63661865 0.6453125 0.0515625 0.190625
5 0.62568125 0.661865 0.0634365 0.24365
5 0.609365 0.659365 0.040625 0.21865