4 0.33359365 0.10234365 0.1421865 0.2046865
5 0.353125 0.23203125 0.265625 0.4640625
5 0.46421865 0.38203125 0.4890625 0.2953125
3 0.5864355289640648 0.386144636483526 0.03810905405833438 0.10490566861691084
2 0.66015625 0.35603125 0.1161865 0.2453125
4 0.98046865 0.261865 0.0390625 0.16865
4 0.8964584061248689 0.3149681646108901 0.1183601563212608 0.20224426693096136
4 0.63515625 0.31161865 0.0328125 0.3265625
0 0.69296865 0.515625 0.0484365 0.028125
5 0.900196484481906 0.2860946405085891 0.13293161642962936 0.28982609016268684
5 0.65859365 0.2390625 0.0696865 0.468125
1 0.98661865 0.16890625 0.0265625 0.0359365
1 0.8848982165269251 0.20688328209633268 0.040861349336060066 0.040861349336060066
2 0.8663880086805986 0.15231453814645696 0.04389544564526368 0.025254530054229285
2 0.9828125 0.11953125 0.034365 0.0265625
6 0.61328125 0.60625 0.0634365 0.153125
6 0.428125 0.66161865 0.115625 0.2640625
5 0.4390625 0.66484365 0.159365 0.4603125
5 0.6265625 0.659365 0.1125 0.459365
