3 0.066293292645456 0.14296865 0.09642042154466601 0.09365
2 0.12891429859638536 0.0953125 0.0928238251355633 0.109365
4 0.0568125 0.2665625 0.115625 0.246865
5 0.08984365 0.203125 0.1696865 0.39365
3 0.9606041332009285 0.31015625 0.0314045361043533 0.0265625
3 0.9240626512531052 0.296865 0.02512626502611463 0.021865
3 0.8630342466623089 0.3125 0.025136355386194253 0.0234365
3 0.8539365036142362 0.26484365 0.020439665026114633 0.021865
3 0.8155643500234412 0.28046865 0.023563855386194255 0.0234365
3 0.665298419206086 0.21865 0.028261355386194252 0.0234365
3 0.6660995689462023 0.28515625 0.025136355386194253 0.0234365
3 0.6034506902843249 0.2140625 0.023564665026114632 0.021865
3 0.6030688952029809 0.2696865 0.026606945645263954 0.025
3 0.6642245638208918 0.2421865 0.025145445645263666 0.025
3 0.5988950004909693 0.19140625 0.026616036104353466 0.0265625
3 0.4296865 0.20234365 0.021865 0.0265625
3 0.46285922043665005 0.23515625 0.029851126463433166 0.028125
3 0.5463466164116868 0.2265625 0.031404536104353464 0.0265625
3 0.6258296843323965 0.26161865 0.028288626463433165 0.028125
0 0.43661865 0.1568125 0.0359365 0.046865
0 0.4668148860295986 0.1890625 0.05342498184962643 0.0515625
0 0.5536188619262968 0.18515625 0.04556612041330881 0.0453125
0 0.6069346594669698 0.15234365 0.03663634933606006 0.040625
0 0.6362622806434045 0.2125 0.04556612041330898 0.0453125
0 0.6622596666183423 0.20390625 0.039316030054229284 0.04365
0 0.6083381681840665 0.1696865 0.03615566861691084 0.0365
0 0.6103501300666604 0.23661865 0.04400453005422946 0.04365
0 0.682543292645456 0.18203125 0.03928066861691084 0.0365
0 0.6666926465641131 0.24665625 0.042451120413308986 0.0453125
0 0.821251268641352 0.24296865 0.040860439695149585 0.0421865
0 0.8650866260526083 0.228125 0.039298849336060064 0.040625
0 0.8649984363564586 0.2603125 0.04558521066238851 0.046865
0 0.9321251361266946 0.25390625 0.04399543969514959 0.0421865
0 0.9611194584346965 0.265625 0.05029998184962643 0.0515625
6 0.4365 0.2568125 0.0365 0.084365
6 0.461865 0.3140625 0.10625 0.161865
6 0.5326064042681662 0.30546865 0.12596266842151916 0.1661865
6 0.5869399011549092 0.23203125 0.06915906615858266 0.0603125
6 0.60603125 0.32568125 0.1296865 0.1484365
6 0.6890625 0.3421865 0.1 0.115625
6 0.662489346998369 0.261865 0.05351588544042354 0.0661865
6 0.6061115005891652 0.25625 0.06224660462226431 0.0640625
6 0.664064562896068 0.26696865 0.08805451190385663 0.0953125
6 0.65625 0.34665625 0.1 0.1046865
6 0.8068125 0.34921865 0.065 0.1015625
6 0.8420166656144856 0.29921865 0.03303965896699054 0.0390625
6 0.8484365 0.35546865 0.1125 0.0890625
6 0.9166814163684156 0.33984365 0.06299086939029953 0.084365
6 0.93828125 0.3546865 0.1234365 0.090625
6 0.965 0.35546865 0.05 0.0890625
5 0.44365 0.265625 0.05 0.26865
5 0.48203125 0.26634365 0.1265625 0.2453125
5 0.5161865 0.2665625 0.184365 0.246865
5 0.56640625 0.265625 0.1390625 0.26865
5 0.5921865 0.290625 0.1865 0.21865
5 0.63828125 0.2890625 0.1359365 0.221865
5 0.6603125 0.28046865 0.115625 0.2390625
5 0.66265625 0.30546865 0.1634365 0.1890625
5 0.64453125 0.26890625 0.1568125 0.2421865
5 0.640625 0.31015625 0.153125 0.1696865
5 0.6859365 0.31015625 0.1365 0.1696865
5 0.82421865 0.30234365 0.1265625 0.1953125
5 0.8296865 0.3203125 0.168125 0.159365
5 0.89140625 0.3125 0.1359365 0.165
5 0.90859365 0.315625 0.1828125 0.16865
5 0.94921865 0.315625 0.1015625 0.16865
6 0.21116631099222134 0.66484365 0.1501555668660468 0.2953125
6 0.08629844945660601 0.60625 0.09013516236139489 0.184365
0 0.24369896126336685 0.44609365 0.06613406010845856 0.0865
0 0.12951828659533282 0.46640625 0.02996021066238851 0.046865
5 0.06568125 0.69609365 0.1515625 0.5568125
5 0.16109365 0.6 0.3421865 0.6
6 0.5640336662802199 0.8 0.20356236899651584 0.34365
3 0.5618421419815262 0.66640625 0.04620225292686635 0.05625
0 0.5818216508603216 0.5625 0.11500689634428025 0.1625
5 0.59365 0.63515625 0.35 0.5296865