4 0.3568125 0.34609365 0.14365 0.1265625
4 0.18203125 0.365625 0.1328125 0.0865
4 0.0515625 0.36953125 0.103125 0.0696865
2 0.14682680995386582 0.2246143569328666 0.08535669201145392 0.085356692011454
3 0.16138820194145625 0.31593869459641225 0.05844884666409058 0.055360209341181486
5 0.22265625 0.268125 0.3859365 0.2625
5 0.56109365 0.1609365 0.2828125 0.321865
0 0.340625 0.42421865 0.10625 0.0296865
0 0.22634365 0.4421865 0.0984365 0.065625
0 0.2903222612842295 0.5048552965865946 0.033212489336999686 0.03465680800445424
0 0.19569102128422948 0.5059552662660941 0.039535214662181594 0.04106953333863605
0 0.1440285266152296 0.5236426512630936 0.041134066339262324 0.0442226146621816
0 0.01484365 0.55068125 0.0296865 0.0421865
3 0.02233469260822996 0.5666143046228656 0.011136494668999891 0.01631466933481808
3 0.15306616194463895 0.552539913261821 0.018986356336090696 0.020530666002545434
3 0.35640180462286564 0.46502918056668594 0.053624984006999665 0.05218066534054522
3 0.24026662628359322 0.5101245992600488 0.04645680266345413 0.05054544000636341
5 0.021865 0.665 0.04365 0.23125
5 0.04365 0.69140625 0.0865 0.3234365
5 0.01696865 0.690625 0.0359365 0.28125
5 0.1611240252625942 0.6656120652605483 0.12106012404516966 0.33416610001590836
5 0.20414631926323046 0.6605245885980486 0.14624193638063412 0.3500920013526355
5 0.2918484086161386 0.5069621152530491 0.038063621339908664 0.04886385200509069
5 0.346865 0.6046865 0.165625 0.590625
5 0.26265625 0.6046865 0.3140625 0.590625
6 0.02890625 0.6359365 0.0568125 0.13125
6 0.15234900926959388 0.614258663261821 0.06864200668363551 0.12568169634245404
6 0.2624865305935943 0.6816166885900945 0.24188160138445209 0.3693260626989066
6 0.19108469260822991 0.5646506205999566 0.06291133601209036 0.08989884134309048
6 0.3609365 0.5984365 0.1365 0.359365
6 0.8109365 0.6046865 0.368125 0.590625
5 0.68125 0.6046865 0.4365 0.590625