3 0.38515625 0.2640625 0.0661865 0.09365
2 0.40546865 0.2 0.0265625 0.109365
4 0.36865 0.33661865 0.1 0.1046865
5 0.32109365 0.26484365 0.1953125 0.2484365
3 0.5625 0.0390625 0.05625 0.068125
6 0.56865 0.2046865 0.253125 0.36865
5 0.56421865 0.19453125 0.3109365 0.3890625
1 0.18661865 0.90625 0.3634365 0.1865
2 0.16328125 0.6661865 0.3265625 0.34365
5 0.209365 0.6203125 0.41865 0.559365
3 0.83661865 0.43828125 0.1265625 0.0984365
4 0.85234365 0.6234365 0.2953125 0.553125
5 0.6828125 0.69453125 0.434365 0.6109365