5 0.94665625 0.584365 0.1046865 0.26865
1 0.1865 0.628125 0.034365 0.01865
4 0.25390625 0.66568125 0.1203125 0.1140625
5 0.2109365 0.84665625 0.265 0.2568125
5 0.44665625 0.859365 0.4234365 0.28125
1 0.86568125 0.6265625 0.0603125 0.015625
1 0.8406148668692261 0.84365 0.06693520462226431 0.0640625
1 0.83661865 0.98828125 0.0661865 0.0234365
2 0.961865 0.968125 0.05625 0.04365
2 0.8448569402843248 0.9203125 0.08164996569950324 0.06865
2 0.8666682462695255 0.659365 0.09634669866214013 0.08125
4 0.60234365 0.80625 0.0859365 0.165
4 0.9198120093696639 0.69365 0.06803290339440445 0.1453125
4 0.965625 0.93984365 0.06865 0.1203125
5 0.628125 0.828125 0.1365 0.21865
5 0.69453125 0.9359365 0.2661865 0.128125
5 0.815625 0.859365 0.296865 0.28125
5 0.86265625 0.825 0.2359365 0.2125
5 0.890625 0.65234365 0.21865 0.0661865
5 0.95546865 0.865 0.0890625 0.25