6 0.142800639258458 0.546081666103922 0.02231135200509069 0.036626265026114634
6 0.03664435331695525 0.10615955668880888 0.019222614662181596 0.04063408430895542
4 0.026359194621264685 0.3282068549934108 0.020666033338636054 0.03918066466803503
0 0.02696693395926456 0.293828309813861 0.014361582660262609 0.026644313231616586
5 0.03592631464831904 0.12902546642962929 0.03655563868554459 0.13926156825883124
5 0.02565124395291125 0.34069866463433124 0.0420695066836356 0.12523634933606006
5 0.13966664592618518 0.5382509963856626 0.031959062008262395 0.0611193061815924
4 0.31953125 0.8953125 0.6390625 0.209365
1 0.2828125 0.6634365 0.546865 0.146865
5 0.31953125 0.8 0.6390625 0.4
5 0.9403655352482666 0.8291315682016862 0.016605660661545326 0.03603649394986581
5 0.9265625 0.6161865 0.025 0.034365
4 0.9161865 0.6068125 0.009365 0.015625
4 0.9386303099140949 0.8353624668426066 0.011101132001909163 0.014126132513556366
2 0.9421006569169582 0.8142969085606659 0.009446625334181811 0.006304542154466488
