4 0.6 0.5568125 0.6 0.1625
1 0.6040305324901162 0.3446382506855669 0.5553339562563463 0.3829054861141846
2 0.6640288942210222 0.15652516242853983 0.41464426693096126 0.11959644515609869
5 0.6 0.34453125 0.6 0.5890625
5 0.165 0.88359365 0.190625 0.2328125
5 0.0661865 0.94365 0.134365 0.1125
5 0.025 0.90390625 0.05 0.1921865
4 0.0068125 0.92265625 0.015625 0.1046865
4 0.06696865 0.96890625 0.0609365 0.0421865
4 0.14365 0.9365 0.09365 0.125
3 0.035531038245652805 0.9558616083365016 0.011010222862636888 0.012563632513556365
3 0.16002196813619424 0.8666444696101321 0.022065896540661918 0.03293966502611463
0 0.03846866624360026 0.9253846666183424 0.050363614363184696 0.06269089149054655
0 0.1409310896616086 0.8091598139190865 0.06230224686664216 0.06385565651666238
1 0.5890625 0.9234365 0.128125 0.153125
3 0.5161865 0.665 0.08125 0.061865
4 0.56696865 0.83046865 0.3161865 0.3390625
5 0.59609365 0.81953125 0.3921865 0.3609365