5 0.33336245609600644 0.2953125 0.04629315651666246 0.061865
2 0.32623608558550166 0.26568125 0.028288626463433088 0.028125
4 0.1328125 0.88661865 0.234365 0.2265625
5 0.125 0.625 0.25 0.55
5 0.60859365 0.8068125 0.1661865 0.384365
5 0.64665625 0.85 0.1640625 0.3
5 0.6818609948336386 0.66640625 0.11590684289316244 0.3161865
4 0.6664950600664066 0.621865 0.052162463699254855 0.103125
4 0.6104445360863122 0.821865 0.056686331185696494 0.0921865
4 0.6292626146694093 0.81015625 0.08234993344863363 0.1890625
3 0.6665662115569555 0.661865 0.020421584308955333 0.01865
3 0.6303121303622581 0.6640625 0.009446622862636889 0.0125
3 0.5884155218628058 0.6140625 0.02050339654066192 0.0328125
0 0.6654552656144856 0.63203125 0.03461134933606006 0.040625
0 0.6186469164666115 0.6365 0.04622952400410509 0.0609365
0 0.5911136958669108 0.653125 0.06915906615858266 0.0603125