6 0.69365 0.1546865 0.4125 0.309365
5 0.6921865 0.1546865 0.415625 0.309365
0 0.0859365 0.4296865 0.0161865 0.028125
6 0.05603125 0.4640625 0.0453125 0.0661865
5 0.06328125 0.496865 0.065625 0.1661865
5 0.009365 0.56568125 0.01865 0.2421865
6 0.4328125 0.668125 0.028125 0.303125
6 0.61640625 0.603125 0.0359365 0.0984365
6 0.56421865 0.634365 0.0625 0.1296865
6 0.65390625 0.63203125 0.053125 0.11865
6 0.69921865 0.6328125 0.0359365 0.096865
6 0.62568125 0.6828125 0.065625 0.1661865
6 0.665 0.60390625 0.040625 0.0921865
6 0.80234365 0.684365 0.0640625 0.1203125
6 0.83515625 0.640625 0.025 0.065
6 0.88359365 0.60068125 0.0921865 0.184365
6 0.93828125 0.640625 0.034365 0.1015625
6 0.965625 0.66953125 0.06865 0.1234365
0 0.96109365 0.5640625 0.03125 0.034365
0 0.953125 0.55546865 0.025 0.0296865
0 0.90068125 0.5625 0.0453125 0.0453125
0 0.83125 0.56634365 0.0161865 0.025
0 0.81015625 0.56696865 0.0328125 0.0365
0 0.80068125 0.54665625 0.01865 0.0140625
0 0.66568125 0.52634365 0.0234365 0.025
0 0.6421865 0.54296865 0.0421865 0.04365
0 0.61484365 0.55625 0.015625 0.0203125
0 0.65234365 0.53515625 0.0328125 0.0328125
0 0.59296865 0.52109365 0.015625 0.0161865
0 0.5828125 0.52634365 0.034365 0.0265625
0 0.434365 0.50546865 0.03125 0.1015625
3 0.421865 0.59665625 0.00625 0.0359365
3 0.5890625 0.56328125 0.0140625 0.0161865
3 0.6484365 0.5661865 0.015625 0.0125
3 0.61865 0.58125 0.0109365 0.0125
3 0.6453125 0.5859365 0.01865 0.0161865
3 0.668125 0.5568125 0.0140625 0.0140625
3 0.825 0.5865 0.00625 0.009365
3 0.81484365 0.60546865 0.0125 0.0125
3 0.90068125 0.61484365 0.015625 0.0234365
3 0.9634365 0.5984365 0.015625 0.015625
5 0.4661865 0.62568125 0.096865 0.5484365
5 0.60603125 0.6625 0.0609365 0.2984365
5 0.56568125 0.6890625 0.0859365 0.35625
5 0.65390625 0.6828125 0.096865 0.33125
5 0.60068125 0.65625 0.04365 0.2203125
5 0.634365 0.64140625 0.096865 0.44365
5 0.66265625 0.66161865 0.0515625 0.29365
5 0.80068125 0.55546865 0.01865 0.034365
5 0.83203125 0.66328125 0.03125 0.1984365
5 0.80625 0.69665625 0.0665625 0.2953125
5 0.915625 0.64453125 0.021865 0.0828125
5 0.88515625 0.65546865 0.1046865 0.4359365
5 0.94140625 0.68046865 0.0515625 0.28125
5 0.96484365 0.6203125 0.0603125 0.346865