0 0.5140625 0.21161865 0.16865 0.1984365
2 0.60546865 0.42421865 0.0109365 0.0109365
2 0.65390625 0.40234365 0.0140625 0.0140625
2 0.66865 0.41328125 0.0109365 0.009365
4 0.6109365 0.4625 0.025 0.0365
4 0.65390625 0.43828125 0.01865 0.034365
4 0.66634365 0.44609365 0.025 0.0359365
5 0.6696865 0.46953125 0.0515625 0.13125
5 0.6546865 0.42890625 0.03125 0.065625
5 0.63046865 0.4453125 0.0390625 0.0665625
4 0.62890625 0.44609365 0.0265625 0.0421865
4 0.61328125 0.465 0.04365 0.115625
6 0.6203125 0.4661865 0.38125 0.24365
3 0.5265625 0.36634365 0.1109365 0.1046865
5 0.6234365 0.33828125 0.3865 0.5015625
2 0.1046865 0.890625 0.0140625 0.025
2 0.12109365 0.928125 0.0203125 0.0234365
3 0.1140625 0.89665625 0.0140625 0.021865
3 0.11696865 0.9390625 0.0068125 0.009365
4 0.1296865 0.96015625 0.0296865 0.0421865
4 0.13984365 0.896865 0.0515625 0.0661865
5 0.14365 0.92890625 0.096865 0.1421865
5 0.1296865 0.95603125 0.05625 0.0859365
4 0.6 0.66015625 0.1125 0.1421865
5 0.61865 0.69453125 0.196865 0.4109365