6 0.31143448621238054 0.26494603138922465 0.023655668616910842 0.0366626200031816
6 0.08232360413308913 0.226126216024816 0.023692030054229284 0.044022620003181606
4 0.1643061501629506 0.058666655360661 0.023664658966990365 0.0393352200031816
0 0.16166241226319905 0.02426548336045282 0.015669536104353464 0.02664431333545444
0 0.06348905961646926 0.18562096869031605 0.014198855386194253 0.023601132001909164
5 0.16436886304558658 0.061166655360661 0.04661131908544902 0.12610694000636333
5 0.0840625564942213 0.25916664635836254 0.046294258680598695 0.16926625866281686
5 0.3064826854169825 0.2560890680553611 0.034638614363184615 0.06289998933699968
6 0.6641465896699044 0.1639669480426344 0.011010222862636065 0.012626269334818081
5 0.6649106590516452 0.1608510386094061 0.012618164668035031 0.020456950668363624
5 0.69140625 0.6390625 0.0515625 0.11865