4 0.09453125 0.59921865 0.1890625 0.1609365
3 0.10516161856659616 0.46266234114464656 0.06392836939029935 0.08480224686664198
2 0.1513513382166803 0.32162646063133656 0.09643860226293624 0.09643860226293641
5 0.225 0.3603125 0.45 0.61865
0 0.6953125 0.025 0.0865 0.05
0 0.5568125 0.0234365 0.090625 0.046865
2 0.8063651210024842 0.04124001913233126 0.08468406615858266 0.06080336939029935
3 0.96265625 0.065625 0.0546865 0.1
3 0.6966860849963265 0.1326053564663488 0.04625669508134384 0.06589661066238851
3 0.6643535426436529 0.06695019965409866 0.04555693969514958 0.042451120413308896
3 0.5329426465641131 0.06955412615080415 0.04862839149054663 0.050281801131468115
4 0.50859365 0.21015625 0.1161865 0.2661865
4 0.6509200660423455 0.2116656598606532 0.15929422852996664 0.2556056262660413
4 0.8042536244203295 0.3092168594914109 0.16908638504664004 0.3265351684215192
4 0.91865 0.34609365 0.1625 0.4953125
5 0.88515625 0.33984365 0.2296865 0.6696865
5 0.65068125 0.33984365 0.3328125 0.6696865
5 0.63125 0.33046865 0.3125 0.6609365
5 0.53046865 0.3390625 0.1609365 0.668125
2 0.221865 0.89921865 0.44365 0.2015625
5 0.225 0.86109365 0.45 0.2568125
