4 0.40234365 0.3953125 0.0953125 0.146865
3 0.43046865 0.2661865 0.0390625 0.09365
2 0.4015625 0.1 0.096865 0.10625
5 0.2515625 0.234365 0.396865 0.46865
6 0.6421109432686393 0.38994866341658606 0.04638406633926232 0.04429544000636341
5 0.6413206026018666 0.3906208326498143 0.061846566666262286 0.06883406200826222
5 0.225 0.634365 0.45 0.53125
4 0.18359365 0.69921865 0.3661865 0.4015625
1 0.0661865 0.5828125 0.134365 0.228125
1 0.83984365 0.809365 0.3203125 0.38125
2 0.81015625 0.54665625 0.3696865 0.1568125
4 0.6890625 0.93125 0.421865 0.1365
5 0.625 0.634365 0.55 0.53125