4 0.1603125 0.14665625 0.234365 0.1640625
3 0.1696865 0.01640625 0.06865 0.0328125
5 0.259365 0.11484365 0.51865 0.2296865
3 0.16866585623290598 0.8801848653451433 0.00634999394986581 0.016223861436318443
2 0.3600692659490126 0.8516684590238626 0.011019313231616588 0.014126132513556366
2 0.39642302594901264 0.8515093666399695 0.011010222862636888 0.012563632513556365
2 0.15368666148663205 0.8552612236563999 0.014161584308955331 0.01883181323161641
2 0.16604516953980885 0.868465205604223 0.011036493949865809 0.016251132513556366
3 0.3601519988216496 0.8641684590238626 0.006866132513556366 0.010982951695396966
3 0.39652301989888855 0.8686968666399695 0.0062954516953983215 0.006848861436318444
4 0.16038208908253343 0.9316963623200813 0.022338608313060605 0.06981466502611464
4 0.1501803862861353 0.9240439496540989 0.012926246866641983 0.0635102228626369
4 0.14463436923495854 0.9106945159108663 0.016096698662140125 0.08134090359069593
2 0.15668381506842832 0.8608634968586006 0.006903403590696286 0.015660451695398322
5 0.14365 0.921865 0.04365 0.15625
5 0.15068125 0.93125 0.0515625 0.1365
5 0.16953125 0.93046865 0.0515625 0.1390625
5 0.396865 0.9203125 0.034365 0.159365
5 0.36421865 0.92109365 0.0390625 0.1568125
6 0.6365 0.5365 0.4365 0.615625
5 0.63046865 0.61484365 0.4234365 0.6603125