3 0.209365 0.38046865 0.125 0.1568125
2 0.1546865 0.08046865 0.215625 0.1609365
5 0.23046865 0.2296865 0.3984365 0.459365
0 0.2859365 0.6686639295398089 0.034365 0.03301248689965162
0 0.0140625 0.62421865 0.028125 0.0484365
3 0.0068125 0.66696865 0.015625 0.0234365
1 0.2890625 0.6100321102569681 0.0234365 0.022011355386194253
6 0.30603125 0.6649803993863836 0.0603125 0.11659656615858266
6 0.05068125 0.8211458304983263 0.0921865 0.1552238311856965
6 0.01015625 0.809365 0.0203125 0.121865
5 0.03046865 0.8484365 0.0609365 0.303125
5 0.06696865 0.84609365 0.1359365 0.3068125
5 0.30234365 0.8163593683101446 0.1421865 0.3242646226662451
3 0.66634365 0.50859365 0.1109365 0.0984365
3 0.53515625 0.628203309813861 0.203125 0.18611924668035032
4 0.5568125 0.84453125 0.25625 0.3109365
4 0.83828125 0.68359365 0.3161865 0.4328125
4 0.96109365 0.690625 0.0568125 0.368125
5 0.92568125 0.6296865 0.1484365 0.540625
5 0.8046865 0.6296865 0.390625 0.540625
5 0.60234365 0.6296865 0.3453125 0.540625