3 0.10546865 0.32953050223949515 0.065625 0.06538169508134402
2 0.084365 0.18800153239192036 0.1421865 0.11488962266624523
5 0.08828125 0.315625 0.1665625 0.36865
4 0.88359365 0.103125 0.2328125 0.20625
5 0.86568125 0.2696865 0.2484365 0.559365
5 0.2634365 0.6844038336196802 0.0109365 0.039126132513556364
0 0.91328125 0.8115809646193486 0.01865 0.036609084308955334
0 0.89665625 0.8943025611285525 0.0203125 0.03661816466803521
4 0.89665625 0.8513338211285525 0.0265625 0.0642160361043533
4 0.8921865 0.9583332548616638 0.025 0.06826044564526368
5 0.896865 0.8669542659490128 0.046865 0.1440226106623885
5 0.8859365 0.9365 0.059365 0.125
3 0.896865 0.9200692659490126 0.009365 0.009429542154466843