5 0.3982620406190466 0.30546865 0.04462260401018138 0.065
5 0.503104081954184 0.2921865 0.04662952266663584 0.0634365
3 0.5094995326225465 0.2696865 0.015824994668999892 0.0161865
3 0.3999426192860931 0.2953125 0.02209316600254539 0.01865
2 0.3900228266231838 0.265 0.023619313335454438 0.015625
2 0.505665095958002 0.2640625 0.02206499466899989 0.0161865
4 0.5083910186186295 0.3068125 0.030086489336999683 0.034365
4 0.40042396628359325 0.32109365 0.03323066066154528 0.0359365
2 0.9400228266231838 0.265 0.014335220003181604 0.0234365
2 0.9364523839513204 0.31328125 0.01900453866963616 0.021865
3 0.9336628292886839 0.28359365 0.01429885633609062 0.0203125
3 0.9425932959500468 0.32265625 0.00692158800126254 0.009365
4 0.9384325062804115 0.34453125 0.028596614662181595 0.040625
4 0.9101535132866293 0.290625 0.0491829346653633 0.0640625
5 0.9212813699465024 0.34140625 0.0911169906906352 0.1665625
5 0.9429109219446389 0.3625 0.05299882535009033 0.1234365
4 0.8065995832660486 0.66568125 0.03969884666409066 0.0546865
2 0.6961802512630936 0.63125 0.019022620003181605 0.0234365
5 0.8021308332660486 0.66568125 0.06803518801618105 0.1265625
