3 0.46484365 0.32265625 0.0603125 0.0828125
2 0.43828125 0.16883664208304162 0.1015625 0.09024428668045381
4 0.45068125 0.43828125 0.0984365 0.1421865
5 0.41328125 0.29365 0.1634365 0.43125
5 0.6484365 0.16890898661226068 0.040625 0.0864102146621816
3 0.45625 0.51484365 0.025 0.0109365
4 0.3328125 0.6328125 0.30625 0.246865
5 0.33661865 0.6546865 0.3265625 0.490625
0 0.58828125 0.8401635653644066 0.0328125 0.03319430800445424
0 0.86640625 0.6918363426354968 0.046865 0.04585694000636341
0 0.9046865 0.6682202854063602 0.034365 0.03689998933699968
0 0.9359365 0.6434266620682692 0.046865 0.048982940006363405
3 0.9546865 0.6664583380808144 0.0140625 0.015688632001909164
3 0.9046865 0.8102515354063603 0.0203125 0.02054885633609062
3 0.88046865 0.8326259646364058 0.021865 0.022129538669636163
1 0.5953125 0.8699328813653622 0.0234365 0.020585220003181603
6 0.60068125 0.9364026660326613 0.065625 0.11482611600890884
6 0.85546865 0.8961688234006688 0.0859365 0.15256246334499945
6 0.91015625 0.8665651600646693 0.0609365 0.11945906200826222
6 0.9546865 0.8483333380808145 0.08125 0.13219542934436318
5 0.95068125 0.85603125 0.0984365 0.2859365
5 0.9203125 0.86634365 0.103125 0.2453125
5 0.8634365 0.88359365 0.14365 0.2328125
5 0.61865 0.90603125 0.13125 0.1859365