3 0.21223495969223402 0.33006656129218365 0.08488406010845856 0.08848169201145392
2 0.24956535652649356 0.1669023686203203 0.10994669262201594 0.09961019334818116
4 0.16568125 0.46161865 0.2109365 0.1665625
5 0.184365 0.30546865 0.36865 0.4890625
5 0.66265625 0.265 0.3859365 0.55
1 0.8033508390825335 0.9103668568930958 0.05814884328594586 0.05848520934118149
1 0.8484365 0.968125 0.09365 0.04365
3 0.9409660623469539 0.6618646192065511 0.0653636143631848 0.06336260401018139
1 0.6408625232185382 0.6462331699013682 0.06069428903121965 0.08363066000954493
2 0.94140625 0.58359365 0.1161865 0.0661865
2 0.8664468692349586 0.8884104945496862 0.09884656615858265 0.06145692401336308
2 0.8386338261686666 0.8146361862215505 0.06129202400410492 0.06164656200826221
2 0.92421865 0.965625 0.0546865 0.06865
2 0.63046865 0.5640625 0.1109365 0.028125
4 0.65234365 0.83046865 0.2046865 0.3390625
4 0.89365 0.69665625 0.2125 0.2859365
4 0.66640625 0.96484365 0.1046865 0.0603125
2 0.53661865 0.96265625 0.0921865 0.0546865
5 0.9609365 0.63359365 0.068125 0.1661865
5 0.85068125 0.665 0.2984365 0.45
5 0.6625 0.8696865 0.24365 0.240625
5 0.68984365 0.9109365 0.2890625 0.168125
5 0.868125 0.95603125 0.146865 0.0859365
5 0.68359365 0.6390625 0.3109365 0.168125
5 0.66890625 0.665 0.3568125 0.45
5 0.56640625 0.9625 0.1634365 0.065
5 0.56161865 0.62265625 0.1640625 0.3453125
5 0.5865 0.6484365 0.215625 0.196865