2 0.12129866065108602 0.4328682160369459 0.10099996334499946 0.08651928298109546
5 0.2203125 0.4296865 0.440625 0.1
2 0.61484365 0.15234365 0.2603125 0.2453125
5 0.63984365 0.2453125 0.5203125 0.46865
3 0.15306364005408841 0.6598568306929139 0.00693966933481808 0.010982951695398144
2 0.14965683605186126 0.6434334000646548 0.014280666002545345 0.018831813231616586
4 0.14685952862362468 0.6816010145361353 0.01662385200509069 0.03659999394986581
5 0.15405498462308832 0.6660498659624538 0.03695565466854491 0.08660906825883115
1 0.6140625 0.8661865 0.46865 0.265625
2 0.63984365 0.61696865 0.5203125 0.2015625
5 0.63984365 0.6484365 0.5203125 0.503125