5 0.14296865 0.328125 0.2859365 0.48125
4 0.965 0.096865 0.05 0.19365
4 0.696865 0.06634365 0.140625 0.1546865
4 0.56890625 0.10068125 0.1828125 0.2015625
5 0.56265625 0.284365 0.2265625 0.56865
5 0.62421865 0.284365 0.3296865 0.56865
5 0.93661865 0.246865 0.1265625 0.49365
5 0.66328125 0.2390625 0.2665625 0.468125
6 0.14665625 0.61640625 0.2953125 0.2953125
5 0.2296865 0.684365 0.459365 0.43125
4 0.6161865 0.8634365 0.0328125 0.0568125
2 0.63125 0.82265625 0.015625 0.0161865
5 0.61696865 0.85603125 0.05 0.096865
