5 0.031594350652455194 0.06632969326863933 0.04660225334181666 0.06304544000636336
4 0.03606219131922688 0.0654848086012303 0.03312158266026243 0.026944308004454333
1 0.64609365 0.14609365 0.3921865 0.2665625
4 0.665 0.43046865 0.45 0.3390625
5 0.665 0.3 0.45 0.6
3 0.2142233952896384 0.6595080659468661 0.04106953333863605 0.039535214662181594
2 0.48645183660886626 0.6602325925664133 0.06946625334181666 0.06329996866599956
2 0.2140625 0.61161865 0.046865 0.0234365
4 0.22906514126150286 0.6929109219446389 0.12458401869826132 0.23423064401654468
5 0.41015625 0.8609365 0.2265625 0.268125
5 0.21161865 0.8 0.1661865 0.4
