2 0.95603125 0.06610260423128502 0.0661865 0.051953385440423536
1 0.92568125 0.13254589604969266 0.0365 0.05646816861691084
3 0.8696865 0.03203125 0.061865 0.0640625
4 0.9484365 0.19908395625634612 0.068125 0.10201601695398091
4 0.66634365 0.234365 0.2921865 0.46865
4 0.61484365 0.11953125 0.0634365 0.2390625
5 0.6203125 0.234365 0.103125 0.46865
5 0.68515625 0.234365 0.4296865 0.46865
5 0.9421865 0.1484365 0.115625 0.228125
0 0.20390625 0.6229536601934662 0.16865 0.2062316586805988
6 0.0609365 0.6359365 0.121865 0.528125
6 0.44296865 0.6859365 0.2515625 0.428125
3 0.49365 0.5394836818026451 0.09365 0.08804542154466601
3 0.18359365 0.9336630955254411 0.0890625 0.09426815046653845
3 0.01953125 0.50068125 0.0390625 0.0640625
5 0.1046865 0.634365 0.209365 0.53125
5 0.2068125 0.80603125 0.396865 0.3859365
5 0.41953125 0.634365 0.2984365 0.53125
5 0.80068125 0.54609365 0.0953125 0.1546865