0 0.9390625 0.2296865 0.121865 0.184365
6 0.61953125 0.29453125 0.2203125 0.4296865
3 0.6966360214600223 0.04385109201940818 0.08325692659490121 0.06652611066690856
3 0.9603899949318343 0.42349532805536116 0.06859669866214013 0.0821590666662621
5 0.88359365 0.32265625 0.2328125 0.3634365
5 0.63984365 0.2546865 0.2609365 0.509365
5 0.2 0.85546865 0.209365 0.2890625
5 0.36568125 0.8484365 0.2359365 0.303125
5 0.53661865 0.81640625 0.1453125 0.3661865
3 0.5084109010566135 0.6862236626545869 0.033166114363184694 0.06288180800445424
3 0.3628120546456055 0.8346515486348606 0.051844301131468026 0.04903648400699968
3 0.19643662100248408 0.8263464866122606 0.05184430113146821 0.04903648400699968
3 0.03013591013189969 0.8064414246896808 0.0440136204133089 0.04582156633926241
2 0.01953125 0.61484365 0.0390625 0.0696865
2 0.19146884065186306 0.6413453520448615 0.06121930113146812 0.049146562008262396
2 0.3561302021881815 0.6360225634006688 0.06692611436318469 0.06339088534362665
2 0.536944385833206 0.6696465164251666 0.08641019866214013 0.08224996334499946
4 0.5546865 0.90234365 0.109365 0.1953125
4 0.36696865 0.92568125 0.1661865 0.1484365
4 0.19665625 0.925 0.1328125 0.15
4 0.03359365 0.9140625 0.0661865 0.161865