5 0.8418993353655436 0.140625 0.02541816066154496 0.0359365
2 0.6626225564066684 0.56568125 0.012626269334818081 0.0109365
2 0.6062998320634966 0.56953125 0.014226132001908986 0.0140625
2 0.5955441454089511 0.58515625 0.011064669334818082 0.0109365
4 0.6601164314130862 0.615625 0.025454533338636055 0.0390625
4 0.6184366526450418 0.60546865 0.01660566066154515 0.0359365
4 0.5983060660804963 0.62109365 0.02699885200509069 0.0365
5 0.6040566266504508 0.6453125 0.05161813868554468 0.1390625
5 0.6144214146436692 0.59609365 0.03206816000954511 0.0603125
5 0.6449901620682692 0.6046865 0.04000692934436319 0.08125
4 0.6463339120682692 0.6046865 0.0286340663392625 0.04365
4 0.6618344626482235 0.62890625 0.04204314401654461 0.121865
6 0.815625 0.62634365 0.36865 0.5453125
3 0.825 0.46109365 0.115625 0.1046865
5 0.690625 0.609365 0.41865 0.58125