6 0.040625 0.9046865 0.08125 0.190625
6 0.1698654819382656 0.6459193853039559 0.05116360534690845 0.10058180266345432
6 0.14636969859963945 0.6853546026416365 0.08125109468490824 0.13530224801081664
6 0.22261605593563025 0.664169398631456 0.0601681440165446 0.12266496866599948
6 0.2664651439360029 0.6542853212921836 0.04958292401336308 0.09900112133990895
6 0.30192164693126585 0.6960546506206385 0.09104426535645356 0.16134883601209036
6 0.33182696126626534 0.6096806959500466 0.05421588001262663 0.09436816534054504
6 0.36553196059995663 0.6803563669440026 0.08114200668363551 0.12592624801081664
6 0.39619843260663906 0.630892169941139 0.03681020401018138 0.06541816066154533
6 0.4161865 0.66568125 0.04365 0.1921865
0 0.428125 0.64140625 0.021865 0.0515625
0 0.369920563281366 0.6616262652669116 0.020621582660262608 0.026698856336090696
0 0.3588813662820024 0.6662842132696652 0.03696261466218159 0.04106135200509069
0 0.34500966128422955 0.6510415952816843 0.020512494668999893 0.0164238563360908
0 0.3160564939529113 0.6365251092855022 0.026889664003816964 0.028434082660262608
0 0.286896605283265 0.658636463956093 0.04643862133990866 0.048982940006363405
0 0.26500409694618426 0.6693125932925019 0.01900453866963625 0.022093166002545435
0 0.20102341394813865 0.6630266669668651 0.036355660661545236 0.036355660661545146
0 0.14086625461491146 0.6629455093093646 0.0164238563360908 0.020512494668999893
0 0.13218250628041153 0.6816392566438646 0.03686362666090888 0.03168635200509069
3 0.14664444926595618 0.614269033965183 0.016405666002545344 0.01894999466899989
3 0.20366569661045614 0.6050216653006643 0.015806813335454438 0.01580681333545435
3 0.2633342186106653 0.6018688459580019 0.012663632001908986 0.014206950668363622
3 0.29914264061109346 0.6992251039545021 0.020548856336090698 0.020548856336090698
3 0.3245336392823205 0.6653404526166651 0.015688632001908986 0.01424431333545435
3 0.36666830394654693 0.6826001269440026 0.006359088001262616 0.009446625334181811
3 0.3601910362662299 0.6023041032681844 0.014226132001908986 0.014226132001909165
5 0.09609365 0.8125 0.1921865 0.365
5 0.18386118193032136 0.8044585913033195 0.10656126204008906 0.29651246801399933
5 0.159365 0.8296865 0.140625 0.340625
5 0.2329808439290486 0.813260869296638 0.14604194261163431 0.3329045013526354
5 0.26168026460059396 0.6668669366246646 0.06908960536281669 0.21806838534362692
5 0.321865 0.81484365 0.165625 0.3603125
5 0.34212003393541206 0.6651222666152296 0.09866604660590626 0.29016156134626226
5 0.3464813646165023 0.6588359139481386 0.022293160661545236 0.03619203866963616
5 0.3992866439360029 0.6526399069408209 0.06321016669318062 0.1960215620082623
5 0.3696865 0.69140625 0.11865 0.2953125
5 0.4109365 0.80546865 0.05625 0.3890625
