0 0.03984365 0.43515625 0.0696865 0.2696865
6 0.3203125 0.59609365 0.368125 0.3890625
3 0.06168253981668666 0.4953125 0.10614085518980258 0.153125
6 0.30234365 0.9640625 0.3890625 0.061865
5 0.2546865 0.53661865 0.509365 0.5140625
5 0.3 0.92890625 0.41865 0.1421865
0 0.828125 0.33046865 0.146865 0.1015625
2 0.9625 0.29921865 0.065 0.0390625
3 0.9591103368249969 0.3953125 0.03938066256668683 0.0546865
3 0.5326696480316512 0.36265625 0.02362839149054663 0.05
4 0.55603125 0.69609365 0.0953125 0.6068125
4 0.840625 0.65859365 0.240625 0.4828125
4 0.9545450366916245 0.50859365 0.02618963466649368 0.1068125
5 0.9603125 0.45 0.059365 0.253125
5 0.95859365 0.63984365 0.0828125 0.6203125
0 0.8265625 0.63984365 0.346865 0.6203125
0 0.59453125 0.63984365 0.1603125 0.6203125
