6 0.56568125 0.109365 0.1890625 0.21865
5 0.5640625 0.16484365 0.21865 0.3296865
5 0.0859365 0.618508616581822 0.0359365 0.11291816066154533
4 0.090625 0.6059541625811858 0.0203125 0.0455488563360908
0 0.0984365 0.5606060159134585 0.009365 0.009484088001262616
6 0.55603125 0.5305461862613215 0.115625 0.254460418682363
6 0.34609365 0.58515625 0.0634365 0.2484365
3 0.40068125 0.511260560615866 0.025 0.06435340133662606
3 0.60625 0.41200462525463994 0.03125 0.04566612666090888
0 0.60625 0.3515625 0.061865 0.04365
0 0.41328125 0.4564366199465024 0.059365 0.10069089066462685
5 0.36568125 0.68125 0.1328125 0.565625
5 0.54453125 0.65068125 0.2234365 0.6421865