4 0.5810092639242663 0.16151565206862413 0.014316038669636161 0.022038632001908986
4 0.46489562392586604 0.15856066138663388 0.009538632001908986 0.014161588001262616
4 0.41161865 0.16484365 0.0234365 0.0568125
4 0.6340696199236399 0.16682141640926926 0.016460220003181603 0.023636494668999892
2 0.582644486592958 0.1566901834022696 0.0046684066666261654 0.006866044000636269
2 0.466558121260366 0.14998510262116932 0.0046602253341818114 0.006304544000636269
2 0.4150302652625942 0.13286069004613426 0.016405666002545434 0.01894999466899989
2 0.6365680112586662 0.1635664394095864 0.00692158800126254 0.009465906666626165
5 0.6346963352562308 0.18229925806604194 0.024019302663454136 0.050262620003181605
5 0.5810092639242662 0.16151565206862405 0.019222614662181596 0.04084316600254543
5 0.4640861019255489 0.1608953306208612 0.012845445336363514 0.029832950668363622
5 0.41640625 0.16484365 0.0328125 0.0859365
