3 0.804220909149941 0.26161865 0.21802381303532492 0.14365
4 0.68661865 0.328125 0.4265625 0.26865
2 0.86161865 0.04453125 0.2665625 0.0890625
5 0.609365 0.24665625 0.58125 0.4953125
2 0.859365 0.4625 0.259365 0.065
5 0.609365 0.44365 0.58125 0.1125
0 0.6313863961468885 0.68125 0.06408291549465282 0.1109365
3 0.6566282916634985 0.82265625 0.030068385440423536 0.0661865
0 0.6089902223816566 0.82568125 0.03625566256668665 0.0546865
6 0.6859365 0.93125 0.08125 0.1365
6 0.62634365 0.92634365 0.1546865 0.1453125
5 0.621865 0.81328125 0.2365 0.3634365
5 0.6634365 0.86328125 0.165625 0.2634365