6 0.81484365 0.18984365 0.3603125 0.3696865
5 0.661865 0.18984365 0.45625 0.3696865
0 0.5661021833504369 0.5129642613146815 0.19645688524403188 0.19801129488495234
2 0.6210322010098311 0.6865168213249442 0.011001132513556365 0.011001132513556365
2 0.6664509540348933 0.6682456690622606 0.014144313231616586 0.014144313231616586
2 0.6882560624461496 0.6931566066653666 0.011001132513556365 0.011001132513556365
4 0.6165810503459011 0.8261145502466054 0.02366465896699054 0.039198855386194255
4 0.6662850322936246 0.814128636916693 0.015834068258831142 0.03602840359069629
4 0.686669345525441 0.8283094115858269 0.023655668616910842 0.036636355386194253
5 0.6846996912606149 0.8532912308666688 0.04298645159900648 0.13664543969514956
5 0.6603554901392468 0.8046619166359521 0.02852496569950324 0.06891362646343316
5 0.640631622652804 0.8155366008134394 0.034838608313060605 0.06988648689965161
4 0.6391645664632643 0.8146463604543598 0.025254530054229285 0.04389544564526368
4 0.6150912632185383 0.8396054598886258 0.036636456649130664 0.12052156825883114
6 0.565625 0.8390625 0.3625 0.321865
3 0.5516231439264346 0.6894413125443455 0.10996496369925486 0.1036613251355633
5 0.56890625 0.69140625 0.3984365 0.6161865