0 0.13523962586425692 0.6330284866326288 0.2058601563212606 0.20394425469445315
0 0.48515625 0.9046865 0.0661865 0.190625
0 0.1665625 0.9665625 0.153125 0.046865
5 0.0421865 0.4859365 0.084365 0.125
4 0.4484365 0.559365 0.140625 0.165625
5 0.43515625 0.44453125 0.1661865 0.0603125
5 0.428125 0.565 0.18125 0.225
0 0.1666594448615111 0.9239529312936646 0.16160109016268685 0.13312266635518085
4 0.18586140583029135 0.8410404339592646 0.10854881908544903 0.12681601201463563
4 0.309365 0.9046865 0.1865 0.190625
2 0.3166668818261863 0.6685656019414562 0.10684996369925485 0.10436133068109026
3 0.38668446208606 0.844162882598685 0.042460210662388506 0.04636589600562614
5 0.22265625 0.96568125 0.3203125 0.0484365
5 0.1496384631100696 0.8068648546308198 0.24846581283893306 0.2663101506001803
5 0.33125 0.84921865 0.34365 0.3015625
5 0.48661865 0.90234365 0.0640625 0.1953125
5 0.98046865 0.81865 0.0390625 0.096865
4 0.99365 0.668125 0.0125 0.0125
3 0.9936196463856628 0.6890099312142326 0.0063136325135563655 0.011010225334181811
4 0.99365 0.80546865 0.0125 0.0265625
