0 0.948652159149941 0.30326656612026624 0.08698168903121964 0.08383065466854482
2 0.6526503545024314 0.5853526264266684 0.13484669866214014 0.08281359468490823
2 0.65603125 0.50859365 0.0953125 0.1015625
2 0.69682494252382 0.14099355265299602 0.04234203610435365 0.026053396005626003
3 0.9615885024358869 0.36123551668863065 0.04396816861691066 0.0380090663392625
3 0.6042340238066134 0.1684100280861668 0.02511816466803503 0.020603401336626112
3 0.6490395462226432 0.6166363186459964 0.0668352106623885 0.04666588534362664
4 0.8613998396616086 0.43518099944299493 0.16812380698520064 0.16288290268936265
4 0.81696865 0.64365 0.3640625 0.090625
4 0.659365 0.6265625 0.1 0.125
4 0.699819234580102 0.21523048408654146 0.08482951695398062 0.06910669201145401
5 0.6141908066888089 0.26851911608845046 0.14236125858420603 0.30006382001909005
5 0.8859365 0.45603125 0.228125 0.4015625
5 0.8046865 0.6015625 0.390625 0.165
5 0.69365 0.5609365 0.16865 0.25625
5 0.634365 0.3015625 0.05 0.4865
4 0.8999293606506516 0.9803805800445435 0.020521568258831143 0.03616385633609098
2 0.8966452693668583 0.9530004663664524 0.0063045421544668435 0.009446625334181811
5 0.91161865 0.961865 0.0359365 0.05625
