2 0.10443931528486586 0.6309003900669509 0.03936158266026261 0.026016033338636053
2 0.153125 0.9890625 0.05625 0.021865
3 0.09866148261459333 0.6563992554105419 0.020494313335454352 0.015861356336090696
4 0.10562854693923003 0.8215526620682692 0.04802042401336308 0.0989829400063634
5 0.0859365 0.8546865 0.15625 0.290625
1 0.8640625 0.521865 0.103125 0.065625
0 0.64365 0.61865 0.165 0.259365
6 0.6484365 0.69921865 0.41865 0.2890625
6 0.91015625 0.61161865 0.1696865 0.4453125
5 0.85234365 0.6109365 0.2953125 0.44365
5 0.65390625 0.6953125 0.4296865 0.4125
1 0.6258394112428668 0.6538266180536602 0.06666930266345431 0.05068169634245403