4 0.63125 0.10859365 0.125 0.2046865
4 0.834365 0.115625 0.19365 0.23125
6 0.6865 0.4068125 0.225 0.321865
1 0.654361941836449 0.3521285639190866 0.022138620413308985 0.045439665026114634
0 0.6610986648062818 0.2996439063032293 0.05353406615858266 0.06062156220860695
0 0.9046214058302914 0.2598450942669046 0.08651928298109546 0.10049996964936905
6 0.8921865 0.4609365 0.215625 0.215625
5 0.6828125 0.4140625 0.10625 0.309365
5 0.86634365 0.38828125 0.2453125 0.3609365
5 0.6859365 0.40603125 0.234365 0.3234365
5 0.63359365 0.1125 0.1296865 0.225
5 0.8203125 0.1203125 0.3 0.240625
1 0.61696865 0.0140625 0.0453125 0.028125