4 0.53515625 0.6568125 0.0515625 0.1365
4 0.56953125 0.69140625 0.0609365 0.2046865
4 0.46484365 0.65390625 0.0984365 0.1296865
4 0.3665625 0.66640625 0.103125 0.1546865
4 0.23125 0.6640625 0.1125 0.15
4 0.1365 0.66421865 0.121865 0.1603125
4 0.0296865 0.6515625 0.059365 0.125
5 0.0453125 0.65546865 0.090625 0.3328125
5 0.14296865 0.69453125 0.1859365 0.4109365
5 0.2328125 0.69453125 0.161865 0.4109365
5 0.36696865 0.69453125 0.1609365 0.4109365
5 0.4640625 0.68046865 0.14365 0.3828125
5 0.53984365 0.6640625 0.1203125 0.35
5 0.5484365 0.69453125 0.103125 0.4109365
5 0.6125 0.69453125 0.225 0.4109365
5 0.8634365 0.69453125 0.253125 0.4109365
4 0.88046865 0.64365 0.1696865 0.309365
4 0.6161865 0.69365 0.14365 0.209365