4 0.95859365 0.2484365 0.0828125 0.18125
4 0.8660426263886684 0.3125 0.1543966502611466 0.21865
4 0.65390625 0.34921865 0.2203125 0.3390625
4 0.45603125 0.3634365 0.1359365 0.290625
5 0.8648661480316513 0.28359365 0.18461239109666423 0.309365
5 0.48661865 0.303125 0.1953125 0.43125
5 0.640625 0.26696865 0.340625 0.5015625
1 0.5454569039835696 0.2359365 0.0833396408266168 0.090625
1 0.9890625 0.15234365 0.021865 0.0453125
1 0.9490226863989411 0.16015625 0.046120439695149584 0.0421865
1 0.846392690086933 0.209365 0.04615680113146803 0.0484365
2 0.8193489219365605 0.1568125 0.04862839654066183 0.0328125
2 0.9352966296848869 0.10234365 0.05488648689965162 0.034365
2 0.98203125 0.0921865 0.0359365 0.034365
2 0.11946566608382801 0.6 0.05196156615858266 0.0603125
4 0.0568125 0.54665625 0.061865 0.0568125
4 0.1518645546456055 0.66109365 0.10629539129415606 0.1696865
5 0.18260185909862644 0.6609365 0.2586661198241338 0.434365
5 0.06953125 0.6296865 0.1390625 0.221865
0 0.5666366684686641 0.86484365 0.020430664668035033 0.0203125
3 0.5836361182620096 0.8865 0.01416249394986581 0.0161865
6 0.5943691655516968 0.92109365 0.04256929508134384 0.065625
5 0.5936060159108664 0.91953125 0.0669864515990063 0.1365