6 0.01866891402668056 0.12890625 0.0046684066666261654 0.0068125
6 0.06959652669466143 0.13203125 0.004668406666626264 0.0068125
6 0.06635448269413511 0.12634365 0.006468166002545345 0.01865
2 0.16604369135899882 0.1140625 0.004696588001262616 0.009365
2 0.12098630402608962 0.1161865 0.0046684066666261654 0.0068125
2 0.06619994135899881 0.1140625 0.0032159066666261653 0.0068125
5 0.16696948269413512 0.12634365 0.011410214662181595 0.040625
5 0.12186655136058966 0.12568125 0.009620445336363515 0.0296865
5 0.06629993869349866 0.12265625 0.009665901336626066 0.025
5 0.06956925469445326 0.1296865 0.006395450668363623 0.0125
5 0.025010632694135118 0.12634365 0.008012494668999892 0.0161865
5 0.016961301360589665 0.12568125 0.004696588001262616 0.009365
4 0.1688425486950896 0.134365 0.008066038669636251 0.021865
4 0.12260334536122599 0.13046865 0.008030666002545345 0.01865
1 0.89296865 0.425 0.2140625 0.25
2 0.88359365 0.13359365 0.2328125 0.2640625
5 0.63984365 0.2665625 0.5203125 0.546865
5 0.946865 0.5640625 0.025 0.028125