5 0.628125 0.2958205183466643 0.034365 0.08926248689965162
4 0.6161865 0.2583841508603216 0.0109365 0.011001132513556365
3 0.61953125 0.2666455153216022 0.0046865 0.009402261066238834
4 0.6161865 0.2833841508603216 0.0109365 0.023501132513556364
5 0.13203125 0.49296865 0.0546865 0.0265625
3 0.628125 0.51640625 0.2 0.0634365
4 0.66484365 0.565625 0.4603125 0.161865
5 0.66484365 0.561865 0.4603125 0.184365
3 0.840625 0.9084634918085665 0.240625 0.16602491529826096
2 0.8203125 0.6023416664666116 0.2421865 0.10453400565634086
5 0.66484365 0.81953125 0.4603125 0.3609365