2 0.32265625 0.85603125 0.5140625 0.2859365
5 0.28984365 0.83828125 0.5696865 0.3234365
0 0.6 0.683469089366121 0.06865 0.06539996569950324
0 0.8984365 0.6549360649802324 0.109365 0.1261988251355633
5 0.66421865 0.86953125 0.1890625 0.2609365
5 0.82568125 0.8359365 0.3484365 0.328125
4 0.83828125 0.89609365 0.2328125 0.2068125
4 0.68125 0.9161865 0.11865 0.165625
4 0.61640625 0.6923566551663614 0.0203125 0.03605566466803503
0 0.6203125 0.6658169810640605 0.015625 0.01561590359069611
5 0.609365 0.6134105985505031 0.0484365 0.11646930113146821