4 0.13515625 0.62265625 0.2265625 0.2453125
4 0.461865 0.640625 0.15625 0.28125
5 0.16953125 0.62109365 0.3390625 0.4421865
5 0.41640625 0.628125 0.2661865 0.45625
6 0.8645953266668519 0.5824099196962612 0.04121586334016533 0.10169884933606006
6 0.9093083849494443 0.6134008445624921 0.0695408612399266 0.13633646569950323
6 0.8262816801289841 0.6146593384141621 0.06010222862636932 0.1253454336450254
6 0.6696345204880636 0.6164990943661003 0.03965336334016516 0.10168965896699054
6 0.6549435926966606 0.6696695401113642 0.06445562021691614 0.165426246866642
6 0.6013549843836101 0.5903911123200812 0.04586610226293641 0.09613862041330898
6 0.6660600685944696 0.664134853244895 0.0610488190854491 0.12696156615858266
6 0.6406446433606006 0.6298081363241863 0.028569516953980903 0.06828862646343318
6 0.596865 0.69365 0.09365 0.19365
0 0.561865 0.55068125 0.04365 0.0484365
0 0.6410441982693566 0.5641685911446465 0.018904536104353654 0.02666158430895533
0 0.6620688609453392 0.5538996212960616 0.03616465896699054 0.03926156825883114
0 0.6613356862663041 0.533532569142594 0.020403403590696286 0.015643164668035032
0 0.6953125 0.51161865 0.025 0.0234365
0 0.632226634481906 0.5253655551384889 0.04558521066238851 0.04613862041330881
0 0.6612112525340828 0.538468633495516 0.01631466502611463 0.021964993949865808
0 0.8234365 0.51484365 0.034365 0.0296865
0 0.884365 0.503125 0.015625 0.00625
0 0.8953125 0.50859365 0.0365 0.0161865
3 0.8916936380626023 0.5400633385123669 0.015634084308955332 0.01884090359069611
3 0.8300112495090206 0.5466624066960128 0.01560681323161641 0.01415340359069611
3 0.6582362434588965 0.5642680642136652 0.011019313231616588 0.014126132513556366
3 0.6316055596156651 0.5699013503180288 0.020421584308955333 0.01886816466803503
3 0.6956089684316818 0.5426666685668599 0.015606813231616586 0.01415340359069611
3 0.648920330692914 0.5650606393492484 0.006304542154466666 0.009411361436318443
3 0.6599568246426896 0.5921945068356911 0.014144313231616586 0.014144313231616586
3 0.5601913426949665 0.6059984524826692 0.018895445645263954 0.02510908430895551
5 0.8665625 0.6484365 0.065 0.296865
5 0.909365 0.66634365 0.10625 0.3546865
5 0.8296865 0.66953125 0.1125 0.3390625
5 0.6696654210536966 0.6406168443661004 0.05446128268460388 0.22999656220860695
5 0.64665625 0.63046865 0.1161865 0.4609365
5 0.6046865 0.65068125 0.065625 0.3015625
5 0.6621623880626022 0.5413405339630541 0.020521568258831143 0.03605566466803503
5 0.6446863486468949 0.6532229104264863 0.041824926398509536 0.20648634933606006
5 0.6630214260056261 0.6889966839630542 0.0908533006386846 0.30833065046653816
5 0.559365 0.63661865 0.01865 0.0859365
5 0.60234365 0.6515625 0.1046865 0.453125