0 0.6200963139190866 0.19621409138286142 0.06448065651666246 0.0626204346653633
0 0.5103664011549093 0.11966860202099903 0.09916462862636942 0.1261454240133631
0 0.8363519498504904 0.4556261226323151 0.02832498689965162 0.03460226400381696
4 0.8484365 0.5046865 0.053125 0.05
5 0.84609365 0.4828125 0.0609365 0.09365
5 0.61328125 0.34365 0.1390625 0.361865
5 0.5125 0.2921865 0.2865 0.465
4 0.5293126116543462 0.3566238093560898 0.19885669826935662 0.342915848026626
4 0.606392259958949 0.36660898138126056 0.09494992639850953 0.20634088001262682
4 0.8299495566606666 0.11645553463104249 0.01584316861691102 0.03668181333545444
0 0.8316846645932803 0.08668621606458695 0.012590903590696286 0.015660450668363533
5 0.8336149062050334 0.14061963806490606 0.03199540944452863 0.12848862666090888
