6 0.82890625 0.246865 0.2953125 0.30625
6 0.80068125 0.2953125 0.3203125 0.209365
3 0.86415109318665 0.06328125 0.08665453005422946 0.04365
2 0.85 0.0140625 0.125 0.028125
6 0.6309510599120669 0.1568125 0.11940450585363234 0.1125
2 0.6422016564194666 0.06634365 0.053252265026114634 0.021865
5 0.6152260659621911 0.140625 0.14155221662612102 0.159365
5 0.64609365 0.30546865 0.1046865 0.1890625
5 0.83828125 0.2 0.3234365 0.4
4 0.5469486646343312 0.4625 0.006930664668035032 0.0203125
5 0.5485566164296293 0.4603125 0.012826252926866163 0.05625
