0 0.96328125 0.1656684654534945 0.0068125 0.009465906666626264
0 0.9365 0.1326559834499946 0.009365 0.009484088001262616
4 0.9109365 0.1606281506696221 0.0161865 0.03669999466899989
2 0.9140625 0.13863326344681298 0.009365 0.009484088001262616
5 0.9140625 0.169102013446813 0.028125 0.06366466400381696
6 0.93828125 0.15688382411666638 0.0203125 0.034611356336090696
6 0.953125 0.16658669668544906 0.0140625 0.020466132001908988
5 0.9546865 0.1650434681189945 0.0234365 0.029960220003181604
5 0.9390625 0.15845541468354006 0.0265625 0.06649658266026261
6 0.91865 0.18946905644644935 0.009365 0.015634088001262538
5 0.91953125 0.18244689811422204 0.0140625 0.032966132001908985
1 0.503125 0.6814185580839961 0.209365 0.2805612986950896
2 0.568125 0.5556286620941665 0.168125 0.16144666202418063
5 0.41696865 0.61640625 0.6484365 0.5661865
4 0.40603125 0.9359365 0.3984365 0.128125