6 0.80546865 0.259365 0.3634365 0.51865
5 0.69921865 0.259365 0.3609365 0.51865
0 0.561566463916322 0.66109365 0.016386494668999894 0.0161865
4 0.5556450899109132 0.8109365 0.03819089066462685 0.059365
0 0.046388241923958054 0.61484365 0.03960694000636332 0.046865
0 0.01865 0.628125 0.0365 0.05
6 0.05900644624600396 0.690625 0.06013168134945369 0.11865
6 0.01696865 0.82109365 0.0359365 0.1390625
5 0.03203125 0.85 0.0640625 0.3
5 0.09296865 0.82634365 0.1634365 0.3453125
4 0.5696439552435042 0.81640625 0.06466463634881643 0.1140625
6 0.6161029639416654 0.59921865 0.04018964266981654 0.096865
6 0.6689651439360029 0.634365 0.06555336935062642 0.128125
6 0.654883663261821 0.6234365 0.05661360001590834 0.1161865
6 0.6994603666056845 0.61953125 0.03860906134626218 0.0953125
6 0.8294018569328668 0.66484365 0.06065904002226166 0.1640625
6 0.8694096862662298 0.58359365 0.04324201634563563 0.090625
6 0.9036933332660485 0.65859365 0.0660066813494536 0.11865
6 0.9315643419398665 0.61328125 0.026416022666635836 0.0634365
6 0.9661865 0.665625 0.065625 0.18125
0 0.98203125 0.5359365 0.0359365 0.034365
0 0.9221161639481386 0.55234365 0.019040901336626246 0.025
0 0.901114320615866 0.54453125 0.03481135200509086 0.0365
0 0.8903859059516386 0.5265625 0.020494313335454352 0.015625
0 0.83203125 0.534365 0.0421865 0.03125
0 0.806364320615866 0.54453125 0.016423856336090885 0.0203125
0 0.64453125 0.53203125 0.0328125 0.0265625
0 0.6859365 0.525 0.015625 0.0125
0 0.665 0.53046865 0.034365 0.0234365
3 0.6860523946133206 0.56328125 0.015824994668999892 0.0161865
3 0.643101825946866 0.56161865 0.015688632001908986 0.0140625
3 0.8125603506126844 0.56696865 0.011082950668363623 0.0125
3 0.8383325099459116 0.56865 0.01894999466899989 0.0161865
3 0.8683654552832649 0.5390625 0.014226132001908809 0.0140625
3 0.9165302352800934 0.5625 0.006340906666626353 0.0068125
3 0.9066183092665469 0.58125 0.012645450668363622 0.0125
3 0.99140625 0.58046865 0.0161865 0.0234365
5 0.6109365 0.6609365 0.061865 0.284365
5 0.68359365 0.68984365 0.1015625 0.3421865
5 0.65859365 0.6665625 0.1068125 0.315625
5 0.8031120669360486 0.64140625 0.05250902402926134 0.215625
5 0.8421865 0.62890625 0.115625 0.4203125
5 0.861865 0.65068125 0.065625 0.2640625
5 0.890625 0.534365 0.01865 0.03125
5 0.9305285532602301 0.63515625 0.039654485359635085 0.19365
5 0.9082262919319122 0.661865 0.08663854660590644 0.2890625
5 0.9640625 0.62568125 0.061865 0.4140625