2 0.6431828943192182 0.1556480381126312 0.011001132513556365 0.011064669334818125
3 0.6432556161918552 0.16824803811263116 0.0063045421544668435 0.009446625334181666
4 0.6464942466803503 0.1868156506696221 0.02051248689965162 0.034611356336090696
5 0.6513135568860048 0.2105264446803584 0.04133404800821019 0.1223466146621816
1 0.66634365 0.365625 0.1359365 0.228125
5 0.8546865 0.23984365 0.290625 0.4696865
0 0.42459808342519256 0.9125685606494962 0.026626126463433166 0.02843408266026243
3 0.4293992129136868 0.9321543546501324 0.012562622862636888 0.012645450668363622
4 0.43496604622264324 0.9509669894165416 0.03303066861691084 0.036881808004454245
5 0.4316465080932266 0.9329628666504508 0.04261464686664216 0.06392839600562613
6 0.8546865 0.6921865 0.290625 0.425
5 0.8546865 0.6161865 0.290625 0.465
5 0.8546865 0.94453125 0.290625 0.1109365