0 0.540330266266094 0.3156635493614063 0.09440452800663595 0.056340880012626816
0 0.6359609406031392 0.29069246606458693 0.06254660934118149 0.05864884134309046
0 0.613994486592958 0.3642834126148159 0.04111589600562696 0.0426602146621816
0 0.8820016886298654 0.09549014865066889 0.09689315466854501 0.08862624266981654
3 0.9056932699560465 0.14108445942062328 0.056622614662181596 0.04126952800663594
3 0.6535206105983666 0.3260568014003606 0.029960220003181604 0.023682945336363515
3 0.6034564285885036 0.3969666340466606 0.025290901336626066 0.025290901336626244
3 0.5415564125955032 0.34468698060495266 0.05192612666090888 0.031849984006999666
6 0.50390625 0.4546865 0.1484365 0.140625
4 0.5904655325826666 0.43901968336840696 0.06946625334181666 0.06329996866599956
4 0.6683638132559126 0.39342611463581493 0.10932155068426205 0.13094201201463562
4 0.96640625 0.18125 0.0661865 0.2625
5 0.9015625 0.268125 0.196865 0.534365
5 0.5609365 0.41696865 0.2625 0.3015625
5 0.5868865465865946 0.4108493300445434 0.10466132001909004 0.14182496801399935
5 0.64365 0.4109365 0.221865 0.315625
5 0.21484365 0.6890625 0.4296865 0.421865
1 0.3265625 0.93203125 0.20625 0.1359365
2 0.265 0.69296865 0.309365 0.2015625
5 0.5298018462608665 0.8841141063658616 0.026106940006363406 0.04618408266026243