3 0.66015625 0.22435948864122386 0.096865 0.20425224266981654
0 0.6390625 0.053125 0.21865 0.10625
5 0.66265625 0.23984365 0.4546865 0.4696865
6 0.8109365 0.32109365 0.368125 0.3161865
2 0.5265625 0.6402641100413616 0.0109365 0.00950226933481808
2 0.461865 0.6310340133662612 0.0125 0.012645450668363622
2 0.4609365 0.6465316440324531 0.0109365 0.011064669334818082
4 0.53203125 0.6801614946086608 0.0234365 0.0366626200031816
4 0.48203125 0.6660896920353165 0.0161865 0.034564994668999895
4 0.46161865 0.6809158346992256 0.0234365 0.036210220003181606
5 0.465625 0.6059612880330894 0.04365 0.1348840663392625
5 0.468125 0.6566692386014529 0.028125 0.06651466400381698
5 0.50859365 0.6681800246055891 0.034365 0.06852498933699968
4 0.51015625 0.6664169560391345 0.025 0.04246840133662606
4 0.5328125 0.6918993353655435 0.0365 0.11918635200509069
6 0.684365 0.665625 0.36865 0.46865
3 0.6890625 0.545269968630088 0.1068125 0.10281601201463563
5 0.6328125 0.63984365 0.534365 0.5203125