2 0.6 0.24140625 0.6 0.1953125
5 0.6 0.21640625 0.6 0.2453125
4 0.16603624043383436 0.516844149868363 0.040961343285945865 0.05804884933606006
2 0.18300443930236626 0.4684430113146815 0.018895445645263666 0.02510908430895533
5 0.18085158684303818 0.501241865666062 0.05525110226293641 0.09619316256668665
3 0.6890464028052293 0.8162168546006264 0.10360668298109545 0.10059996369925486
3 0.615944625210328 0.6396498699223295 0.12633518052166656 0.1335488190854491
2 0.6464850958200286 0.6554612222834618 0.10502384328594586 0.05842155405833438
2 0.6914941610536966 0.6008286853186866 0.1160886083130606 0.08036018656189164
4 0.58984365 0.865 0.3568125 0.25
4 0.8296865 0.921865 0.30625 0.15625
5 0.81328125 0.82634365 0.3634365 0.3453125
5 0.68515625 0.69140625 0.5603125 0.4161865