4 0.16423003003658924 0.12101521805366029 0.0064499946689998925 0.01626022533418181
5 0.16429366460399826 0.1264839680536603 0.01142839600562696 0.04231466933481808
6 0.8632862426195884 0.26263329010181346 0.04020692401336308 0.09889203333863614
6 0.9158282686236246 0.2935929361065405 0.06615223201681632 0.13201361600890865
6 0.8366032686236246 0.2926838694302683 0.05921246268299925 0.12098520934118148
6 0.6924089600562601 0.29361911065645033 0.03862624266981654 0.0963113520050906
6 0.6686811033964961 0.34421855008649596 0.06225690268936265 0.16800566000954512
6 0.6161089680536603 0.26606515664626905 0.04326019866918126 0.09266839600562696
6 0.6930543963981333 0.348024255410542 0.06858646268299924 0.12109429634245403
6 0.6589606606256336 0.3046646066393148 0.02899660401018138 0.06532626400381698
6 0.615625 0.365625 0.09365 0.1865
0 0.590625 0.228125 0.04365 0.046865
0 0.6596868166160431 0.2414015380628603 0.01904090133662606 0.025218166002545344
0 0.6692180693825431 0.23303505464216836 0.03481135200509069 0.03689998933699968
0 0.6865654620464525 0.2128225520666683 0.020494313335454352 0.015861356336090696
0 0.6115396633668161 0.1912293626466326 0.025290901336626244 0.025290901336626066
0 0.6468595553686252 0.20560094265140516 0.044266258662816864 0.0458215663392625
0 0.6635665966138615 0.21929126542166666 0.0164238563360908 0.020512494668999893
0 0.8342504663664526 0.19634409642995013 0.03319430800445424 0.03319430800445433
0 0.8926442226084526 0.18083839643690428 0.015843166002545433 0.01893181333545444
0 0.9020919480426345 0.18619648543916696 0.03626466400381696 0.028543160661545236
3 0.8968226186141696 0.2230804414385406 0.015824994668999892 0.01636931333545444
3 0.8400636533815886 0.22686648209635916 0.015688632001909164 0.01424431333545444
3 0.6615236480505885 0.2442640034213596 0.011082950668363623 0.012626269334818081
3 0.645696042051225 0.24865151141685964 0.020512494668999893 0.0164238563360908
3 0.6119033000466251 0.2224693626466326 0.014226132001908986 0.014226132001908986
3 0.6669453360518613 0.25242085406381466 0.006359088001262539 0.009446625334181811
3 0.6663015806208612 0.2696265326418602 0.014206950668363622 0.012663632001908986
3 0.5922906813892248 0.28123565006363344 0.016460220003181603 0.023636494668999892
5 0.8849055426265426 0.3213543094366316 0.06366695336363444 0.29669316000954493
5 0.9162266940642698 0.3466260266643133 0.10098398138126038 0.35425224266981653
5 0.8398465813961689 0.34260205066381366 0.11008626136808894 0.33092383068109026
5 0.6926816800604518 0.31615661065645033 0.05410688669636233 0.21934998400699968
5 0.6625 0.4 0.115625 0.4365
5 0.620896586628169 0.32413266941435986 0.06433640936299816 0.2928965620082624
5 0.6884466186141696 0.22064414264345098 0.019149989336999684 0.03459316600254526
5 0.6623401993952699 0.3265659694064056 0.04136152936026135 0.19889203333863606
5 0.6900839386332696 0.361269142643451 0.0866930906065436 0.2946316920114541
5 0.58046865 0.31015625 0.0234365 0.0828125
5 0.621865 0.41015625 0.10625 0.4161865
5 0.568125 0.3453125 0.01865 0.28125
