6 0.6632223139190866 0.28845642846866404 0.014198855386194253 0.023519313231616586
5 0.6646893590986265 0.28666608811958444 0.016360216822512698 0.029686493949865808
0 0.6695268560635653 0.26904506604234555 0.0063045421544668435 0.009411361436318443
0 0.8835694614596596 0.255003058163551 0.006295451695396966 0.006848861436318444
0 0.8642035518188391 0.25349510031802864 0.006286361436318444 0.006286361436318444
0 0.8913910518188392 0.25339510636815293 0.006848861436318444 0.006295451695396966
0 0.9053535568689633 0.2605006931364364 0.0062954516953983215 0.006848861436318444
6 0.9045132205349459 0.2806615883159661 0.012562622862636888 0.012562622862636888
6 0.890518898228043 0.26902465154669263 0.012618164668034854 0.020385222862636888
6 0.8835149193052818 0.264368058163551 0.004642042154466844 0.009402261066238922
6 0.8633623048439014 0.2620933954965685 0.009429542154466843 0.009429542154466666
5 0.8641616355620604 0.25896385031802865 0.011046584308955332 0.018813632513556366
5 0.8826609403825206 0.25969510334309086 0.006921584308955332 0.018695451695396966
5 0.892104124125642 0.2651093111886131 0.01424430618159222 0.03133181323161659
5 0.9053126512531051 0.26653204313643636 0.014206945645263666 0.02508181323161659
5 0.14665625 0.4390625 0.0161865 0.01865
3 0.4921865 0.69609365 0.046865 0.2203125
0 0.55625 0.546865 0.165 0.234365
6 0.603125 0.89921865 0.26865 0.2015625
5 0.6203125 0.61484365 0.303125 0.5603125