0 0.5421865 0.65068125 0.165625 0.1953125
2 0.6811180186380421 0.9215866129136869 0.011064669334818082 0.011001132513556365
2 0.6356964306366695 0.9125298654814645 0.012663632001908986 0.014135222862636886
2 0.6483600626386685 0.9266650983541114 0.011064669334818082 0.011001132513556365
4 0.6661038020666683 0.9606163966569092 0.02231135200509069 0.036626265026114634
4 0.6266396014083146 0.9484128333269968 0.016024989336999684 0.034465903590696286
4 0.6469868926434511 0.9618168031645616 0.023855660661545325 0.03606385538619425
5 0.64365 0.959365 0.04365 0.08125
5 0.6296464226402694 0.9382646640451561 0.02890669634245403 0.06635112646343318
5 0.6001861920650865 0.9490395462226432 0.03528406666626228 0.06832498689965162
4 0.6986236920650865 0.9490304568635636 0.02549089600562696 0.04233294564526368
4 0.665 0.95625 0.0365 0.0865
6 0.58515625 0.9068125 0.2515625 0.184365
3 0.51328125 0.82421865 0.1068125 0.1015625
5 0.6 0.66484365 0.28125 0.4603125