0 0.5604632386853184 0.1661865 0.218423688834828 0.2125
0 0.95390625 0.25603125 0.0921865 0.2140625
0 0.665625 0.40068125 0.1625 0.0568125
0 0.9453125 0.38203125 0.109365 0.0953125
5 0.84609365 0.0296865 0.2484365 0.059365
0 0.6453508022116226 0.34665625 0.16956813231616553 0.140625
4 0.634122931601922 0.26328125 0.11484426088084606 0.134365
4 0.66634365 0.31484365 0.2015625 0.2296865
2 0.651833126249 0.1634365 0.1131363251355633 0.109365
3 0.8359162356584523 0.2234365 0.04560339149054691 0.05
5 0.94921865 0.1015625 0.1015625 0.203125
4 0.96484365 0.0603125 0.0603125 0.140625
5 0.61865 0.39296865 0.33125 0.0634365
5 0.5913041625266356 0.2365 0.2641816164296294 0.2890625
5 0.68828125 0.25546865 0.3661865 0.3484365
5 0.9546865 0.25546865 0.090625 0.2203125
3 0.5296865 0.5890625 0.2 0.15
4 0.59365 0.659365 0.328125 0.28125
5 0.61484365 0.62634365 0.5603125 0.3953125
2 0.5109365 0.82890625 0.1625 0.1359365
5 0.66265625 0.86015625 0.4859365 0.2696865