0 0.82265625 0.125 0.2265625 0.25
3 0.9255615186395466 0.153125 0.11656039634428025 0.1625
5 0.85068125 0.2328125 0.2984365 0.465625
4 0.44665625 0.9453125 0.2046865 0.109365
4 0.1895841538853838 0.66109365 0.1819499566491305 0.1203125
3 0.2483369851692661 0.64365 0.05952953610435365 0.0265625
3 0.3508115036142363 0.88984365 0.026626126463433166 0.028125
0 0.3894018258229443 0.83661865 0.15193520462226432 0.0640625
2 0.2628693525565239 0.58984365 0.12060338544042354 0.0661865
5 0.18366452146002225 0.646865 0.336583956256346 0.3696865
5 0.36421865 0.8984365 0.3515625 0.203125
6 0.8015625 0.66953125 0.396865 0.4609365
5 0.80546865 0.66953125 0.3890625 0.4609365