4 0.28828125 0.021865 0.2453125 0.04365
5 0.2484365 0.1265625 0.346865 0.253125
0 0.12554018063666954 0.6216166262666848 0.04900112133990866 0.04900112133990895
0 0.1684816586364514 0.618862890595185 0.03482953333863605 0.039462489336999684
0 0.21115041663295156 0.5925916539226854 0.04901930266345413 0.05056362133990895
0 0.31612824406222395 0.6351144139083669 0.03168635200509069 0.03686362666090888
0 0.34093691406645144 0.5996663532384135 0.03481135200509069 0.03689998933699968
0 0.38094584341181453 0.6804618198996665 0.036282945336363516 0.030105660661545326
3 0.2194164500615866 0.6315632462549582 0.014244313335454529 0.015688632001908986
3 0.15946936606413296 0.6510132285964568 0.020548856336090698 0.020548856336090698
3 0.12840209864281464 0.6662206052663666 0.022146620003181604 0.02369203866963616
6 0.08365321641622344 0.6236691139401846 0.08933631468808993 0.158830654668545
6 0.14921458541531435 0.6089529969312659 0.06393632535008996 0.12416465334181666
6 0.19916004141466808 0.6036836952568216 0.08441245635199913 0.13846361066690855
6 0.2804196694239049 0.6606161065802313 0.04160669201145392 0.08484661466218159
6 0.3220526486506689 0.6225689605645043 0.0699694960216353 0.16028406666626219
6 0.3626435420909958 0.66266840690105 0.05952154535326185 0.1465466093411815
6 0.5015625 0.66328125 0.034365 0.1609365
5 0.4696865 0.80859365 0.068125 0.3828125
5 0.36605663466285924 0.8111314639020046 0.09253513460616996 0.2994638360120902
5 0.31953125 0.68661865 0.1484365 0.4265625
5 0.2845895586603139 0.6933269032463666 0.11513638804899663 0.36222836468162653
5 0.19300149542485948 0.6686655112586661 0.13935668539145166 0.4296885946849082
5 0.13661456142581388 0.6864421985996394 0.10449068938562498 0.3861011053469086
5 0.08203125 0.69609365 0.1484365 0.4068125
1 0.84140625 0.69453125 0.3161865 0.3696865
2 0.80603125 0.5140625 0.3859365 0.25
4 0.659365 0.9015625 0.48125 0.196865
5 0.659365 0.69453125 0.48125 0.6109365