3 0.2699460961146163 0.08153564206613329 0.04389544564526368 0.025509066339262414
3 0.46959361386220534 0.2916561614264046 0.040660445645263666 0.025462614662181596
4 0.14260616639850953 0.10626943461513415 0.216996541958086 0.1415896053628168
4 0.5136363366466465 0.3693918200986318 0.14296018052166656 0.1344660013526354
0 0.5239648629463916 0.2663940894334499 0.11649656220860695 0.05448860001590834
2 0.3203811985639442 0.049195856639314835 0.0652908914905469 0.05086260401018138
5 0.16890625 0.18359365 0.3568125 0.3515625
5 0.41640625 0.3328125 0.3640625 0.2125
1 0.81953125 0.36568125 0.3609365 0.1265625
2 0.81953125 0.19609365 0.3609365 0.1603125
5 0.81953125 0.2661865 0.3609365 0.34365
5 0.22109365 0.61953125 0.3984365 0.5609365
