5 0.12890625 0.684365 0.1015625 0.43125
5 0.46161865 0.684365 0.1984365 0.43125
5 0.3203125 0.6608546450065893 0.1865 0.34484084308955404
5 0.29365 0.6953125 0.1365 0.253125
4 0.3125 0.6161865 0.059365 0.096865
4 0.3625 0.6184216053114395 0.0640625 0.09624660462226432
4 0.44609365 0.6116853611006699 0.0953125 0.19586601190385652
3 0.346865 0.6591366089022356 0.0109365 0.012563632513556365
3 0.4953125 0.616086524689662 0.021865 0.03450226502611463
0 0.36015625 0.630935340850059 0.053125 0.06436156220860696
0 0.49609365 0.5696865 0.0634365 0.021865