3 0.20226609318664994 0.053810964592639666 0.04546612646343316 0.02865225866281691
4 0.25603125 0.096865 0.0640625 0.15625
2 0.16328125 0.021865 0.0696865 0.04365
5 0.19609365 0.18203125 0.1859365 0.3640625
5 0.1109365 0.36568125 0.221865 0.3859365
1 0.65546865 0.45390625 0.4890625 0.2296865
2 0.6625 0.2161865 0.465 0.196865
5 0.64453125 0.3328125 0.6109365 0.461865
1 0.0390625 0.91484365 0.068125 0.1603125
2 0.11822380093506636 0.6306103692611846 0.1868283551898024 0.15528856869190682
5 0.1234365 0.81696865 0.246865 0.3640625