4 0.221865 0.065 0.21865 0.15
5 0.26328125 0.20603125 0.3359365 0.4140625
2 0.8368886359564111 0.06109583352338848 0.014262494668999893 0.01626931323161659
3 0.8364518099538658 0.08985036860292834 0.01266363200190881 0.014135222862636886
5 0.8324824992839114 0.11404185662568941 0.05281601201463562 0.10811248184962643
4 0.8410035239496295 0.12034185460062636 0.020821566339262323 0.04386816466803503
0 0.64665625 0.63203125 0.0568125 0.0568125
0 0.6498605412953653 0.6009464808666686 0.03622840133662606 0.02520906825883114
0 0.6863438432925019 0.6216630613249442 0.04618408266026261 0.026835210662388506
0 0.8959461099618199 0.603359929441613 0.039353401336626246 0.02522625896699054
0 0.9448199619669106 0.5661416305630811 0.036228401336626244 0.02520906825883114
0 0.9061016859643653 0.5846635619551603 0.03619203866963616 0.02208406825883114
0 0.6029682692950462 0.6030185200952802 0.028343166002545434 0.018913626463433166
3 0.8894860246260465 0.6212923180052945 0.011046588001262539 0.009438632513556366
1 0.6566108862931383 0.6163946364835261 0.016351132001908985 0.01416249394986581
3 0.6931296452896384 0.6428066269408024 0.014226132001908986 0.014144313231616586
3 0.63203125 0.6665625 0.0265625 0.028125
6 0.6890625 0.66640625 0.140625 0.2015625
6 0.6493523632893201 0.6454686308666686 0.052326116008908664 0.06592498184962643
6 0.9286949652944109 0.6090195669822849 0.03155908266026243 0.026644306181592396
6 0.9665938432925019 0.6233093359592654 0.05860338534362692 0.06689884328594586
4 0.9211001039545021 0.6564161603664266 0.06660669201145392 0.08465669508134384
4 0.614986463956093 0.6444964929669161 0.025418160661545326 0.03608294564526368
4 0.6028666246180932 0.66880431526482 0.06118520401018139 0.06540906615858265
5 0.959365 0.64921865 0.08125 0.1984365
5 0.9256148686203203 0.6636934414436656 0.08339539635836254 0.18484669866214013
5 0.9192648839513204 0.680844580006346 0.08815562269254436 0.19112496964936904
5 0.6638324966184113 0.6668150892689251 0.10530666002545336 0.18809996369925486
5 0.6153040899506842 0.684345688146456 0.06862606869190809 0.18638292659490122
5 0.6961819199554566 0.6490659086589618 0.061882929344363194 0.08160452400410509
5 0.61696865 0.69453125 0.1984365 0.4109365