4 0.1983941316269904 0.3522319252864566 0.21839651665658914 0.2103396053628168
4 0.38661865 0.03125 0.1665625 0.0625
3 0.2681811046960191 0.23410808660886628 0.025154536104353465 0.02685340133662606
0 0.2318419151018694 0.19245693594845692 0.14414088544042353 0.06886018268618095
5 0.40625 0.12890625 0.334365 0.2568125
5 0.26161865 0.38046865 0.4140625 0.4665625
6 0.9453125 0.09453125 0.109365 0.1890625
5 0.91328125 0.309365 0.1634365 0.61865
0 0.36109365 0.6390625 0.3984365 0.240625
3 0.44665625 0.946865 0.1546865 0.10625
5 0.328125 0.809365 0.603125 0.38125
2 0.81953125 0.65234365 0.1140625 0.0661865
3 0.8100063008368806 0.6848166112646845 0.0666511083130606 0.08046929634245403
6 0.6920390616166266 0.8194096862662298 0.16116489109666423 0.3112294960216353
5 0.8125 0.809365 0.365625 0.38125