5 0.36634365 0.09453125 0.2640625 0.1890625
4 0.45546865 0.8140625 0.1068125 0.221865
4 0.3120526316296946 0.6933601456939601 0.13861810811666866 0.21016495159900648
4 0.12286641168221962 0.6633663291425941 0.1183510659621911 0.20068166693096136
4 0.015625 0.64365 0.03125 0.21865
2 0.1403946584860111 0.5631109948336386 0.08162269866214013 0.08162269866214013
3 0.48515625 0.62890625 0.0484365 0.0484365
3 0.13001166038986683 0.6584861263461959 0.05499656220860695 0.05344316256668646
5 0.16328125 0.6546865 0.3265625 0.490625
5 0.33515625 0.82265625 0.2859365 0.3546865
5 0.43515625 0.6921865 0.1484365 0.415625
4 0.93984365 0.90390625 0.1203125 0.1921865
5 0.9 0.66953125 0.2 0.4609365