4 0.55625 0.02109365 0.168125 0.0421865
5 0.50859365 0.12568125 0.3015625 0.2515625
0 0.93359365 0.2 0.1328125 0.190625
0 0.603125 0.29296865 0.0865 0.1421865
3 0.609365 0.4195510633609068 0.09365 0.08390338001262682
3 0.9546865 0.3625 0.090625 0.096865
4 0.66109365 0.515625 0.2234365 0.146865
5 0.803125 0.396865 0.2865 0.384365
5 0.88661865 0.34453125 0.2265625 0.4890625
5 0.3296865 0.69453125 0.659365 0.4109365
4 0.440625 0.8515625 0.30625 0.296865
3 0.38125 0.6666032414066238 0.146865 0.14545904535326166