5 0.1546865 0.12568125 0.309365 0.2515625
0 0.9859365 0.01484365 0.028125 0.0296865
0 0.69921865 0.06323868064160035 0.028125 0.040688626463433085
6 0.6109365 0.13582685304850323 0.040625 0.09242384933606006
3 0.6015625 0.09369389520298092 0.0109365 0.015688632513556364
5 0.61328125 0.1850319665098838 0.06865 0.2925864656995032
3 0.990625 0.045918428663251654 0.0125 0.016260222862636965
6 0.98661865 0.1015625 0.0265625 0.121865
5 0.98125 0.14609365 0.0365 0.2921865
6 0.60234365 0.60625 0.4453125 0.5865
5 0.6328125 0.6696865 0.546865 0.640625
3 0.63984365 0.421865 0.0515625 0.125