3 0.40390625 0.090625 0.0484365 0.0328125
3 0.21696865 0.340625 0.0453125 0.0328125
4 0.55546865 0.103125 0.25 0.168125
4 0.1921865 0.40859365 0.16865 0.1203125
0 0.16640625 0.31865 0.13125 0.061865
2 0.35625 0.06161865 0.0859365 0.0625
5 0.50625 0.2 0.3865 0.4
5 0.30390625 0.35625 0.4390625 0.225
3 0.89453125 0.23828125 0.009365 0.0140625
0 0.8953125 0.2161865 0.028125 0.0359365
4 0.9125 0.265 0.0328125 0.061865
5 0.9068125 0.32568125 0.0890625 0.253125
1 0.284365 0.690625 0.56865 0.39365
4 0.35 0.84921865 0.6 0.3015625
5 0.35 0.634365 0.6 0.53125
