4 0.53359365 0.046865 0.1515625 0.09365
5 0.4665625 0.14609365 0.265625 0.2921865
5 0.96865 0.134365 0.0625 0.26865
6 0.9696865 0.06109365 0.040625 0.1421865
6 0.661865 0.3859365 0.125 0.3625
0 0.6649864062230648 0.15914021330646135 0.06608065046653809 0.0895069265949012
5 0.65390625 0.353125 0.2890625 0.49365
0 0.10500215914994104 0.6404620265381869 0.06996839149054662 0.050463608313060425
0 0.3652446665611964 0.6568293213249442 0.09406816256668646 0.05523292154466601
0 0.052635683252242015 0.6362612495090206 0.04386816466803503 0.020566030054229284
0 0.0345623941228264 0.6181869603696051 0.028215903590696196 0.015688626463433164
3 0.0488566982693566 0.6581135236113216 0.012562622862636888 0.012562622862636888
3 0.12088168920416033 0.6843129301289841 0.039198855386194255 0.02366465896699054
3 0.36460895625634616 0.6990122661454044 0.03918966502611463 0.02210225896699054
6 0.36615551636480564 0.8865659086589616 0.1322408491396682 0.16106609016268804
6 0.0846219962865669 0.880193056690613 0.1563316526304645 0.1868465359069618
6 0.0068125 0.665625 0.015625 0.0625
4 0.026223164166055684 0.6618869634046661 0.022064986899651618 0.03450226502611455
4 0.04282486689626646 0.6955661621650032 0.06290906615858266 0.0606661143631848
5 0.0109365 0.6984365 0.021865 0.184365
5 0.03036566351312565 0.8025356893023663 0.05633165263046451 0.18626465292686626
5 0.04654930961566515 0.6643498880626022 0.0535604265949012 0.06686156220860613
5 0.08661865 0.8546865 0.1634365 0.290625
5 0.3865 0.86484365 0.18125 0.2603125