4 0.1015625 0.03515625 0.203125 0.0603125
5 0.18125 0.18359365 0.3625 0.3661865
1 0.63984365 0.35 0.4015625 0.2365
2 0.653125 0.125 0.428125 0.25
4 0.66953125 0.4140625 0.4609365 0.109365
5 0.66953125 0.234365 0.4609365 0.46865
0 0.30625 0.496865 0.065 0.05625
4 0.2923168485505032 0.6468611606510861 0.12464651665658924 0.20924882535009015
5 0.26865 0.634365 0.23125 0.53125
5 0.66953125 0.634365 0.4609365 0.53125
4 0.66953125 0.9453125 0.4609365 0.109365
1 0.8328125 0.84665625 0.334365 0.3046865
2 0.853125 0.58125 0.29365 0.225