5 0.32568125 0.1015625 0.2859365 0.203125
1 0.8068125 0.0625 0.384365 0.125
4 0.634365 0.26696865 0.53125 0.4015625
5 0.634365 0.234365 0.53125 0.46865
4 0.03689355034590123 0.9066885386094061 0.0519160240041051 0.061536484006999665
2 0.04440152331663404 0.8545356953661343 0.02509999394986581 0.016468401336626244
3 0.04450606244614965 0.8625044453661342 0.020403403590696196 0.015861356336090964
5 0.03828125 0.9203125 0.0665625 0.159365
0 0.8339164995090206 0.5690368314369496 0.08019656010845858 0.08842624801081665
2 0.6913260411625191 0.9009498080839962 0.059846698662140126 0.08194089066462603
4 0.8646111920328408 0.6326826054423586 0.10602368268460362 0.2309056493465449
3 0.6955105461244464 0.9486515114168596 0.03145906825883114 0.036301126660909054
3 0.8358163426949666 0.6268685126604952 0.03301248689965162 0.03465680800445442
4 0.66421865 0.96568125 0.1161865 0.0484365
5 0.6665625 0.92634365 0.159365 0.1453125
5 0.86953125 0.6546865 0.2203125 0.490625