4 0.1546865 0.0634365 0.309365 0.146865
5 0.21865 0.2 0.4365 0.4
2 0.690625 0.3011469468865632 0.1015625 0.10215336334016516
5 0.684365 0.22109365 0.43125 0.3568125
0 0.2921865 0.41484365 0.05625 0.0296865
1 0.30068125 0.46633100496996966 0.0161865 0.03291249394986581
4 0.35625 0.6012464626162961 0.115625 0.26411018656189163
4 0.51865 0.49906686006156644 0.05625 0.18001465292686636
2 0.52634365 0.40859365 0.0328125 0.0161865
5 0.525 0.58203125 0.0865 0.3640625
5 0.35859365 0.6 0.2203125 0.6
5 0.534365 0.46421865 0.06865 0.1484365