3 0.2414955909482548 0.08291353561156005 0.040660445645263956 0.025236349336060062
4 0.20665698263519428 0.16240104681181852 0.14453166088084606 0.1352113130353249
0 0.1961143318630685 0.05686321046680092 0.11905906220860696 0.053815866290050966
5 0.4609365 0.06890625 0.196865 0.1568125
5 0.3046354134515494 0.22469249043383438 0.36955099336060063 0.4083862343836101
0 0.996865 0.465625 0.00625 0.03125
6 0.99453125 0.4634365 0.0109365 0.05625
5 0.99453125 0.4865 0.0109365 0.084365
5 0.63046865 0.621865 0.1161865 0.125
0 0.9366353065643656 0.8601610891806292 0.0803238251355633 0.10983860831306061
3 0.942644994440855 0.9490991554365069 0.02520906825883114 0.03608294564526368