5 0.2125 0.1015625 0.334365 0.203125
5 0.31015625 0.26953125 0.1390625 0.4203125
0 0.48046865 0.05068125 0.1661865 0.1015625
0 0.45603125 0.11015625 0.1546865 0.1390625
0 0.9365 0.0984365 0.125 0.196865
0 0.5604536601934661 0.26634365 0.18401242639850954 0.20625
0 0.92890625 0.4 0.1421865 0.153125
0 0.60234365 0.41865 0.2140625 0.121865
2 0.4296865 0.361865 0.1 0.134365
3 0.4822602036403056 0.4015625 0.03151362041330898 0.0453125
0 0.92568125 0.29140625 0.1484365 0.1328125
4 0.9262266588553534 0.20625 0.10856699980360815 0.1296865
4 0.6996253545024314 0.29609365 0.18631923458010194 0.2365
2 0.6940424541330892 0.1421865 0.10842155405833438 0.1046865
3 0.6216625443939629 0.20859365 0.04246930113146803 0.0484365
5 0.49609365 0.1125 0.2328125 0.225
4 0.5484365 0.068125 0.084365 0.15625
4 0.43203125 0.26634365 0.1046865 0.1953125
4 0.8515625 0.4453125 0.134365 0.06865
5 0.86161865 0.40234365 0.2665625 0.1546865
5 0.91953125 0.16265625 0.1609365 0.2665625
5 0.6682543485505031 0.2484365 0.3458953246426898 0.36865
5 0.45 0.390625 0.140625 0.168125
5 0.5596669650139363 0.2665625 0.180923688834828 0.2125
5 0.465625 0.21484365 0.161865 0.3546865
6 0.65390625 0.4865 0.0328125 0.015625
5 0.665 0.55859365 0.090625 0.1568125
