0 0.9101592325369985 0.32365664855191436 0.028306806181592564 0.031566264003816964
0 0.8336285486936662 0.31916968389564116 0.023563855386194255 0.023610220003181602
0 0.6619916120254936 0.30583544656068623 0.01259999394986581 0.016332950668363534
0 0.690805244539051 0.2946696605681409 0.028306806181592486 0.031566264003816964
0 0.6820615036142363 0.32056101690264085 0.046120439695149584 0.04263294000636332
0 0.6960416090004316 0.2981144005808666 0.025154536104353465 0.02685340133662606
0 0.6446968590004315 0.29862346525464 0.050263620413308986 0.04589430266345422
0 0.5968136686413519 0.3008314152610033 0.01886816466803503 0.020530666002545344
0 0.5860995638208918 0.30018652526259415 0.01886816466803503 0.020530666002545344
0 0.5556944463344491 0.28960356126663036 0.034565896540662096 0.033212489336999686
6 0.565569699456606 0.36280460393063956 0.04564883623582168 0.06552625866281686
6 0.5904506205349458 0.3569444812619568 0.01594316256668665 0.05486931333545435
6 0.6606859524826691 0.3604065612524128 0.020456945645263665 0.0252363563360908
6 0.6862302616646099 0.3632234885821403 0.06932269262201593 0.09923646866599956
6 0.6463628862259905 0.3648662562406406 0.03166624082661669 0.09098862666090886
6 0.6694166616646098 0.362150689902959 0.06291815651666228 0.06260225334181666
6 0.8191968892510526 0.3826246658965502 0.04892836939029926 0.08493862133990866
6 0.6620638140162834 0.4266013559039135 0.09149666446164336 0.15105451634563564
6 0.6244802868899205 0.41691949192395805 0.10096266842151916 0.16835110534690845
6 0.553125 0.36109365 0.046865 0.1109365
3 0.9066836623303441 0.3464411605522325 0.00946499394986581 0.01629658800126254
6 0.9120939163684156 0.39404286655159626 0.06308168298109546 0.10062625334181666
3 0.8280143530485032 0.34424341856305024 0.01414431323161641 0.014226132001908986
3 0.6601336653554061 0.35663486690423165 0.02200226502611463 0.022129538669636163
3 0.6929616325369984 0.3262848539146312 0.01561590359069611 0.015806813335454438
3 0.6499065336666624 0.3431910905862309 0.011055664668035032 0.02043966933481808
3 0.5961330939633169 0.3211620965945488 0.006866132513556366 0.011028406666626165
3 0.5828563891528568 0.32053538692968506 0.011001132513556365 0.011064669334818082
3 0.5524012646914662 0.31854616393382123 0.01884999394986581 0.016405666002545344
0 0.5641518409482548 0.31294106393223036 0.00691249394986581 0.016268406666626165
5 0.5359365 0.3203125 0.0125 0.15625
5 0.56015625 0.43046865 0.0609365 0.3265625
5 0.5623046085328934 0.3886223165966304 0.06522606596219109 0.2006454346653633
5 0.5832922055068312 0.36990129626291233 0.04948289129415606 0.18025112133990868
5 0.6140625 0.46015625 0.14365 0.3696865
5 0.6838689224285398 0.41388485124923113 0.0984203610435351 0.26665224266981656
5 0.6465280036124332 0.38581384690641335 0.06202834308955403 0.1882090620082624
5 0.6662103661508042 0.3486405619032662 0.08996244554888211 0.15562383601209036
5 0.8206640308396962 0.39645023456400465 0.06140334308955402 0.18831816000954493
5 0.8986808561616613 0.41685366688663245 0.09191583098930564 0.22292951634563564
5 0.68661865 0.461865 0.2140625 0.35625
0 0.33469912159165936 0.8355502185610044 0.09645668298109546 0.10112624266981654
0 0.3966990963911624 0.6660629652291866 0.06855224686664216 0.0643465666662621
0 0.22835864493183442 0.6352331399188664 0.04400453005422929 0.0442590663392625
0 0.11480023896990606 0.6842065366009121 0.0551511083130606 0.0803238466640905
0 0.049302504006020684 0.6630961526098208 0.06865224082661669 0.0915340666662622
6 0.04665625 0.91328125 0.0953125 0.1634365
6 0.09665625 0.915625 0.1046865 0.16865
6 0.22836266923052616 0.8688166992520946 0.09161584913966821 0.16136601634563562
6 0.31696865 0.95068125 0.1603125 0.0984365
6 0.4 0.91640625 0.103125 0.1661865
3 0.3833456059006146 0.8162365962310956 0.034546616822512696 0.030086489336999683
3 0.22808148896990604 0.6828893899188664 0.029851126463433166 0.028460445336363516
5 0.39453125 0.8625 0.1661865 0.265
5 0.31865 0.8890625 0.203125 0.221865
5 0.21015625 0.853125 0.1546865 0.29365
5 0.1 0.8661865 0.140625 0.265625
5 0.06328125 0.85603125 0.1265625 0.2859365