0 0.4619866386060028 0.24251686821194898 0.06412839066462603 0.05980224686664198
2 0.3860165692886838 0.12409915543650694 0.06604316066154515 0.036319295081344016
4 0.4494154606142652 0.18150311015966225 0.09502269334818116 0.10992042154466602
4 0.08203125 0.04921865 0.1640625 0.0984365
3 0.04921865 0.00390625 0.0634365 0.0068125
3 0.3865432906190466 0.1459686006160466 0.034611356336090696 0.02051248689965162
5 0.43125 0.21865 0.196865 0.28125
5 0.1265625 0.14365 0.253125 0.2865
3 0.85390625 0.46265625 0.1203125 0.0265625
4 0.8109365 0.6390625 0.368125 0.359365
5 0.69296865 0.6296865 0.4140625 0.540625