5 0.090625 0.18359365 0.18125 0.3661865
4 0.92890625 0.168125 0.1421865 0.35625
4 0.85625 0.11696865 0.090625 0.2359365
4 0.60390625 0.06865 0.1453125 0.1365
4 0.53203125 0.0568125 0.1546865 0.115625
5 0.4634365 0.19453125 0.146865 0.3890625
5 0.54296865 0.19453125 0.2828125 0.3890625
5 0.6234365 0.19453125 0.25625 0.3890625
5 0.840625 0.19453125 0.221865 0.3890625
5 0.88828125 0.19453125 0.2234365 0.3890625
2 0.6848963325906306 0.8414224899428551 0.016442038669636162 0.021964993949865808
3 0.6815359652546399 0.8616168092246958 0.012609088001262539 0.009446622862636889
4 0.6682463432526309 0.8656611285065365 0.030160214662181596 0.040696616822512695
5 0.68203125 0.91484365 0.0640625 0.1603125