0 0.49140625 0.3921865 0.0661865 0.0515625
2 0.465625 0.26484365 0.059365 0.0328125
2 0.2203125 0.01015625 0.1 0.0203125
4 0.5015625 0.33515625 0.084365 0.0984365
4 0.234365 0.06953125 0.1625 0.1390625
3 0.2234365 0.0365 0.0661865 0.028125
3 0.46015625 0.2828125 0.03125 0.01865
5 0.4865 0.361865 0.203125 0.253125
5 0.23203125 0.1568125 0.2634365 0.315625
5 0.69453125 0.2696865 0.4109365 0.559365
4 0.6359365 0.30603125 0.29365 0.5046865
1 0.66109365 0.0365 0.2296865 0.065
5 0.93046865 0.625 0.1390625 0.13125
5 0.65234365 0.6696865 0.1265625 0.440625