0 0.18203125 0.3064999243634464 0.00625 0.009411361436318443
6 0.168125 0.32544594846564836 0.009365 0.021929542154466666
6 0.265625 0.565955008584206 0.01865 0.04063408430895533
5 0.168125 0.3231021984656484 0.0140625 0.03601931323161659
5 0.26484365 0.5620442134046662 0.0265625 0.06046603610435348
0 0.26865 0.5446231893023663 0.0109365 0.012563632513556365
1 0.5365 0.16265625 0.065 0.2265625
4 0.6 0.4609365 0.2 0.315625
5 0.8859365 0.309365 0.228125 0.61865
5 0.61484365 0.309365 0.4296865 0.61865
3 0.2 0.6916259812604522 0.1953125 0.15638629488495234
4 0.209365 0.91953125 0.41865 0.1609365
5 0.25 0.809365 0.5 0.38125
1 0.65 0.69665625 0.5 0.1568125
4 0.65 0.86161865 0.5 0.2665625
5 0.65 0.809365 0.5 0.38125