5 0.21386005044409612 0.18515625 0.03514668052166655 0.1328125
0 0.6426481196259369 0.32421865 0.09096134328594588 0.0568125
0 0.8553390233166342 0.33984365 0.1335033662900508 0.11865
3 0.6642481046006264 0.3661865 0.03669089149054691 0.05
3 0.629844119626642 0.3890625 0.050190896540662096 0.0328125
4 0.80625 0.4890625 0.159365 0.121865
5 0.61865 0.40234365 0.4 0.2661865
5 0.65234365 0.4046865 0.2661865 0.23125
4 0.12109365 0.66568125 0.1984365 0.2515625
4 0.29093056869086143 0.62568125 0.32996034289316235 0.3161865
4 0.4515625 0.65234365 0.134365 0.1609365
5 0.4234365 0.665 0.190625 0.45
5 0.29140625 0.665 0.4109365 0.45
5 0.13203125 0.665 0.2640625 0.45
5 0.04140625 0.62890625 0.0828125 0.3568125
4 0.64365 0.60625 0.0865 0.1125
5 0.64140625 0.66015625 0.1161865 0.4203125