0 0.996865 0.115625 0.00625 0.009365
6 0.996865 0.13359365 0.00625 0.0265625
6 0.99453125 0.1484365 0.0109365 0.068125
0 0.1125 0.6680239642884299 0.09365 0.1036604215446662
0 0.36421865 0.68515625 0.0296865 0.1046865
3 0.3828125 0.81484365 0.0125 0.0640625
3 0.13125 0.9201023699694645 0.059365 0.0628454336450254
4 0.1203125 0.96484365 0.125 0.0603125
5 0.31015625 0.815625 0.1568125 0.36865
5 0.1359365 0.85390625 0.246865 0.2921865
6 0.6625 0.93661865 0.25625 0.1265625
3 0.6015625 0.8661586662802199 0.05625 0.06366465292686635
0 0.66890625 0.6461966264868643 0.13125 0.13201359016268685
5 0.61015625 0.83661865 0.3921865 0.3265625