0 0.10631915895354933 0.2506611168692261 0.01562499394986581 0.016268403590696288
3 0.10900892398066396 0.2626360265201465 0.011019313231616588 0.014126132513556366
6 0.11466856152133594 0.30541661126336686 0.030023843285945863 0.056985216822512696
5 0.11386823116225633 0.3038596564429066 0.04289654800821019 0.12212043969514959
0 0.696865 0.02568125 0.15625 0.0515625
3 0.6923694393023662 0.11683193423420066 0.058185204622264315 0.06439884328594588
6 0.64365 0.25859365 0.25 0.3828125
5 0.6661865 0.225 0.296865 0.45
5 0.161865 0.8665625 0.34365 0.2125
6 0.6453125 0.561865 0.09365 0.24365
6 0.8890625 0.5328125 0.06865 0.165625
5 0.9 0.66865 0.109365 0.4365
5 0.6665625 0.625 0.234365 0.55
