0 0.11696865 0.6684260866884081 0.0865 0.06658065466854483
6 0.3296865 0.8933896563838158 0.0603125 0.14456816000954512
1 0.35603125 0.8163640806208612 0.021865 0.03665453866963616
1 0.09665625 0.6616834693523163 0.03125 0.04880112666090888
1 0.465 0.6153930214035422 0.0359365 0.03166816066154515
2 0.46421865 0.65625 0.0603125 0.05625
4 0.45859365 0.6846333664013152 0.0696865 0.13216624801081663
4 0.5 0.59140625 0.01865 0.0234365
5 0.49609365 0.6109365 0.0265625 0.0625
5 0.44609365 0.66640625 0.1265625 0.2828125
5 0.31953125 0.86265625 0.1015625 0.2546865
5 0.1234365 0.8125 0.196865 0.365
0 0.34921865 0.666054424053134 0.0421865 0.05361589600562696
6 0.1234365 0.8865 0.1365 0.225