1 0.23203125 0.64140625 0.4640625 0.3203125
2 0.2234365 0.42634365 0.446865 0.0546865
4 0.24453125 0.86421865 0.4890625 0.2515625
5 0.24453125 0.6 0.4890625 0.6
0 0.9161865 0.5 0.165625 0.2
0 0.6625 0.5860935986468949 0.16865 0.1869192586805986
0 0.50859365 0.65234365 0.0390625 0.1359365
3 0.5068125 0.68828125 0.0365 0.0696865
3 0.65390625 0.656136351661956 0.10625 0.09280564441641416
3 0.965625 0.8140625 0.06865 0.161865
4 0.6665625 0.9161865 0.261865 0.165625
4 0.55546865 0.9125 0.1328125 0.165
5 0.584365 0.68828125 0.190625 0.4234365
5 0.6484365 0.64453125 0.340625 0.5109365
5 0.91696865 0.6 0.1640625 0.6