3 0.8869699086561565 0.42542009629296665 0.006866132513556366 0.010982951695396966
0 0.8860895644482022 0.4066646424625064 0.020503396540662096 0.03293066466803503
5 0.8865 0.43515625 0.05625 0.0890625
4 0.6501611648062818 0.4090280036124332 0.02688066256668665 0.054842036104353654
0 0.6452464058302913 0.36999266468966196 0.015643164668035032 0.020403403590696286
5 0.65390625 0.41696865 0.0546865 0.1234365
5 0.6663486253085238 0.6283042026663566 0.025454516953980904 0.06826044564526368
6 0.6623696524358869 0.6158269286650558 0.01426248689965162 0.034456813231616586
0 0.6669390666668519 0.5954861565968169 0.006866132513556366 0.010982951695398144
5 0.6246208032626666 0.8584411546609506 0.06303633118569649 0.09255111436318469
4 0.641916393631846 0.8599036606210649 0.01896816861691084 0.036609084308955334