5 0.2663234856584522 0.10446364444085516 0.0413431383662898 0.12366384933606006
0 0.99609365 0.11015625 0.0068125 0.0234365
6 0.9859365 0.165625 0.028125 0.046865
5 0.96265625 0.15234365 0.0546865 0.1068125
5 0.184365 0.446865 0.034365 0.034365
6 0.96161865 0.68984365 0.0665625 0.2696865
6 0.841990494636246 0.6580245606958296 0.05560562021691614 0.16531816256668665
0 0.9641569060086418 0.46294505696615924 0.050454516953980625 0.06841589149054663
0 0.8568846624930319 0.5149639965641131 0.02212953005422911 0.04386626502611463
5 0.83359365 0.63828125 0.0665625 0.5234365
5 0.9140625 0.61484365 0.161865 0.5603125