3 0.63203125 0.04365 0.1068125 0.0865
4 0.6046865 0.29921865 0.2365 0.3696865
5 0.68515625 0.24453125 0.3546865 0.4890625
1 0.38359365 0.50603125 0.0661865 0.0359365
6 0.3889336623303439 0.6486862320565882 0.15136355386194262 0.23612040802036266
5 0.35234365 0.64453125 0.2634365 0.5109365
2 0.6546662296083281 0.5586693946326334 0.05189884328594586 0.05841248400699968
3 0.5546865 0.50603125 0.034365 0.0359365
4 0.5109365 0.63515625 0.04365 0.3265625
4 0.5688201184684013 0.6936260120544065 0.12526365253408285 0.31606132535009035
4 0.6852440283056135 0.8263396120603149 0.14416828863843632 0.34384200135263543
6 0.62568125 0.65390625 0.1484365 0.3296865
6 0.9140625 0.63984365 0.146865 0.3015625
5 0.52890625 0.64453125 0.0696865 0.5109365
5 0.58046865 0.64453125 0.1828125 0.5109365
5 0.668125 0.65859365 0.19365 0.4828125
5 0.6421865 0.64453125 0.215625 0.5109365
5 0.9068125 0.64453125 0.184365 0.5109365