4 0.24164631659663046 0.5096499066064981 0.05859429634245412 0.06686020934118149
2 0.2656656099369564 0.4592413666106698 0.028361356336090698 0.02063966400381696
3 0.2608600339354121 0.46693683261004345 0.023655666002545346 0.019022620003181605
5 0.23359365 0.49453125 0.0953125 0.1109365
1 0.81865 0.268125 0.3625 0.35625
2 0.8359365 0.0640625 0.328125 0.128125
4 0.665 0.4328125 0.45 0.234365
5 0.665 0.265 0.45 0.55
2 0.4396216399346658 0.6861616601145402 0.13136018268618094 0.14525905068426196
1 0.4052916485916853 0.8586456614433131 0.052289653341816656 0.06309998400699968
4 0.453125 0.621865 0.1365 0.14365
4 0.36890625 0.94453125 0.2421865 0.1109365
5 0.39453125 0.69609365 0.3109365 0.2921865
5 0.3603125 0.85 0.35 0.3
4 0.9060841686282645 0.6606418840606332 0.016468401336626244 0.025199994668999894
5 0.9084915632956836 0.6553004060609513 0.023836489336999684 0.034646620003181605