2 0.1349360396203949 0.0953125 0.01562499394986581 0.0161865
3 0.14030125049096925 0.11328125 0.012590903590696286 0.015625
5 0.15345968064340446 0.134365 0.05533291549465282 0.1109365
4 0.14694556884800633 0.1421865 0.022138620413308985 0.0453125
2 0.659365 0.08125 0.228125 0.1625
2 0.9125 0.1109365 0.165 0.221865
3 0.8289233889564649 0.1890625 0.11466154800821018 0.121865
4 0.86696865 0.03359365 0.1015625 0.0661865
4 0.6661865 0.0661865 0.096865 0.134365
4 0.853125 0.31640625 0.29365 0.3046865
5 0.65234365 0.25625 0.1661865 0.425
5 0.9140625 0.234365 0.161865 0.46865
5 0.86640625 0.053125 0.1234365 0.10625
5 0.68661865 0.16109365 0.1984365 0.3421865
5 0.821865 0.234365 0.35625 0.46865
3 0.6825599106210649 0.94921865 0.08016928903121964 0.0828125
2 0.646641106269956 0.69453125 0.10523292154466601 0.09365
5 0.81484365 0.84665625 0.3603125 0.3046865