4 0.56109365 0.00625 0.0328125 0.0125
5 0.065625 0.584365 0.13125 0.83125
5 0.8949105834251926 0.6440844025106416 0.023628396540662096 0.032948855386194256
6 0.898830468963812 0.6464508684083406 0.012626265026114631 0.02194662286263689
0 0.31161865 0.38203125 0.0046865 0.0109365
4 0.3428430466154266 0.41968630093506635 0.022111349336060063 0.04065226502611469
2 0.33562090006465466 0.3869328943192182 0.011001132513556365 0.011001132513556365
5 0.33961350243588694 0.41898686021691616 0.03639201695398091 0.06833406825883118
6 0.3161865 0.40859365 0.015625 0.0359365
5 0.31865 0.40859365 0.01865 0.0634365
6 0.3366203126425414 0.4416249394986569 0.01259999394986581 0.01626022286263689
5 0.3343311108461433 0.43369880396013853 0.01638648689965162 0.03446499394986581