5 0.25123249928391134 0.19093161055255566 0.013009066339262502 0.04382262286263689
0 0.93984365 0.00603125 0.0390625 0.0140625
0 0.668125 0.0068125 0.025 0.015625
3 0.6660501119510023 0.016162362946391636 0.011101132001908986 0.014126132513556366
3 0.80603125 0.00603125 0.0109365 0.0140625
3 0.9410306959500466 0.024148110650651554 0.016405666002545434 0.01884999394986581
3 0.646361602616665 0.015208406124868948 0.012645450668363622 0.012562622862636888
5 0.6661865 0.1068125 0.046865 0.215625
5 0.68359365 0.14296865 0.0828125 0.2859365
5 0.6328125 0.12265625 0.090625 0.2453125
0 0.65625 0.0046865 0.0365 0.009365
5 0.9140625 0.15234365 0.09365 0.3046865
5 0.9484365 0.159365 0.103125 0.31865
5 0.93203125 0.23984365 0.1359365 0.4696865
6 0.630464556612048 0.05630045635454299 0.05262610534690845 0.10029998184962643
6 0.6896495592665481 0.06623964099956846 0.06244655068426196 0.13004202400410508
6 0.9223611552653209 0.08341856152133594 0.05924882535009033 0.12366384328594586
6 0.9484365 0.184365 0.103125 0.36865
6 0.96696865 0.05603125 0.0640625 0.0859365
0 0.18661865 0.509365 0.1015625 0.059365
1 0.16942051996136504 0.6046986638824681 0.066580654668545 0.08694542659490138
6 0.13996682594686606 0.6850083425985648 0.22600104136490615 0.30654992134838526
5 0.2046865 0.63984365 0.409365 0.5203125