5 0.634365 0.284365 0.409365 0.56865
4 0.5603125 0.46015625 0.28125 0.2161865
2 0.615625 0.04365 0.16865 0.0865
1 0.568125 0.1604685869216309 0.2 0.2263262106938169
0 0.065 0.6605358686346368 0.025 0.036690901336626245
0 0.06568125 0.640995526966865 0.025 0.039353401336626066
4 0.08203125 0.6995165526336834 0.0359365 0.06448066066154532
4 0.06953125 0.8020056533020468 0.0359365 0.06854316066154533
5 0.08125 0.6151506433004561 0.0661865 0.1445316963424542
5 0.0661865 0.8535955253023652 0.103125 0.26994996801399934
3 0.061865 0.6660409813016286 0.0109365 0.00950226933481808
3 0.84453125 0.64665625 0.1068125 0.1568125
6 0.69296865 0.665 0.4640625 0.4125
5 0.63046865 0.68046865 0.5390625 0.4234365