2 0.23482669662636546 0.2085694614596596 0.012681813335454529 0.015696622862636886
3 0.2368336169583201 0.21860653064160035 0.006903406666626353 0.006856951695398055
4 0.23439044462126468 0.24606946145965955 0.022346614662181596 0.04065226502611464
5 0.23839669195566463 0.23645298556206054 0.03212260401018138 0.0651818061815924
5 0.68515625 0.0234365 0.0265625 0.046865
5 0.6962963619112314 0.2130382619610016 0.04692951634563563 0.09089661066238851
4 0.31484365 0.861865 0.6296865 0.25625
1 0.29365 0.62568125 0.534365 0.3140625
5 0.31484365 0.634365 0.6296865 0.53125
1 0.6328125 0.8390625 0.20625 0.30625
2 0.63828125 0.58359365 0.2161865 0.1890625
5 0.81484365 0.634365 0.3603125 0.53125