2 0.0484365 0.046035895289638405 0.0125 0.01633295066836362
3 0.053125 0.05691885128900205 0.009365 0.009484088001262616
4 0.05390625 0.08681601062222932 0.021865 0.04556603866963625
5 0.05603125 0.06818589695513842 0.03125 0.08161362666090888
1 0.69140625 0.265625 0.2640625 0.246865
2 0.6828125 0.04609365 0.246865 0.0921865
5 0.6696865 0.19453125 0.440625 0.3890625
6 0.2109365 0.6980336692648213 0.015625 0.02205681333545435
5 0.21015625 0.6902302699315941 0.01865 0.04609316600254544
0 0.84140625 0.50625 0.3161865 0.234365
0 0.625 0.609365 0.13125 0.190625
3 0.603125 0.68515625 0.0865 0.0921865
3 0.86421865 0.844389416563868 0.1953125 0.16414666669318063
4 0.65234365 0.9328125 0.1859365 0.134365
5 0.65546865 0.65603125 0.1921865 0.4859365
5 0.84365 0.69453125 0.3125 0.6109365