3 0.5213866240265462 0.21696865 0.02510908430895533 0.01865
2 0.5214921631569618 0.2 0.03451135538619425 0.0234365
4 0.5266462956686149 0.25390625 0.0665329336450254 0.059365
5 0.5255468832009284 0.30859365 0.16241922852996665 0.2546865
5 0.16953125 0.83046865 0.2109365 0.3390625
5 0.06484365 0.8953125 0.1296865 0.209365
5 0.02109365 0.85390625 0.0421865 0.2921865
4 0.05666806933898565 0.91640625 0.06666836334016515 0.1015625
4 0.13666465659681689 0.88046865 0.10119992639850954 0.20625
3 0.021362946626232556 0.8625 0.011019313231616588 0.0140625
3 0.15395416345154941 0.66696865 0.023646568258831142 0.0359365
0 0.02568125 0.83046865 0.0515625 0.0661865
0 0.13321493645565452 0.60603125 0.0660261083130606 0.0696865
5 0.69609365 0.60390625 0.0546865 0.0484365