0 0.04365 0.66953125 0.0865 0.1453125
3 0.03206235339649606 0.8632369569885461 0.03164089600562601 0.0425511266609086
0 0.02890625 0.45859365 0.0568125 0.0568125
4 0.09609365 0.92568125 0.1921865 0.1484365
5 0.12265625 0.84453125 0.2453125 0.3109365
0 0.925 0.59453125 0.15 0.1890625
0 0.94665625 0.68828125 0.1046865 0.1390625
0 0.8983686914146681 0.8683905369136666 0.18205106336090662 0.20521585335662626
0 0.8859365 0.965 0.2125 0.05
4 0.6483851453691802 0.5349342426002658 0.14409654002226156 0.1656160013526354
5 0.6563521866043164 0.5481245859325485 0.23692038669636234 0.22146620003181666
5 0.9603125 0.50859365 0.059365 0.1568125
4 0.98515625 0.5046865 0.0296865 0.14365
3 0.98828125 0.96568125 0.0234365 0.0453125
4 0.68046865 0.9015625 0.1609365 0.196865
2 0.65234365 0.66109365 0.1046865 0.1015625
3 0.631454363408633 0.8256955999363666 0.04263294000636341 0.04636589600562614
5 0.90546865 0.65390625 0.1890625 0.3140625
4 0.8696816933869519 0.6616064419160039 0.08308631468809011 0.1586569293443632
5 0.6265625 0.8453125 0.253125 0.309365
5 0.8991509506469053 0.866600196246004 0.16898061636154425 0.2098669906906352
5 0.946865 0.684365 0.10625 0.35