4 0.1921865 0.06228391490546665 0.0140625 0.023519313231616586
2 0.18828125 0.04116643900666866 0.0109365 0.012563632513556365
5 0.19453125 0.054485050444096106 0.0296865 0.0454852168225126
6 0.64665625 0.234365 0.5421865 0.46865
5 0.64921865 0.234365 0.5453125 0.46865
1 0.521865 0.5409805656656993 0.125 0.1319662286263694
3 0.6984365 0.5631015263416962 0.08125 0.08162269866214013
4 0.684365 0.665 0.3365 0.45
4 0.86634365 0.634365 0.2453125 0.53125
4 0.55859365 0.6865 0.2953125 0.425
5 0.41865 0.634365 0.1365 0.53125
5 0.54453125 0.634365 0.3890625 0.53125
5 0.62568125 0.634365 0.5046865 0.53125
5 0.86015625 0.634365 0.2696865 0.53125