4 0.940625 0.1140625 0.11865 0.228125
5 0.4696865 0.28515625 0.08125 0.5603125
5 0.90546865 0.31953125 0.1890625 0.6390625
4 0.3064626532962086 0.6646652206192603 0.03616465896699036 0.03948066066154533
3 0.3063262065509346 0.6396652206192603 0.014144313231616586 0.014226132001908986
2 0.3062408491396683 0.6248214606192604 0.01626931323161659 0.014262494668999893
5 0.30362549063022615 0.6646660163854066 0.061628366290050966 0.11945906200826248
6 0.453125 0.8661865 0.028125 0.1
6 0.46890625 0.91328125 0.0696865 0.1634365
6 0.5168566831540461 0.828463182049634 0.048992011903856614 0.09586612133990868
6 0.5563691559284862 0.9062614653882602 0.06416381908544911 0.12641602266663585
6 0.583649854696019 0.8581430480585428 0.0316045169539809 0.0684886266609086
6 0.63984365 0.90603125 0.1068125 0.1859365
6 0.6864642915653025 0.8452896066393146 0.04269655405833438 0.10516839600562605
6 0.6243293969514968 0.8691543680666326 0.08669199980360816 0.13068646334499946
6 0.815612926103922 0.8491242260900413 0.0616364566491304 0.12102156200826231
6 0.8656620083868153 0.8660496686634955 0.09301462266624504 0.14326019866918126
6 0.9163350896699045 0.8401406621036225 0.06683291549465283 0.11161929634245403
0 0.9205498910966642 0.6589452161043588 0.03458406825883114 0.03633648933699968
0 0.8455661621650031 0.6626600120941665 0.04402261066238851 0.0463840663392625
0 0.8126828489432866 0.6483156040896231 0.03460225896699054 0.039462489336999684
0 0.6088665025340828 0.662631645408951 0.03302156825883114 0.03631930800445442
0 0.6900856862663042 0.6560446194064056 0.02664430618159222 0.03155908266026261
0 0.6368282946885605 0.6612693946326333 0.04862839149054663 0.05056362133990866
0 0.5606661500646546 0.6939350963901692 0.020466036104353465 0.026698856336090886
0 0.5480845386384363 0.6864214680536603 0.03616384933606006 0.04104316066154532
0 0.5362566043294809 0.6685351080521694 0.02040340359069611 0.015861356336090696
0 0.5062504603696051 0.6510112533815886 0.025154536104353465 0.02685340133662606
0 0.46533283986810026 0.6601696860439061 0.04558521066238851 0.04640225866281686
0 0.45044646935659555 0.68941013460618 0.01886626502611463 0.022093166002545168
3 0.45683636992232954 0.8136016100413618 0.011019313231616588 0.014189669334818081
3 0.4841856651018694 0.814801033368406 0.02042158430895551 0.01898635633609062
3 0.5136666223816566 0.6815526286156605 0.015606813231616586 0.01424431333545435
3 0.5661568266668518 0.805599303389543 0.006304542154466666 0.009446625334181811
3 0.5566666062563461 0.825030556055043 0.014135222862636886 0.01266363200190881
3 0.6459406665381869 0.8229328014003606 0.018895445645263666 0.025218166002545434
3 0.6168699904338343 0.6961965520666683 0.01628649394986581 0.016386494668999894
3 0.8222851069202661 0.6864862920909958 0.015696622862636886 0.012681813335454529
3 0.8552112364086621 0.8064003500954502 0.01629658430895533 0.01894999466899989
3 0.9222851069202661 0.6886508964369043 0.01560681323161641 0.01424431333545435
5 0.459365 0.88828125 0.040625 0.2234365
5 0.50068125 0.861865 0.1234365 0.25625
5 0.5234365 0.86696865 0.065 0.2640625
5 0.5360834061248689 0.6663566986189521 0.020521568258831143 0.0361638563360908
5 0.5836816650036636 0.8806992980585428 0.048065836039429835 0.2052329400063634
5 0.5609365 0.8828125 0.1 0.234365
5 0.6648589481811608 0.8520562264029059 0.02861586939029935 0.08460226400381696
5 0.65068125 0.86109365 0.1390625 0.2568125
5 0.69609365 0.86953125 0.0634365 0.2609365
5 0.63359365 0.86109365 0.1140625 0.2568125
5 0.8180430355151683 0.8639952480903595 0.06969663212066394 0.2612215666662621
5 0.90068125 0.8640625 0.1661865 0.261865
5 0.92109365 0.86865 0.0890625 0.2625