5 0.98125 0.21953125 0.0365 0.4390625
5 0.446865 0.21953125 0.234365 0.4390625
5 0.55 0.21953125 0.334365 0.4390625
4 0.9859365 0.08203125 0.028125 0.1640625
6 0.53661865 0.1161865 0.2609365 0.234365
6 0.38828125 0.10625 0.1161865 0.2125
2 0.1636213846548566 0.6483808643221338 0.08486586939029952 0.08486586939029935
3 0.21229859220569134 0.833318955604223 0.0609488251355633 0.10968406615858266
4 0.2068125 0.94296865 0.20625 0.1140625
5 0.16568125 0.803125 0.3068125 0.39365
5 0.3663631651018694 0.6185161540816655 0.04095225292686626 0.056486349336060066
4 0.3818600958200286 0.6216103368249969 0.026635216822512696 0.029842036104353466
6 0.800296520193466 0.8340269619506389 0.023810204622264316 0.06419885538619426
4 0.6448514960911652 0.8382559196980652 0.009602258966990541 0.039116042154466845
5 0.6230310382456528 0.84665818462518 0.06335449365348396 0.1462386143631848