1 0.65 0.39365 0.121865 0.05
2 0.6914613130353249 0.11930814691536652 0.0862920240041051 0.06193646334499946
3 0.6568686652982612 0.21659222692014006 0.04400453005422929 0.0442590663392625
2 0.60234365 0.2661865 0.1046865 0.14365
2 0.6304561562230649 0.24151895524350414 0.132059041958086 0.14058963201681633
4 0.96640625 0.2984365 0.0661865 0.240625
5 0.92265625 0.209365 0.1546865 0.41865
5 0.6863334515008105 0.1669655325826666 0.10886606201231528 0.18406601201463566
5 0.6634365 0.290625 0.3865 0.25625
5 0.6625 0.2696865 0.225 0.268125
5 0.3216861859826166 0.6428629162501856 0.0995010620123151 0.18395692401336308
4 0.3369368998683631 0.6161195132469584 0.019168156516662283 0.06209316600254543
4 0.65 0.46265625 0.4 0.1068125
5 0.65603125 0.60625 0.4140625 0.365