6 0.62421865 0.45 0.0265625 0.0365
6 0.45546865 0.03515625 0.0109365 0.0421865
4 0.464402652605261 0.25460009366692515 0.025462614662181596 0.040660445645263866
0 0.4693243540340439 0.22113361485416405 0.01649658266026261 0.02666249394986581
5 0.46328125 0.06328125 0.0265625 0.1265625
5 0.4665625 0.26640625 0.053125 0.1296865
5 0.61953125 0.440625 0.0390625 0.05625
5 0.2634365 0.634365 0.334365 0.53125
5 0.190625 0.634365 0.38125 0.53125
6 0.1501562680464069 0.6666905066364953 0.29638626660908896 0.314208986506968
6 0.30295501404358893 0.6366646515466928 0.15465332660262555 0.2665066648306229
0 0.04609365 0.48203125 0.0921865 0.0265625
0 0.1953125 0.51484365 0.14365 0.0921865
0 0.05546865 0.53203125 0.1109365 0.1046865
