6 0.46466562961013216 0.25390625 0.042451120413308986 0.0453125
5 0.4646065458669109 0.2484365 0.06381020462226432 0.0640625
6 0.22660528083969621 0.2603125 0.05345225292686616 0.05625
5 0.22856369889196295 0.25603125 0.05361586939029935 0.084365
4 0.9421865 0.165 0.115625 0.309365
1 0.9132892985963854 0.0661865 0.08194086629005069 0.11865
5 0.8161865 0.16484365 0.365625 0.3296865
0 0.368125 0.3603125 0.29365 0.08125
3 0.36953125 0.4828125 0.1921865 0.30625
6 0.28359365 0.62890625 0.4390625 0.5421865
5 0.3125 0.66484365 0.534365 0.6603125
