2 0.5634365 0.2566662051150468 0.153125 0.1821408551898025
0 0.684365 0.09529265663929936 0.1203125 0.15851245664913058
3 0.6234365 0.42591656362450003 0.0568125 0.14621134328594586
3 0.69296865 0.21946150966436145 0.0634365 0.06136464686664198
3 0.99296865 0.234365 0.0140625 0.05
4 0.96484365 0.384365 0.0603125 0.35
4 0.6661865 0.40390625 0.1625 0.3109365
5 0.58984365 0.35859365 0.2015625 0.4015625
5 0.6609365 0.28515625 0.234365 0.5484365
5 0.9453125 0.290625 0.109365 0.5365
0 0.08046865 0.63515625 0.1609365 0.3515625
5 0.16421865 0.6696865 0.3484365 0.440625
