2 0.6203125 0.15625 0.140625 0.240625
5 0.665 0.2125 0.45 0.4125
4 0.2623654663664525 0.48654895521324365 0.008030666002545345 0.018695451695398144
4 0.26400160204486156 0.49300861485416403 0.019266258662816866 0.045421584308955334
0 0.6416560666424965 0.6209234948336386 0.15884883601209046 0.08998062626604133
0 0.6426620420512248 0.5396553141154694 0.12456464266981654 0.09659313836628961
0 0.9512648826169966 0.5392230011683503 0.06604316066154533 0.036319295081344016
3 0.6390839653882603 0.5660216900131683 0.045694308004454245 0.033066120413308985
3 0.6220526486506689 0.6819691695016636 0.031649989336999684 0.034556806181592396
4 0.96865 0.60234365 0.0625 0.0634365
4 0.831344638064906 0.6399265040060208 0.21328289202636245 0.2026896984656483
4 0.802849210096041 0.866828061188613 0.2369385680299066 0.2216660538619426
5 0.95603125 0.5865 0.0859365 0.134365
5 0.8081163234006686 0.6580326093932151 0.2620851133831695 0.3686864092481368
5 0.66015625 0.83661865 0.3665625 0.3265625