0 0.92634365 0.121865 0.1453125 0.24365
0 0.66109365 0.1841634600850165 0.1661865 0.1836851684215191
0 0.50068125 0.19609365 0.0828125 0.1359365
3 0.4865 0.3296865 0.05625 0.068125
3 0.6359365 0.344115166005626 0.103125 0.09268646369925486
3 0.94453125 0.44365 0.1109365 0.161865
4 0.603125 0.49140625 0.265 0.1546865
4 0.5161865 0.46640625 0.115625 0.2046865
5 0.55234365 0.34609365 0.1859365 0.4453125
5 0.60390625 0.325 0.3546865 0.4865
5 0.89296865 0.284365 0.2140625 0.56865
6 0.84921865 0.6021145502466054 0.01865 0.023546584308955332
5 0.8453125 0.6091230643500063 0.0296865 0.0548602168225126
