4 0.62568125 0.6296865 0.1140625 0.159365
4 0.88984365 0.88661865 0.2203125 0.2265625
4 0.8662690863520589 0.6340958032626665 0.04410452400410526 0.06119203005422928
4 0.6549809958946835 0.6966634600850165 0.14405102361132166 0.32113962266624524
5 0.63359365 0.665 0.1296865 0.45
0 0.68515625 0.568125 0.0265625 0.05625
0 0.6141326612164856 0.6236654059284862 0.04083406825883114 0.03616384933606006
0 0.6420804992144332 0.5934602823919202 0.018995439695149586 0.04229658430895533
0 0.856124818496264 0.5910088686046325 0.06689884328594586 0.058256926594901206
0 0.8954636648062816 0.6404548865816229 0.044049981849626426 0.05181603005422929
0 0.95625 0.609365 0.0865 0.096865
3 0.9499206911625189 0.6336362549699698 0.06586043969514994 0.04256929508134384
3 0.8809480663650684 0.6950560291604665 0.02668966502611463 0.022029536104353466
3 0.8526630864502546 0.6691111526060334 0.03453862646343318 0.02832498689965162
3 0.6896958365484505 0.6039036883438486 0.06280906220860695 0.05348861436318469
5 0.6953125 0.60625 0.03125 0.1125
5 0.6188384419346449 0.626926666005626 0.030023843285945863 0.056985216822512696
5 0.66161865 0.665 0.1640625 0.45
5 0.8586094630118838 0.6324286641433519 0.06489881303532492 0.14412260462226432
5 0.8801441014663694 0.6911452339909268 0.06116608411256385 0.14884656615858266
5 0.86640625 0.6665625 0.2661865 0.446865
5 0.99296865 0.69140625 0.0140625 0.1234365