1 0.8296865 0.221865 0.340625 0.3125
4 0.8296865 0.4296865 0.340625 0.259365
5 0.8296865 0.2696865 0.340625 0.559365
4 0.4416068005422929 0.6460634080999045 0.08182269262201594 0.09938292934436319
2 0.4293345386384363 0.6506145480983136 0.02666249394986581 0.01649658266026261
3 0.4342620235131258 0.6936368420989501 0.02200226502611463 0.022129538669636163
5 0.4368560866466465 0.6625804546660408 0.12343854166169415 0.2601681440165446
4 0.6828125 0.665625 0.046865 0.0625
2 0.66865 0.6109365 0.01865 0.01865
3 0.66865 0.63046865 0.01865 0.0161865
5 0.68828125 0.6 0.0568125 0.20625