5 0.125 0.384365 0.040625 0.05
6 0.68203125 0.29140625 0.0921865 0.2359365
3 0.6831544302261699 0.15546083352338846 0.02836134933606006 0.040688626463433165
0 0.668085135145836 0.08981856244614965 0.036809062208606954 0.053343168616910844
5 0.66109365 0.2046865 0.1140625 0.409365
1 0.32568125 0.884365 0.3359365 0.23125
2 0.26582361925839966 0.6636631611519936 0.30993860226293635 0.0986648910966644
5 0.309365 0.8015625 0.61865 0.396865
4 0.65603125 0.86696865 0.0665625 0.1296865
2 0.6521054598886258 0.6689619660369459 0.04386626502611463 0.022129530054229286
5 0.6634365 0.8828125 0.109365 0.234365