1 0.80234365 0.5828125 0.2453125 0.28125
2 0.69453125 0.3046865 0.2296865 0.140625
4 0.83984365 0.64296865 0.3203125 0.1921865
5 0.83984365 0.51865 0.3203125 0.640625
1 0.8622944251590144 0.8803313528521116 0.030023843285945863 0.056985216822512696
0 0.86640625 0.85390625 0.0515625 0.0296865
6 0.96640625 0.8609365 0.0661865 0.04365
6 0.69365 0.91953125 0.115625 0.1609365
6 0.65603125 0.9046865 0.1046865 0.13125
6 0.60068125 0.89140625 0.0421865 0.1046865
5 0.653125 0.91953125 0.13125 0.1609365
5 0.6984365 0.91953125 0.190625 0.1609365
5 0.93661865 0.8609365 0.0609365 0.04365
5 0.9546865 0.86484365 0.090625 0.0515625