0 0.5546865 0.1125 0.08125 0.1015625
0 0.88125 0.15068125 0.146865 0.203125
0 0.68661865 0.15625 0.084365 0.09365
2 0.69609365 0.16328125 0.0625 0.0696865
3 0.5484365 0.1953125 0.0421865 0.040625
3 0.684365 0.2421865 0.0453125 0.0484365
3 0.80546865 0.261865 0.046865 0.0568125
3 0.86265625 0.261865 0.059365 0.0625
4 0.90234365 0.35603125 0.1953125 0.2640625
4 0.8046865 0.38984365 0.08125 0.1984365
4 0.66890625 0.36953125 0.1328125 0.2390625
4 0.5484365 0.33203125 0.096865 0.2515625
5 0.56109365 0.26109365 0.1421865 0.4359365
5 0.6665625 0.29609365 0.2365 0.3859365
5 0.6859365 0.30546865 0.20625 0.3661865
5 0.86953125 0.26865 0.2609365 0.440625
3 0.096865 0.86421865 0.009365 0.0109365
0 0.09665625 0.85546865 0.0203125 0.0328125
5 0.09365 0.91953125 0.059365 0.1609365
4 0.234365 0.859365 0.0296865 0.05625
0 0.240625 0.81953125 0.015625 0.021865
5 0.23046865 0.9 0.05625 0.1859365
