1 0.9159123880626023 0.2886661603664266 0.03616465896699019 0.03926156825883123
2 0.96640625 0.26640625 0.0661865 0.0484365
4 0.835616354895215 0.3168855168638264 0.12416381908544903 0.1262806383662896
4 0.6266130118056608 0.12965828209633263 0.26825106201231546 0.18436695140261464
2 0.6535886083130604 0.04944861338122606 0.10026362041330898 0.04589428298109555
5 0.85859365 0.3140625 0.2828125 0.209365
5 0.63046865 0.209365 0.4921865 0.41865
0 0.13984365 0.46421865 0.1568125 0.1109365
3 0.1255641231436834 0.5823999304235616 0.06614428298109555 0.1004454265949012
3 0.2609365 0.615625 0.015625 0.065625
4 0.1921865 0.85546865 0.153125 0.2890625
4 0.06890625 0.696865 0.1568125 0.40625
5 0.11640625 0.609365 0.2328125 0.58125
5 0.165625 0.68661865 0.20625 0.4265625
0 0.644014141294156 0.5365350020431034 0.06610668903121965 0.08319429508134384
6 0.6426603246426898 0.625583866504484 0.16986125858420604 0.29946380093506636
5 0.62265625 0.646865 0.2546865 0.50625