6 0.6603125 0.12261550859326612 0.1603125 0.22698166535645348
3 0.64296865 0.03152643193032136 0.0390625 0.053569533338636146
5 0.62421865 0.265 0.2640625 0.55
0 0.0568125 0.9920564939529112 0.00625 0.006322625334181811
5 0.0625 0.99365 0.015625 0.0125
6 0.068125 0.8926023866168205 0.009365 0.012609088001262539
5 0.08046865 0.9011688646165024 0.01865 0.04084316600254543
6 0.14609365 0.8996239986065936 0.0068125 0.012590906666626353
5 0.146865 0.9050836569408209 0.015625 0.03143181333545435
6 0.221865 0.8854609539306395 0.00625 0.009446625334181811
5 0.221865 0.8860234539306395 0.009365 0.02198408800126254
