4 0.03613911004136164 0.11803402669466144 0.031886346664090585 0.055051126660908866
5 0.042489681363316344 0.10694141136218052 0.0603204293443631 0.08194089066462685
0 0.968926168045816 0.6692694480426344 0.034693160661545325 0.03633648933699968
0 0.8946885280464068 0.6800164060311804 0.03951603333863606 0.03951603333863606
0 0.804190696382225 0.6898993886855445 0.0394988520050906 0.03695453333863623
0 0.9362214633846604 0.8101948020369064 0.039553396005626685 0.04264203333863605
0 0.8603248646214964 0.8344130046944531 0.04106135200509086 0.03696261466218159
0 0.6891112363885883 0.8365925653500901 0.04638406633926241 0.04429544000636341
3 0.8028561113939962 0.8665908666852263 0.025218166002545434 0.019040901336626246
3 0.8131654460534519 0.8235931360200446 0.02369203866963616 0.022146620003181604
3 0.8808811140594962 0.8689061833624986 0.020512494668999893 0.016423856336090965
3 0.9021196663854066 0.8144632220321348 0.02523635633609062 0.020603401336626244
3 0.9454965963901692 0.8501294586046345 0.028369538669636162 0.022202264003816963
3 0.9855953386163614 0.8052896633668161 0.023655666002545433 0.019022620003181605
6 0.96634365 0.8665625 0.0453125 0.125
6 0.9049906660582248 0.8598129940324531 0.033166126660908604 0.03163180800445424
6 0.8302180426265426 0.8684615400222618 0.05399660401018138 0.06561816534054522
6 0.81015625 0.93984365 0.1015625 0.1203125
6 0.8828125 0.934365 0.09365 0.13125
5 0.834365 0.8828125 0.14365 0.234365
5 0.82890625 0.90546865 0.1390625 0.1890625
5 0.89140625 0.90546865 0.1328125 0.1890625
5 0.925 0.86890625 0.109365 0.2421865
5 0.94453125 0.89140625 0.1109365 0.2161865
5 0.961865 0.86265625 0.05625 0.2546865