5 0.4563698694313503 0.41462259884509063 0.020485216822512696 0.02980566466803503
6 0.45326850496996963 0.4169481681269315 0.011055664668035032 0.020366132513556365
6 0.9640625 0.00625 0.01865 0.0125
5 0.965625 0.01640625 0.028125 0.0328125
5 0.9635368218159236 0.036336055905046113 0.01631466502611463 0.021964993949865808
6 0.9635550025340826 0.039461055905046116 0.015615903590695933 0.0156159035906962
0 0.9595942103696051 0.030063330006346046 0.006856951695398322 0.006856951695398143
0 0.9142862555591449 0.03058095959403815 0.006866042154466843 0.009420451695398143
0 0.88125 0.0046865 0.009365 0.009365
4 0.8651620446885605 0.04826336328303018 0.018968168616910664 0.036609084308955334
2 0.8610839865069681 0.016990636385331196 0.009438632513556366 0.010992042154466666
5 0.866502159149941 0.04593324882164964 0.030105656516662636 0.0620466168225126
6 0.8866101200205255 0.028082663489684664 0.020503396540662096 0.03293066466803503
6 0.9063322636113216 0.043821302968169856 0.01418066466803521 0.020394313231616588
5 0.9063140928931623 0.04069630296816985 0.023610216822512696 0.029823855386194253
5 0.8890625 0.03125 0.028125 0.0625
6 0.8669862434588965 0.06463669096612631 0.011028403590695932 0.015688632513556364
5 0.8669453368430382 0.056606540966126305 0.01424430618159222 0.03133181323161659
5 0.1696865 0.8359365 0.359365 0.328125
2 0.16561186929210351 0.666693561521336 0.22906130698520055 0.16226469242562426
1 0.21015625 0.9265625 0.2265625 0.146865
