6 0.43661865 0.31015625 0.0390625 0.0359365
5 0.4359365 0.3109365 0.0484365 0.06865
6 0.68661865 0.2546865 0.3921865 0.509365
5 0.80546865 0.2546865 0.3890625 0.509365
0 0.465 0.54140625 0.0203125 0.0203125
0 0.41161865 0.53828125 0.0109365 0.015625
0 0.4265625 0.5234365 0.025 0.028125
0 0.42421865 0.55068125 0.04365 0.0365
0 0.3359365 0.5421865 0.0234365 0.0234365
0 0.28359365 0.55068125 0.0453125 0.040625
0 0.2390625 0.56161865 0.015625 0.01865
0 0.22568125 0.5625 0.0161865 0.01865
0 0.19453125 0.55625 0.03125 0.0296865
0 0.1515625 0.53125 0.0234365 0.0234365
0 0.11015625 0.51865 0.0390625 0.01865
0 0.12265625 0.5625 0.065625 0.061865
0 0.06015625 0.5890625 0.01865 0.0234365
0 0.03828125 0.56890625 0.0109365 0.009365
6 0.0421865 0.60234365 0.0140625 0.028125
0 0.021865 0.568125 0.025 0.025
6 0.02265625 0.64921865 0.0453125 0.0953125
6 0.05603125 0.65234365 0.0359365 0.0828125
6 0.159365 0.60625 0.0359365 0.08125
6 0.22634365 0.6265625 0.0390625 0.061865
6 0.240625 0.61865 0.009365 0.0546865
6 0.3125 0.6203125 0.0161865 0.0234365
6 0.33984365 0.61696865 0.0609365 0.09365
6 0.39921865 0.61015625 0.021865 0.0890625
6 0.43046865 0.60234365 0.05625 0.06865
6 0.46265625 0.60546865 0.040625 0.08125
6 0.4328125 0.65859365 0.0665625 0.1453125
6 0.2859365 0.66109365 0.084365 0.1609365
6 0.19140625 0.640625 0.06865 0.103125
6 0.0921865 0.61953125 0.05 0.13125
6 0.1359365 0.6546865 0.0953125 0.2453125
3 0.46421865 0.5661865 0.0125 0.0125
3 0.41953125 0.5865 0.0203125 0.01865
3 0.3359365 0.5603125 0.0140625 0.0140625
3 0.296865 0.59453125 0.0068125 0.0203125
3 0.23984365 0.58125 0.0068125 0.009365
3 0.2265625 0.5828125 0.0109365 0.009365
3 0.19609365 0.5859365 0.0161865 0.015625
0 0.20603125 0.56890625 0.00625 0.0161865
3 0.153125 0.55603125 0.0125 0.0125
3 0.14665625 0.6140625 0.0068125 0.028125
3 0.06161865 0.61015625 0.009365 0.0109365
3 0.02421865 0.60546865 0.0125 0.0125
5 0.0109365 0.696865 0.021865 0.303125
5 0.03828125 0.59453125 0.01865 0.0421865
5 0.0265625 0.68828125 0.053125 0.2484365
5 0.059365 0.68203125 0.0421865 0.2125
5 0.1015625 0.6234365 0.08125 0.428125
5 0.159365 0.59453125 0.040625 0.153125
5 0.19453125 0.60068125 0.0865 0.325
5 0.228125 0.65234365 0.04365 0.2
5 0.23828125 0.6421865 0.0296865 0.1696865
5 0.2865 0.640625 0.0984365 0.425
5 0.34365 0.659365 0.061865 0.2625
5 0.4015625 0.62109365 0.04365 0.1859365
5 0.4234365 0.58125 0.065 0.14365
5 0.4665625 0.62109365 0.0515625 0.1859365
5 0.45234365 0.625 0.1546865 0.39365
5 0.13828125 0.66015625 0.1109365 0.4696865
5 0.6603125 0.5453125 0.065625 0.061865