5 0.63359365 0.01328125 0.0390625 0.0265625
0 0.26953125 0.4686398839513204 0.0609365 0.0625840620082624
4 0.26328125 0.6341813592855022 0.0921865 0.18856269866918128
5 0.2661865 0.6203125 0.125 0.559365
1 0.3859365 0.88359365 0.1125 0.1234365
1 0.60234365 0.6635394059118666 0.1421865 0.1696695013526356
2 0.6890625 0.4984365 0.153125 0.1365
2 0.42265625 0.5902313646165023 0.0828125 0.06033861066690856
3 0.459365 0.6680853532681844 0.04365 0.044259066339262326
3 0.55546865 0.9121234512651395 0.065 0.06643520401018138
2 0.55068125 0.6184269952656658 0.1696865 0.1411533533566261
2 0.39365 0.6054114692860931 0.128125 0.13642836935062641
4 0.66890625 0.8068125 0.3068125 0.384365
5 0.43125 0.6440366162820024 0.1068125 0.16469201201463563
5 0.44921865 0.8140625 0.2390625 0.361865
5 0.56634365 0.6953125 0.4515625 0.409365
5 0.80068125 0.61484365 0.3984365 0.5603125