6 0.6995498454009969 0.3 0.08294086401962631 0.1453125
1 0.608686938056952 0.22109365 0.02386385200509069 0.0365
1 0.9801609463663166 0.04453125 0.026853401336626246 0.025
1 0.6986851346061699 0.1 0.036881808004454245 0.0328125
2 0.9603125 0.0068125 0.053125 0.015625
2 0.98359365 0.1140625 0.0328125 0.06865
2 0.6864118566995439 0.04365 0.06569089066462685 0.059365
4 0.6962504540499523 0.16953125 0.09060691335136286 0.1328125
4 0.9605665193645891 0.10546865 0.06686155601526225 0.1125
5 0.9661865 0.26161865 0.065625 0.3890625
5 0.9365 0.10859365 0.125 0.2161865
5 0.90390625 0.028125 0.0515625 0.05625
5 0.69453125 0.01328125 0.0421865 0.0265625
5 0.6900283000466251 0.153125 0.16891582136162545 0.2828125
5 0.6960062220619058 0.33125 0.13688511861416966 0.35
0 0.6903010200509068 0.1665625 0.046511346664090585 0.0546865
5 0.52568125 0.81696865 0.1859365 0.2665625
