4 0.625 0.065 0.03125 0.125
5 0.815625 0.11161865 0.36865 0.2234365
5 0.6390625 0.15234365 0.059365 0.3046865
0 0.3365 0.6695623184962638 0.096865 0.06618860226293624
0 0.51640625 0.66982191461089 0.11865 0.08194086629005096
0 0.1921865 0.6341856651018694 0.1125 0.06565450585363253
4 0.190625 0.8958953246426898 0.165625 0.18065106806243966
4 0.361865 0.8258560563960256 0.140625 0.15238063231616553
4 0.5359365 0.82109365 0.146865 0.1546865
0 0.31015625 0.4215906362123805 0.084365 0.06142836939029935
5 0.1546865 0.40584249648395854 0.084365 0.03330336939029935
5 0.48661865 0.40234365 0.1046865 0.0265625
3 0.5140625 0.6391832690622606 0.0568125 0.03626384328594586
3 0.33984365 0.6389509540348933 0.046865 0.03666261066238851
3 0.21696865 0.689804406026683 0.046865 0.034646610662388415
5 0.3068125 0.4140625 0.1 0.05
5 0.51696865 0.8140625 0.1828125 0.361865
5 0.54609365 0.65 0.1265625 0.5
5 0.3453125 0.81865 0.261865 0.3625
5 0.203125 0.84453125 0.234365 0.3109365
3 0.96890625 0.8568125 0.0421865 0.09365
3 0.81953125 0.8318191892041603 0.11865 0.12625336629005088
2 0.82634365 0.6412396409995685 0.103125 0.052162463699254855
2 0.9609365 0.64453125 0.068125 0.0634365
4 0.8421865 0.92568125 0.315625 0.1484365
5 0.8046865 0.840625 0.390625 0.31865