0 0.81865 0.2 0.3625 0.4
5 0.61161865 0.2 0.4453125 0.4
6 0.19809959406151266 0.6691661426241382 0.04402261066238851 0.04638406633926232
5 0.19656345550683126 0.6629353239566839 0.06539996569950324 0.06962260401018138
6 0.4363166301658663 0.6498228985916852 0.055023843285945864 0.05844884666409058
5 0.43426435304850325 0.6363592612586662 0.058303369390299524 0.08504660934118148
0 0.9283683561616613 0.49190930656226605 0.042569295081344195 0.06611589600562695
3 0.9865353801658662 0.43029909623109566 0.022011355386194253 0.02369203866963616
4 0.9325104346269841 0.5856046625616406 0.060029505853632346 0.11319089066462603
4 0.98046865 0.48359365 0.0390625 0.1046865
3 0.9422490489901689 0.5229956645603681 0.012590903590696286 0.015660450668363623
5 0.93984365 0.62634365 0.1203125 0.3546865
5 0.96109365 0.54296865 0.0568125 0.2859365