2 0.0234365 0.00234365 0.0125 0.0046865
3 0.02890625 0.018198991513988894 0.00625 0.010963861436318445
4 0.02568125 0.04086342223214811 0.0161865 0.04062499394986581
5 0.03515625 0.04609365 0.0390625 0.0921865
2 0.5953125 0.0068125 0.0365 0.015625
4 0.59921865 0.06264052488686686 0.065 0.11136383623582168
5 0.628125 0.15068125 0.15625 0.3015625
4 0.3265625 0.6294495880213885 0.16865 0.3353566586805986
3 0.3484365 0.561509822994264 0.0390625 0.05168965896699054
2 0.33984365 0.465625 0.1140625 0.153125
5 0.2890625 0.69453125 0.259365 0.6109365
