5 0.4995669969312659 0.3223906888113869 0.10363516202418064 0.16861586334016516
4 0.5162569669344565 0.29904863658162284 0.022664968665999566 0.06886626502611463
0 0.06880296861066529 0.6250868692921035 0.0806146480108166 0.08015110831306042
0 0.2130860619430481 0.6336811501629506 0.03326603333863605 0.0392533965406621
0 0.2628600462629123 0.8332544241660558 0.03968965334181666 0.06262625896699054
3 0.21415866593632105 0.6658666405320302 0.020566038669636162 0.02199316466803503
3 0.08421662626668483 0.6969982406284221 0.022238626660908868 0.03136626502611463
4 0.2625866892505038 0.9246652193565955 0.054369512014635624 0.10812156220860695
4 0.21119665059666592 0.8289891049934109 0.05262610534690845 0.10029998184962643
4 0.0390625 0.9015625 0.068125 0.196865
3 0.2600246019255489 0.8628692013044186 0.012663632001908986 0.014135222862636886
5 0.23828125 0.8984365 0.1546865 0.203125
5 0.19921865 0.8546865 0.1046865 0.290625
5 0.06109365 0.84296865 0.1421865 0.3140625
2 0.93046865 0.4865 0.1046865 0.0365
4 0.6365 0.60625 0.15625 0.265
4 0.6666506662899565 0.6624901618804155 0.3413544426116341 0.3332135165611964
4 0.93515625 0.60546865 0.1296865 0.1661865
5 0.89665625 0.634365 0.2046865 0.53125
5 0.66634365 0.634365 0.4359365 0.53125
5 0.66161865 0.634365 0.2046865 0.53125