3 0.29390296346181204 0.33244225693388696 0.009438632513556366 0.010992042154466666
2 0.29555183186306844 0.3165894165648063 0.014161584308955331 0.018831813231616586
4 0.3023640036142363 0.3534860099589491 0.020530668616910842 0.036618164668035034
5 0.29458422951193625 0.3496252116543462 0.044249969649369045 0.08619203005422929
0 0.6640336662802198 0.06040586524694646 0.08498405405833446 0.10516836939029935
3 0.6660666626894236 0.08601268452868826 0.04401362041330899 0.04556603005422928
4 0.6068125 0.3140625 0.0365 0.309365
6 0.8362803292406899 0.2646661183602054 0.20035556566569944 0.3308419656031114
5 0.846865 0.23984365 0.30625 0.4696865
5 0.63984365 0.23984365 0.1015625 0.4696865
4 0.84453125 0.56265625 0.3109365 0.1859365
5 0.84453125 0.68828125 0.3109365 0.4161865