5 0.00390625 0.1921865 0.0068125 0.09365
0 0.46265625 0.861865 0.1140625 0.23125
5 0.43203125 0.86421865 0.1953125 0.2515625
6 0.9824655036124332 0.6354633814334026 0.009511355386194253 0.023492042154466845
0 0.985685952482669 0.6190653121515621 0.006295451695396966 0.006848861436318444
5 0.9846819826351942 0.6401645169620222 0.014353391490546906 0.050081813231616586
0 0.6398830939633169 0.6660616966154266 0.006286361436318444 0.006286361436318444
0 0.6320468680656169 0.6609225958200286 0.006295451695396966 0.006848861436318444
6 0.6390245659211401 0.6803385024358869 0.006894313231616586 0.014106951695398144
6 0.6311802596643614 0.6856618006404888 0.009502265026114632 0.021929542154466843
5 0.6303944644848216 0.686538505460949 0.011163849336060064 0.040688632513556366
5 0.6413264193052818 0.6863833869645064 0.014344301131468206 0.04851931323161641