2 0.8596912216924825 0.3355566456939602 0.009438632513556366 0.010992042154466844
2 0.846396336253863 0.333291163646136 0.011001132513556365 0.011001132513556365
3 0.49630939646051646 0.3569691090004315 0.00634999394986581 0.016223861436318443
2 0.5135692910643232 0.33444616023009555 0.014161584308955331 0.018831813231616586
2 0.5003662186664204 0.34624216828226233 0.011036493949865809 0.016251132513556366
4 0.84365 0.3625 0.025 0.0125
3 0.8519368091265001 0.3456593464893583 0.006866132513556366 0.010982951695398144
3 0.8596639446651193 0.34805664569396025 0.0063045421544668435 0.009411361436318443
4 0.51953125 0.35859365 0.0140625 0.0203125
2 0.5089636043060398 0.3485359313063344 0.00690340359069611 0.015660451695396965
5 0.51696865 0.34609365 0.0421865 0.0453125
5 0.85234365 0.346865 0.0328125 0.04365
5 0.84296865 0.34665625 0.0546865 0.0421865
3 0.33662486386220536 0.526068955604223 0.006866132513556366 0.010982951695398144
2 0.34122146028140926 0.5114166846269841 0.01259999394986581 0.01626022286263689
4 0.33988166406885983 0.5496060249860638 0.015834068258831142 0.03602840359069629
5 0.3335998568220812 0.5442646364223823 0.03330336939029935 0.08456589654066192
