4 0.3626964684316818 0.20231856244614965 0.04566611436318469 0.0626636204133089
2 0.35601411104353503 0.14838049618936096 0.020466126463433165 0.028243164668035033
5 0.3595669393023663 0.18433163162699044 0.0600022346664936 0.10815693364502539
4 0.6415083264632643 0.29936030356635506 0.1495636948849521 0.19616608411256365
2 0.682863149966559 0.15820949326250462 0.056622604622264404 0.06438965292686636
5 0.61015625 0.35068125 0.3568125 0.4568125
2 0.69365 0.6203125 0.1365 0.08125
3 0.6896418213249442 0.654416393631846 0.06839661066238851 0.0463295169539809
4 0.83828125 0.8140625 0.3234365 0.36865
4 0.6696646549699698 0.613664218963812 0.16849651160646505 0.22596266842151916
5 0.903125 0.634365 0.19365 0.109365
5 0.6625 0.68984365 0.465 0.4203125
5 0.6546865 0.6828125 0.340625 0.40625
5 0.503125 0.68984365 0.146865 0.4203125