4 0.43944533684303816 0.2968952642415466 0.0441045240041051 0.06119203005422928
2 0.4344442194546914 0.24296164316430888 0.020466036104353465 0.02668066466803503
5 0.4354345466136226 0.26890368834384866 0.05685905405833438 0.10501465292686626
6 0.6938642824901162 0.29622664363004296 0.025262610662388508 0.046020445645263664
5 0.6113026660056261 0.3366338866699186 0.06932492639850953 0.2066045169539809
4 0.14609365 0.54296865 0.2661865 0.1484365
5 0.246865 0.634365 0.49365 0.53125
6 0.6613562191602036 0.6163385326865068 0.04560339149054663 0.050263620413308986
5 0.6596629029034251 0.6118606923264283 0.08010565651666246 0.0623386083130606
6 0.9096129119686115 0.6865338996801662 0.05816602400410526 0.06126384328594586
5 0.9056293939264346 0.664229923882468 0.06145565046653809 0.08941602400410509