5 0.8546865 0.265625 0.290625 0.346865
4 0.83125 0.39453125 0.203125 0.0890625
4 0.6 0.31328125 0.1625 0.2515625
3 0.6582453338169661 0.19921865 0.059664981849626426 0.0515625
0 0.66953125 0.06265625 0.1696865 0.1453125
0 0.863595909149941 0.16890625 0.14000689634428026 0.1625
5 0.6265625 0.21953125 0.215625 0.4390625
3 0.8534401800306881 0.31328125 0.04615680113146803 0.0484365
0 0.46015625 0.5665625 0.1161865 0.265
3 0.50546865 0.6390625 0.0265625 0.096865
5 0.45 0.61953125 0.1365 0.5609365
6 0.86568125 0.5453125 0.2484365 0.2125
5 0.85603125 0.61953125 0.2859365 0.5609365