0 0.5984365 0.559365 0.021865 0.0625
0 0.4328125 0.5268554650139363 0.0665625 0.06294542659490121
0 0.55859365 0.6088362489198456 0.0421865 0.04555693969514958
0 0.284365 0.32109365 0.103125 0.0828125
3 0.259365 0.3633464451560986 0.059365 0.04409543364502548
3 0.4125 0.5634560503459012 0.03125 0.02664430618159222
3 0.56696865 0.6432666910643233 0.0265625 0.026616036104353654
4 0.5665625 0.6865 0.065625 0.065625
4 0.3953125 0.6328863063960254 0.115625 0.13816268656189165
4 0.1140625 0.40859365 0.228125 0.2568125
5 0.1696865 0.53203125 0.359365 0.5046865
5 0.5421865 0.66890625 0.134365 0.3390625
5 0.56953125 0.65603125 0.0696865 0.1484365
5 0.41953125 0.6853619569616595 0.2359365 0.39668514422102225
