6 0.6890625 0.184365 0.421865 0.36865
5 0.6046865 0.2046865 0.590625 0.409365
2 0.9662666505891651 0.6515911909616959 0.061246562208606954 0.05346952400410509
2 0.8362041029503063 0.6203235311343839 0.05344316256668646 0.05499656220860695
2 0.6416864824388026 0.6013422468586006 0.06280906220860695 0.05348861436318469
2 0.665666452580965 0.8652160850945223 0.05188965292686635 0.05654998184962643
0 0.5902239824388026 0.6022240126894236 0.06859669866214013 0.0816045169539809
0 0.4203125 0.60546865 0.021865 0.0696865
3 0.42265625 0.80625 0.0265625 0.04365
3 0.5966961653554061 0.6982668560635654 0.044049981849626426 0.05181603005422936
3 0.6521240186395466 0.8044036153451433 0.034638620413308986 0.04551248689965162
3 0.8465006326351943 0.8304161486208266 0.045621562208606954 0.05338862041330898
3 0.9620865399149826 0.8632681246149162 0.04090680113146803 0.048663849336060066
4 0.8603125 0.92634365 0.134365 0.1453125
4 0.66696865 0.91696865 0.1296865 0.1640625
6 0.61161865 0.90234365 0.1546865 0.1953125
6 0.45603125 0.91015625 0.0953125 0.1696865
5 0.93828125 0.8568125 0.1234365 0.284365
5 0.86109365 0.8421865 0.2203125 0.315625
5 0.665625 0.83359365 0.215625 0.3328125
5 0.668125 0.91640625 0.20625 0.1661865
5 0.6 0.8265625 0.234365 0.346865
5 0.46568125 0.82568125 0.1328125 0.3484365