1 0.665 0.409365 0.161865 0.259365
2 0.68661865 0.13984365 0.1953125 0.1568125
5 0.84453125 0.2890625 0.3109365 0.5
2 0.01696865 0.66953125 0.0359365 0.1859365
0 0.16265625 0.61865 0.1265625 0.159365
2 0.42134623829253506 0.6359365 0.10556835518980259 0.153125
3 0.0140625 0.93359365 0.028125 0.1328125
3 0.1669836390546608 0.64140625 0.06536260462226432 0.0640625
3 0.401838193309386 0.66640625 0.06649656220860695 0.053125
4 0.38828125 0.86865 0.1921865 0.2625
4 0.13984365 0.884365 0.1696865 0.23125
5 0.13515625 0.66953125 0.2603125 0.4609365
5 0.39921865 0.665 0.3046865 0.45
6 0.84453125 0.8390625 0.3109365 0.321865
5 0.84453125 0.66953125 0.3109365 0.4609365
3 0.6619358668562166 0.68125 0.053924951599006465 0.1365
0 0.809365 0.56634365 0.209365 0.0665625