2 0.6484365 0.08359365 0.215625 0.1661865
2 0.8546865 0.11015625 0.290625 0.2203125
3 0.61484365 0.1902660852562308 0.109365 0.11846019334818116
3 0.93515625 0.334365 0.1296865 0.1865
4 0.653125 0.03661865 0.096865 0.0634365
4 0.56015625 0.0603125 0.0921865 0.140625
4 0.66953125 0.29609365 0.3359365 0.2661865
5 0.54365 0.240625 0.16865 0.368125
5 0.85603125 0.21484365 0.2859365 0.4296865
5 0.646865 0.0546865 0.125 0.109365
5 0.56568125 0.16953125 0.1921865 0.3390625
5 0.661865 0.21484365 0.45625 0.4296865
0 0.08046865 0.5823103239566838 0.028125 0.04563966400381696
4 0.08359365 0.6119614612905929 0.040625 0.05359661466218159
5 0.08359365 0.6338364612905929 0.0665625 0.16182838534362693
4 0.69140625 0.6383596819462296 0.3546865 0.29631466261481594
2 0.83984365 0.4664663052594125 0.1365 0.08441245635199913
5 0.6484365 0.61640625 0.490625 0.5661865