2 0.12686300263046452 0.6636433012810469 0.22324664422102222 0.23851924936345323
2 0.034365 0.65068125 0.06865 0.4015625
2 0.5304646256013063 0.6165996665595503 0.1428965480082102 0.1235295013526354
3 0.01015625 0.568125 0.0203125 0.025
3 0.18984365 0.5625 0.0265625 0.025
3 0.11606146935659554 0.8331546612826386 0.11319995664913049 0.12162155601526189
4 0.028125 0.66640625 0.05625 0.1484365
4 0.21816016842151909 0.6538296932686393 0.09464085518980259 0.15421588001262682
4 0.159365 0.90603125 0.31865 0.1859365
4 0.49665625 0.88125 0.2640625 0.2365
3 0.5326999062230648 0.6493939952260049 0.10200692659490121 0.066644286680454
5 0.46865 0.665 0.321865 0.45
5 0.08828125 0.665 0.1665625 0.45
5 0.03515625 0.66640625 0.0603125 0.2328125
5 0.221865 0.64365 0.19365 0.3865
5 0.18203125 0.6665625 0.3640625 0.446865