5 0.86890625 0.44365 0.0359365 0.15
6 0.8802218904103933 0.46033142846866404 0.03160451695398063 0.0683068061815924
3 0.8838362489198456 0.41030860258096496 0.00945681323161641 0.014116042154466666
0 0.8829196435336513 0.38686564666050466 0.018895445645263666 0.02510908430895533
0 0.10001623994285502 0.634686006933886 0.01562499394986581 0.016268403590696288
4 0.09244916963800468 0.6660189586292851 0.03686361436318469 0.06261816861691066
0 0.322036685688129 0.6584951659445813 0.014126132513556366 0.01101931323161641
0 0.35480363389263084 0.6504916684039093 0.012562622862636888 0.012562622862636888
5 0.354861911585828 0.6622105284039093 0.02519998689965162 0.03452044564526395
5 0.3220866826630669 0.6660889259445813 0.022011355386194253 0.023564665026114632
4 0.10655613143340266 0.6846496454965685 0.06256495664913066 0.12063065651666254
5 0.68515625 0.659365 0.4296865 0.48125