4 0.64609365 0.09341119505690285 0.1046865 0.16669655405833438
4 0.61865 0.3266463966551051 0.13125 0.24451359016268686
3 0.6390625 0.030860288442044556 0.03125 0.0454943061815924
3 0.6068125 0.16960666424154662 0.0203125 0.04064316466803503
2 0.64296865 0.10625604632083908 0.08125 0.10662269866214013
5 0.634365 0.19140625 0.14365 0.3828125
5 0.60603125 0.30156821906200694 0.2015625 0.5105466563212606
6 0.25625 0.6113935805965224 0.0390625 0.06896625896699054
3 0.26640625 0.6809839169305396 0.00625 0.010963861436318445
0 0.265625 0.665625 0.025 0.0125
5 0.2634365 0.64921865 0.09365 0.1696865
