6 0.3515625 0.4315923083599428 0.0453125 0.048601120413308985
5 0.353125 0.42611446800086306 0.0665625 0.0691954265949012
6 0.1068125 0.40254165436636313 0.05625 0.05960225292686635
5 0.11161865 0.389236668468664 0.059365 0.0862829336450254
3 0.8865 0.33046865 0.225 0.2390625
0 0.83661865 0.221865 0.3265625 0.44365
6 0.815625 0.568125 0.36865 0.14365
5 0.8046865 0.325 0.390625 0.65
4 0.2640625 0.846865 0.309365 0.30625
4 0.196865 0.69609365 0.040625 0.0921865
4 0.09365 0.8125 0.1865 0.325
4 0.06109365 0.69453125 0.0634365 0.0890625
4 0.0328125 0.66865 0.065625 0.2365
5 0.16568125 0.60234365 0.1203125 0.1046865
5 0.0625 0.825 0.125 0.35
5 0.1296865 0.825 0.259365 0.35
0 0.29921865 0.825 0.4634365 0.35
0 0.49296865 0.825 0.1634365 0.35
0 0.8390625 0.69921865 0.161865 0.0984365
3 0.68661865 0.6346669643866258 0.046865 0.06121021066238851
4 0.640625 0.92890625 0.309365 0.1421865
4 0.6634365 0.8495989824388026 0.040625 0.11429884933606006
4 0.621865 0.85068125 0.084365 0.2984365
0 0.63661865 0.6655938558661636 0.021865 0.040652265026114556
5 0.65234365 0.6848669522863664 0.1203125 0.26944995664913066
5 0.6568125 0.825 0.15625 0.35
0 0.68984365 0.825 0.4203125 0.35
0 0.94140625 0.825 0.1161865 0.35
