6 0.3035592536124332 0.3661865 0.039306939695149584 0.0421865
5 0.30390625 0.36015625 0.0661865 0.0568125
6 0.06685526166460985 0.35390625 0.05029998184962643 0.0515625
5 0.08105299463624691 0.34140625 0.050445426594901206 0.0665625
6 0.6042092143866258 0.16634365 0.028334068258831143 0.0359365
5 0.603446145104685 0.16421865 0.03151362041330898 0.0453125
0 0.3184439103282914 0.81015625 0.06289996569950324 0.06865
0 0.13453606382089166 0.6296865 0.09655666693096131 0.1161865
5 0.2953125 0.88661865 0.165625 0.2265625
5 0.13515625 0.83125 0.2603125 0.3365
4 0.1359365 0.8921865 0.2 0.215625
4 0.29609365 0.9328125 0.0984365 0.134365
4 0.42195525058916516 0.64365 0.01638648689965162 0.034365
0 0.42523468669352865 0.6161865 0.014153403590696286 0.015625
5 0.42416163556206056 0.665625 0.036619266930961265 0.1161865
4 0.6594592648868668 0.68359365 0.016369306181592398 0.03125
2 0.6611626654536019 0.659365 0.004632951695396966 0.0068125
5 0.6492530269129299 0.6921865 0.028569516953980903 0.068125
