2 0.596865 0.35 0.165 0.165625
5 0.6546865 0.33125 0.490625 0.2365
3 0.2546865 0.8625 0.509365 0.265
2 0.23515625 0.56696865 0.4603125 0.2359365
4 0.2546865 0.85068125 0.509365 0.2984365
5 0.2546865 0.625 0.509365 0.55
4 0.9189268862533664 0.6826100504440961 0.014316038669636161 0.02195681323161659
4 0.8642030245862665 0.6854168868663105 0.01586953866963616 0.02196590359069629
2 0.916536109922049 0.6666562100850164 0.004668406666626353 0.006839661066238922
2 0.8628041565881854 0.6613452965162308 0.00692158800126254 0.009420451695398143
5 0.8633581399188665 0.6908810926966606 0.022456802663454134 0.05012626502611463
5 0.9181456362533664 0.6826055052645563 0.016668396005626136 0.042286493949865896