0 0.6940388069661592 0.45268662100248416 0.06918633623582168 0.06539996569950324
5 0.628125 0.4890625 0.215625 0.159365
4 0.60625 0.5365 0.115625 0.0625
4 0.6828382084346965 0.36311151561448563 0.020521568258831143 0.03605566466803503
0 0.6690955848981306 0.3350092416121846 0.01415340359069611 0.015606813231616586
5 0.6889600336666625 0.38338665426816623 0.04656495664913066 0.12058521066238851
3 0.9189620606958296 0.6262200488919629 0.009429542154466843 0.009429542154466666
0 0.915950690284325 0.6066069696101322 0.01886626502611463 0.02198408430895533
4 0.9313893369231928 0.638646326019336 0.03462043969514959 0.04238648689965162
4 0.863956398228043 0.6812256114596596 0.030051114363184695 0.0626626168225126
5 0.858486648228043 0.6812565266165382 0.06322622862636924 0.1253636143631848
5 0.9281325266165383 0.6613216566364953 0.064246541958086 0.13948964686664198