3 0.8436248184962639 0.44365 0.09898292154466602 0.09365
3 0.6583413034691592 0.421865 0.12104881908544911 0.1265625
2 0.6632919030016209 0.3328125 0.10342498184962642 0.0515625
2 0.8116294030016209 0.3328125 0.11136464686664216 0.0634365
4 0.69296865 0.52890625 0.3359365 0.1696865
4 0.89296865 0.53828125 0.2140625 0.1609365
5 0.8634365 0.43125 0.253125 0.365
5 0.6296865 0.44453125 0.540625 0.3484365
3 0.528125 0.69921865 0.1365 0.1328125
4 0.621865 0.84453125 0.325 0.3109365
5 0.66484365 0.809365 0.4109365 0.38125