0 0.46324920686356364 0.4859069439449561 0.01628649394986581 0.016386494668999894
4 0.4890832851223948 0.5216626306095026 0.04566611436318469 0.06302625866281686
0 0.9416668868663105 0.28903620321455084 0.04404089149054655 0.050509066339262325
0 0.9652869089535493 0.29333380454332386 0.04864656220860695 0.053688621339908664
6 0.9514636699325924 0.3631468652132683 0.08195904800821019 0.12282042934436319
6 0.98515625 0.365 0.0296865 0.14365
5 0.961865 0.43125 0.05625 0.35625
5 0.9125 0.41953125 0.165 0.3696865
4 0.4689815662668625 0.531155809266548 0.08662836629005096 0.11964996334499946
0 0.3896190954262452 0.6162184158965501 0.022029536104353466 0.02681603866963616
5 0.3856992098886256 0.6139201192314136 0.041088608313060604 0.0801602146621816