0 0.04463605394654693 0.2421865 0.016405666002545258 0.01865
3 0.04280183394336623 0.265625 0.011119313335454439 0.015625
6 0.04396343526213922 0.29921865 0.036664653341816656 0.0625
5 0.04321036660568463 0.29665625 0.054652232016816326 0.13125
5 0.9398842662516666 0.13203125 0.024092028006635945 0.05625
6 0.9398469145846856 0.13515625 0.019131808004454243 0.0328125
5 0.34665625 0.653125 0.3234365 0.49365
6 0.29609365 0.86265625 0.1265625 0.2546865
3 0.3166222366326288 0.665625 0.039606940006363404 0.046865
2 0.32325459196963635 0.565625 0.06336586935062642 0.128125
1 0.9046865 0.86109365 0.190625 0.2568125
2 0.8365 0.61696865 0.325 0.1609365
5 0.809365 0.8068125 0.38125 0.384365