1 0.66696865 0.140625 0.4359365 0.28125
4 0.625 0.2828125 0.55 0.161865
5 0.625 0.184365 0.55 0.36865
5 0.3109365 0.684365 0.268125 0.63125
5 0.1515625 0.684365 0.303125 0.63125
4 0.3359365 0.83984365 0.228125 0.3203125
4 0.10859365 0.8421865 0.2161865 0.315625
1 0.1665285665966304 0.6023694584346965 0.16491128260208928 0.2619364394986569
1 0.4109365 0.5696865 0.068125 0.21865
2 0.6864881992659562 0.5606962666183423 0.006304544000636446 0.004623861436318444
2 0.6115691059436845 0.5626393318630685 0.0031695440006362695 0.004605680618159222
2 0.6206632019414563 0.5690910396185908 0.0031695440006364464 0.004605680618159399
2 0.6253688859405028 0.5860950186413519 0.0031695440006362695 0.004605680618159222
2 0.6592989906110935 0.5569933259211401 0.006322625334181811 0.006286361436318444
4 0.6583166459420936 0.5641853611006699 0.009611356336090698 0.020366042154466842
4 0.6098893366088663 0.5636859222321481 0.006413632001908986 0.014098861436318444
4 0.6816634299411391 0.5816620486955812 0.00693966933481808 0.010982951695396966
4 0.6105433162640482 0.5846188660526084 0.00693966933481808 0.010982951695396966
5 0.6846256046069563 0.586893866966422 0.019222614662181596 0.04063408430895533
5 0.6091535399426299 0.5696842164116868 0.009611356336090698 0.020366042154466842
5 0.615166182606639 0.5900603559653694 0.022264989336999683 0.03450226502611463
5 0.6206166486065936 0.5829962896185908 0.006956950668363623 0.012545451695396965
5 0.6260865012630936 0.5915592234618121 0.011155666002545434 0.018813632513556366
5 0.6448092292626655 0.5936938891528566 0.006522620003181603 0.023463861436318445
5 0.65660969526363 0.5866944614596596 0.022664968665999566 0.06886626502611463