0 0.9616305800445435 0.06466695643154093 0.022111356336090966 0.020566038669636162
0 0.896513536043906 0.059235022656166616 0.01111931333545435 0.015652269334818082
0 0.9145283133652253 0.044591266425166605 0.025345445336363513 0.029968401336626068
0 0.910166168045816 0.06344296342454124 0.04418635200509051 0.0380090663392625
0 0.820206148610998 0.0614600466456682 0.023628401336626246 0.025262620003181603
0 0.6669623960454969 0.06944462206190565 0.04580339600562696 0.04261465866281686
0 0.6219666340466606 0.06828336263231516 0.015843166002545433 0.01893181333545444
0 0.608614665380316 0.0696913313961689 0.016405666002545434 0.01894999466899989
0 0.6658112586125888 0.06149602339262456 0.03159544533636351 0.030051126660908868
0 0.632542516609089 0.04521568662022484 0.023610220003181602 0.023610220003181602
0 0.590625 0.01953125 0.0365 0.0390625
0 0.6032186433699969 0.06612034138286136 0.06646134134309048 0.06263861600890866
0 0.5402363853834966 0.10116524636426084 0.020585220003181603 0.023663856336090696
0 0.5182442066154522 0.09065445860463464 0.012609088001262616 0.009520450668363623
6 0.520860666618634 0.11421923060495266 0.014389664003816963 0.028288632001908988
0 0.5018196653819068 0.08900105460240642 0.025290901336626066 0.025290901336626066
0 0.4586328493693615 0.06965106802990669 0.030014664003816963 0.028460445336363516
0 0.3968862533815886 0.0854482460216354 0.023628401336626066 0.025262620003181603
0 0.3534640913828614 0.09430506801559021 0.020585220003181603 0.023663856336090696
0 0.30859365 0.08828125 0.0161865 0.0296865
6 0.3161865 0.16421865 0.034365 0.1140625
6 0.3551906606262245 0.16556416868236296 0.06046588001262664 0.09444089066462602
6 0.3988953163933608 0.1621669960216353 0.034048830681090214 0.10663180800445424
6 0.4563699693920882 0.16346369602958956 0.059121556015261894 0.11316260934118148
6 0.49954929805854266 0.16240219203531653 0.04800224266981654 0.0964204400063634
6 0.535514060058861 0.16516411260686166 0.035338610666908555 0.08321248933699968
6 0.640455561386043 0.12106885262116933 0.03532042934436319 0.08164998933699969
6 0.6094601000556693 0.1436538313961689 0.03835452266663584 0.0638638520050906
6 0.6242220340546246 0.13689530406586056 0.010029528006635946 0.05635908800126262
6 0.6961333966218156 0.14085664540895104 0.016460220003181603 0.023636494668999892
6 0.8234498646214964 0.13883106864599632 0.06202838001262662 0.09445906200826239
6 0.885086808620543 0.1325169814210414 0.02136601634563563 0.0908613563360908
6 0.9160261520528156 0.12506819865862306 0.05604996866599956 0.06940452800663594
6 0.959269196053452 0.13025659466445012 0.04002611066690838 0.08326603333863605
6 0.9192532606262244 0.1821266300922685 0.06826154535326166 0.14666588534362665
6 0.6685992900620425 0.19131063140513306 0.08624666635518065 0.1619192920114539
6 0.6629049820565883 0.15638906005886088 0.06996814934654489 0.10548646866599956
6 0.5626413526211693 0.13356921461195243 0.05000109468490823 0.13493862133990868
6 0.6164369006399512 0.2623413606166695 0.09664083203362584 0.2495283800126268
3 0.9619305620480433 0.09044920643154092 0.012645450668363622 0.012645450668363622
3 0.905135669384134 0.1100980886561322 0.020530666002545434 0.018986356336090696
3 0.8213146626148159 0.08959413641245088 0.014226132001909165 0.014226132001908986
3 0.6801902233846604 0.1133310820634966 0.00804885633609062 0.020403406666626165
3 0.6222140913828614 0.09859586263231515 0.00693966933481808 0.011028406666626263
3 0.6089510226164068 0.1000038313961689 0.011046588001262539 0.00950226933481808
3 0.6685095446166249 0.1019930453930426 0.01636931333545435 0.015824994668999892
0 0.6885839686156605 0.0950699640610881 0.0064499946689998925 0.01626022533418181
3 0.6344050086125888 0.06101521805366024 0.014206950668363622 0.012663632001908986
3 0.6288186263869966 0.12696364261958846 0.006566264003816963 0.02819662533418181
3 0.5420453333863612 0.12226616860681625 0.00950226933481808 0.011046588001262618
3 0.5021369486189521 0.11634480460240642 0.014206950668363622 0.012663632001908986
3 0.46054988538349666 0.10023699936345315 0.018913632001908986 0.014280666002545345
1 0.3950430640515431 0.10963063335454448 0.008048856336090696 0.020403406666626165
3 0.3536640833863612 0.1200863280155902 0.015688632001908986 0.01424431333545444
3 0.30625 0.1203125 0.0125 0.01865
5 0.3125 0.23515625 0.025 0.3161865
5 0.31696865 0.225 0.0359365 0.30625
5 0.3586612133990869 0.2138816813494538 0.06615332660262556 0.2663604346653633
5 0.38843962263231514 0.21344596668681622 0.06661014003818004 0.2821045226666358
5 0.4625856463981334 0.20805959003022584 0.06066922260845269 0.308594296342454
5 0.5166446600509066 0.1063603680368619 0.01666839600562696 0.042386494668999895
5 0.5039100813961689 0.2015101453691802 0.05661469460081656 0.2521988466640906
5 0.5382032653962244 0.19486888460616998 0.04155334269562588 0.21451603333863606
5 0.58046865 0.228125 0.0696865 0.45625
5 0.6403192013844522 0.10936010262116933 0.04086245202099903 0.15514203333863605
5 0.6659668946326334 0.2191350920591691 0.08663058004454331 0.32908861066690856
5 0.6105504326259519 0.16032542206395168 0.044532892026362436 0.20205339600562614
5 0.6196981633911336 0.1594960100652243 0.030252216024816 0.18313966400381698
5 0.6609699500615866 0.2616413126386685 0.0986498666249963 0.4306683800126266
5 0.8286282606262244 0.18106311264663268 0.06029650803626092 0.266969296342454
5 0.8866856686221336 0.14425491265458685 0.04280666002545326 0.1869626146621816
5 0.910504432049634 0.1015669634245413 0.06518290802036266 0.15085452266663593
5 0.9625660093889065 0.14591695643154093 0.052199941358998816 0.1896443026634543
5 0.9296865 0.25 0.140625 0.4
5 0.61640625 0.28203125 0.1068125 0.4953125
4 0.12634365 0.5634365 0.2546865 0.0865
5 0.1328125 0.609365 0.265625 0.359365