5 0.09010064161038066 0.6695813982280431 0.11365446955298621 0.21626950585363243
5 0.2340689103282914 0.6412450851926181 0.11225560206654456 0.22620691549465265
4 0.06846118140553032 0.6365211632551566 0.03466589149054663 0.05019998689965162
4 0.23666628064160038 0.6959189496540986 0.040996604622264314 0.06429884933606006
0 0.06169900663929936 0.693030819861016 0.023601126463433164 0.028261355386194252
3 0.06941151268942361 0.6101628680656169 0.006304542154466655 0.009411361436318443
3 0.22356229264365284 0.6655264666062655 0.004632951695396966 0.006839661066238922
0 0.22369046641168688 0.6452149666062655 0.023582945645263664 0.025136355386194253
2 0.5864292169026663 0.8122848139190865 0.06924996964936905 0.08633646569950324
3 0.5980940061302686 0.8590961814055303 0.03616465896699036 0.03926156825883114
4 0.653125 0.92265625 0.140625 0.1546865
5 0.6453125 0.8634365 0.2 0.253125