0 0.9265659694064056 0.22265625 0.0046602253341818114 0.00625
6 0.922115636065624 0.2421865 0.009646620003181603 0.0234365
5 0.9206350520666683 0.24921865 0.021039653341816656 0.0625
6 0.406606820058861 0.62634365 0.1520555853655436 0.3109365
6 0.5509845286236246 0.6140625 0.08966266669318062 0.1953125
0 0.45160050469445334 0.3984365 0.06824201634563563 0.090625
0 0.5585686663694983 0.46015625 0.03025112133990866 0.0484365
5 0.53661865 0.60859365 0.1640625 0.5828125
5 0.43359365 0.66484365 0.3603125 0.6603125
6 0.8046865 0.84140625 0.365625 0.3161865
0 0.6543351533656804 0.53828125 0.21836038136536221 0.2359365
3 0.6166266100562601 0.621865 0.09329656134626218 0.0953125
5 0.809365 0.696865 0.38125 0.60625
