0 0.64365 0.0365 0.05 0.065
5 0.66015625 0.31953125 0.0828125 0.6390625
5 0.309365 0.81953125 0.61865 0.3609365
0 0.6015200306416004 0.86015625 0.05664996569950324 0.06865
0 0.6881886836666625 0.86865 0.05031816256668646 0.0546865
0 0.866996162330344 0.865 0.04864656220860695 0.053125
0 0.9365166180656168 0.85 0.06664201695398109 0.068125
3 0.6035956151486516 0.90625 0.029851126463433166 0.028125
3 0.6902506326351943 0.9161865 0.029842036104353563 0.0265625
3 0.8918905006863611 0.90390625 0.020456945645263665 0.025
3 0.9216643590986264 0.8890625 0.03145906825883114 0.0359365
4 0.86265625 0.9609365 0.0515625 0.068125
4 0.9421865 0.9609365 0.115625 0.068125
4 0.6984365 0.96696865 0.096865 0.0640625
4 0.6068125 0.96953125 0.10625 0.0609365
5 0.6109365 0.9109365 0.15625 0.168125
5 0.81015625 0.91865 0.1390625 0.1625
5 0.8953125 0.92109365 0.13125 0.1568125
5 0.92634365 0.9015625 0.1453125 0.196865