6 0.30859365 0.1453125 0.0203125 0.0365
5 0.3068125 0.14296865 0.021865 0.0453125
5 0.6330635160090632 0.4696865 0.1604850655694066 0.459365
5 0.6681615883159661 0.49140625 0.15811352361132158 0.3203125
5 0.6999661002198328 0.39609365 0.1126283006386846 0.3068125
4 0.6861581302640621 0.35234365 0.05058168298109546 0.1
4 0.631683632831586 0.45 0.05520565046653826 0.0890625
4 0.652850205604223 0.4365 0.06918856201231529 0.1828125
3 0.6864444665850601 0.303125 0.020421584308955333 0.01865
3 0.6506609856584523 0.39365 0.009446622862636889 0.0125
3 0.6126660820694603 0.34453125 0.01893180618159222 0.03125
0 0.6851046903825206 0.26484365 0.03460225896699054 0.0390625
0 0.6399680218628058 0.3661865 0.04622043364502539 0.059365
0 0.6162319605349459 0.2859365 0.06601588544042354 0.0661865
0 0.6665625 0.69609365 0.04365 0.0328125
3 0.6621951033430908 0.81640625 0.01416249394986581 0.0161865
4 0.636660106368153 0.825 0.06909543364502539 0.059365
5 0.6568125 0.8484365 0.15 0.1365