6 0.8140625 0.465 0.35 0.41865
6 0.81865 0.0661865 0.359365 0.134365
5 0.81953125 0.0865 0.3609365 0.165
5 0.81953125 0.4125 0.3609365 0.584365
5 0.35859365 0.89365 0.1515625 0.2125
5 0.21953125 0.93828125 0.1546865 0.1234365
5 0.1828125 0.89296865 0.10625 0.2140625
4 0.19603664618936098 0.899066616313492 0.04903646369925466 0.10340680113146802
4 0.25546865 0.96568125 0.0546865 0.0484365
4 0.3365 0.94365 0.068125 0.1125
3 0.1933965595192834 0.8483001028521115 0.02042158430895542 0.01886816466803521
3 0.23456343588452064 0.9410325035160415 0.009446622862636889 0.012554542154466844
3 0.3664236829566545 0.8839552808396961 0.018940896540662096 0.03292158430895533
0 0.19394246018321332 0.8066605566625616 0.03460225896699045 0.03926248689965162
0 0.24533630942108656 0.9128438610024842 0.04565693364502548 0.05963862041330899
0 0.36059586366400955 0.8222683460965648 0.06658646569950324 0.06914088544042363
