6 0.63515625 0.10234365 0.1546865 0.2046865
5 0.61865 0.209365 0.165 0.41865
1 0.16484365 0.60859365 0.3296865 0.3359365
2 0.159365 0.51696865 0.31865 0.0665625
5 0.16484365 0.6296865 0.3296865 0.540625
6 0.6696865 0.8932889960911652 0.021865 0.03606466502611463
6 0.99453125 0.85625 0.0109365 0.04365
6 0.91484365 0.48313681215156204 0.0203125 0.04064316466803503
4 0.9068125 0.6932531555356038 0.021865 0.036626265026114634
0 0.909365 0.6612309958946834 0.015625 0.02509090359069611
5 0.91484365 0.5034503121515621 0.0390625 0.13460225896699035
5 0.90603125 0.605648610356164 0.04365 0.12056603005422928
5 0.9890625 0.88661865 0.021865 0.1640625
5 0.68359365 0.8854992219888641 0.0328125 0.0595658965406621