6 0.60390625 0.05546865 0.4603125 0.1109365
5 0.634365 0.2515625 0.53125 0.503125
6 0.3390625 0.65068125 0.259365 0.3015625
5 0.30859365 0.8 0.3203125 0.4
3 0.6602248106494961 0.8628268832991242 0.1435692813494536 0.1195662226662454
3 0.46265625 0.62634365 0.0068125 0.0203125
2 0.62890625 0.615625 0.2015625 0.03125
5 0.65603125 0.621865 0.0661865 0.04365
5 0.5068125 0.6296865 0.068125 0.259365
5 0.62890625 0.8 0.5203125 0.4
4 0.68359365 0.94140625 0.3921865 0.1161865
4 0.48661865 0.64453125 0.0359365 0.0568125