0 0.5693859555068312 0.059365 0.02520906825883114 0.0359365
0 0.6601245849963264 0.03984365 0.028360439695149584 0.0421865
0 0.5009240913410382 0.2515625 0.023628396540662096 0.0328125
0 0.43448602508425954 0.25603125 0.020503396540662096 0.0328125
6 0.43912806328886155 0.26484365 0.0440954336450254 0.059365
6 0.5808620960965648 0.06421865 0.03940693364502539 0.059365
6 0.6606586814055303 0.05546865 0.06299086939029935 0.084365
5 0.65234365 0.028125 0.0828125 0.05625
5 0.6441342566364952 0.06568125 0.09920109016268804 0.13125
5 0.5629359666080696 0.09365 0.06669655405833436 0.1046865
5 0.5000383022116226 0.26953125 0.04268646964936905 0.0859365
5 0.43648366005614495 0.26890625 0.04894656010845856 0.0865
