5 0.18203125 0.11266921340466618 0.0515625 0.13311248184962643
0 0.9109365 0.2860299056320955 0.01865 0.01629658430895533
5 0.9068125 0.3643554650139363 0.05 0.16529089149054662
6 0.6015625 0.38366651463433124 0.03125 0.06424430618159221
0 0.6046865 0.33056069535249044 0.0161865 0.02353649394986581
5 0.59921865 0.41412262909561164 0.046865 0.19614661066238852
2 0.53661865 0.65 0.0140625 0.059365
3 0.91696865 0.6114269594958424 0.05 0.06122839149054663
3 0.68515625 0.5603125 0.0453125 0.040625
3 0.58984365 0.56109365 0.0453125 0.0421865
4 0.5568125 0.86568125 0.05625 0.2484365
6 0.5921865 0.65234365 0.125 0.3568125
6 0.66568125 0.6551309868195962 0.1515625 0.343069264830623
6 0.91328125 0.81328125 0.1609365 0.3634365
5 0.5603125 0.80390625 0.08125 0.3921865
5 0.615625 0.665 0.161865 0.45
5 0.6603125 0.665 0.2 0.45
5 0.903125 0.665 0.19365 0.45
