2 0.1646688488450906 0.18359365 0.012581813231616588 0.0140625
3 0.1680164683335859 0.203125 0.0063136325135563655 0.0109365
4 0.16345624336060062 0.225 0.016423849336060062 0.040625
5 0.18283668854024038 0.22568125 0.038081682981095456 0.1
0 0.6948862948849521 0.1865 0.11206460452586246 0.19365
3 0.6699521621650031 0.30625 0.03320338544042354 0.0661865
4 0.5515625 0.42109365 0.265625 0.4953125
5 0.58661865 0.361865 0.3359365 0.59365
1 0.168125 0.940625 0.35625 0.11865
2 0.11328125 0.846865 0.2265625 0.0625
5 0.209365 0.9 0.41865 0.2
1 0.66890625 0.91696865 0.4421865 0.1640625
2 0.68515625 0.81640625 0.4296865 0.1296865
5 0.609365 0.86109365 0.58125 0.2568125