0 0.6519416906661083 0.26540569595004666 0.01628649394986581 0.016386494668999894
4 0.6548348865205681 0.3152131832829569 0.040988614363184614 0.0629626146621816
0 0.442565681036188 0.2662695946451364 0.014126132513556366 0.011101132001908986
0 0.41363316354964526 0.26566844931562804 0.014135222862636066 0.012663632001909165
5 0.41211156621562665 0.2658528806492636 0.02666248689965162 0.03468408266026243
5 0.4416490692406898 0.2841011853119101 0.023582945645263664 0.025262620003181603
4 0.63984365 0.31484365 0.0828125 0.1068125
4 0.0634365 0.828125 0.146865 0.34365
5 0.168125 0.684365 0.35625 0.63125
1 0.63125 0.8453125 0.5365 0.29365
2 0.65625 0.56634365 0.4865 0.2665625
5 0.684365 0.6046865 0.63125 0.590625