3 0.2102546813063344 0.262633063281366 0.006866132513556366 0.011028406666626165
2 0.2048668348981306 0.24616160694866505 0.01259999394986581 0.01633295066836362
4 0.20666912110066995 0.2854165952816842 0.01640566861691084 0.03669999466899989
5 0.21328866661653826 0.26832161061426513 0.036999969649368956 0.08636385200509069
1 0.6828125 0.36015625 0.328125 0.3890625
2 0.661865 0.06328125 0.30625 0.1265625
5 0.809365 0.28984365 0.38125 0.5696865
0 0.36122166268661946 0.9155836112508219 0.0361193061815924 0.03166816066154533
3 0.36338360560602606 0.9468064392505038 0.018886355386194254 0.023655666002545433
6 0.38359365 0.9625 0.0661865 0.065
5 0.36953125 0.946865 0.1161865 0.10625
5 0.809365 0.6546865 0.38125 0.35