5 0.8610966325369985 0.06109365 0.05063631908544911 0.1265625
4 0.8626410456686149 0.05603125 0.026853391490546905 0.05
0 0.8636540999252452 0.0161865 0.011001132513556365 0.0109365
5 0.0015625 0.4515625 0.003125 0.04365
0 0.38891496063133663 0.665625 0.10040906615858266 0.0603125
0 0.3140625 0.69453125 0.06865 0.1390625
0 0.32890625 0.3015625 0.0984365 0.068125
3 0.32890625 0.2546865 0.0609365 0.009365
3 0.29296865 0.2625 0.0265625 0.025
3 0.35962691959986946 0.8140625 0.04564884328594586 0.0568125
3 0.40962238046045385 0.83203125 0.054914658966990406 0.0390625
4 0.35603125 0.93661865 0.1546865 0.1265625
5 0.4665625 0.840625 0.39365 0.31865
5 0.5016598834955159 0.840625 0.3219033128389331 0.2634365