5 0.546865 0.16484365 0.315625 0.3296865
6 0.16953125 0.6109365 0.3234365 0.568125
5 0.1665625 0.66328125 0.353125 0.6661865
3 0.16990916203565646 0.4023416664666115 0.08988063231616552 0.14114315046653814
4 0.4296865 0.5661865 0.08125 0.2125
4 0.5625842648868669 0.569593840651863 0.1308510659621911 0.20065449980360816
4 0.64612802691293 0.566119463560008 0.11204652380661343 0.19126041549465282
4 0.9016195038106289 0.562308632831586 0.12666151665658924 0.20854881908544912
2 0.6613666294136405 0.3646939103282914 0.06601601695398062 0.06856042659490121
3 0.4206645516206434 0.3883943586066481 0.04860112041330894 0.04559430113146821
3 0.656925148228043 0.4669041362259905 0.05341589149054663 0.05030906220860695
3 0.9562029855620604 0.4555888654433392 0.03668180113146803 0.04865566861691084
5 0.903125 0.64665625 0.19365 0.5296865
5 0.6068125 0.61015625 0.321865 0.5609365
5 0.51953125 0.6 0.2609365 0.546865
5 0.4453125 0.5984365 0.1125 0.50625