2 0.43429966262312636 0.8258602128154919 0.12694429508134383 0.06636131908544911
2 0.3309161183602054 0.6354219539366965 0.13163168903121965 0.08356609016268804
2 0.06596380494209615 0.6182515928931623 0.12565449980360834 0.13041462862636942
2 0.1140625 0.30625 0.0865 0.0125
2 0.28125 0.32109365 0.06865 0.0421865
2 0.45402692808588066 0.3892514566653668 0.03918966502611463 0.022102258966990363
3 0.4554268016224465 0.4163855461244464 0.02353649394986581 0.016323855386194253
3 0.28611826541989804 0.3681169931643089 0.03926248689965162 0.03460225896699045
3 0.10569041598563216 0.35284930669061304 0.05180693969514966 0.04248648184962643
3 0.0296865 0.6 0.059365 0.05
3 0.3286354639526915 0.8416628635666168 0.06209316861691066 0.03691815651666228
4 0.55390625 0.6984365 0.1109365 0.14365
4 0.45603125 0.934365 0.3046865 0.13125
4 0.2961664016440844 0.8946060563960254 0.1386626563212608 0.20236245159900648
4 0.04296865 0.66865 0.0859365 0.290625
4 0.09030125049096934 0.46360044826935664 0.16915221056599684 0.1665988009350665
4 0.2653211451046851 0.48821515583029135 0.12305664668035031 0.2038340480082102
4 0.44423466156821816 0.46106191461089003 0.06539088544042354 0.06662383623582169
5 0.44860865416996136 0.515005435688129 0.10634194535249045 0.2849840540583344
5 0.5515625 0.62568125 0.115625 0.3603125
5 0.3890625 0.8921865 0.440625 0.215625
5 0.28125 0.834365 0.26865 0.33125
5 0.0865 0.66265625 0.165 0.4546865
5 0.26265625 0.52568125 0.1828125 0.4515625
5 0.10068125 0.5161865 0.2015625 0.434365
1 0.6921865 0.6546865 0.165625 0.490625
2 0.6140625 0.35 0.209365 0.1
4 0.8046865 0.928125 0.390625 0.14365
5 0.8046865 0.65 0.390625 0.6