0 0.6053939436039646 0.3921865 0.15989315046653826 0.0890625
0 0.6033416059653694 0.2068125 0.12556360226293642 0.096865
0 0.503125 0.20859365 0.046865 0.0359365
3 0.6086512646914662 0.23515625 0.0455033965406621 0.0328125
3 0.625 0.44665625 0.03125 0.0234365
4 0.49296865 0.2634365 0.0265625 0.065
4 0.6152461864556545 0.31015625 0.2152442466803503 0.203125
5 0.50390625 0.259365 0.0484365 0.134365
5 0.63661865 0.3015625 0.2640625 0.315625
5 0.6865 0.40234365 0.368125 0.1140625
0 0.6466189012531051 0.5640625 0.025263620413308985 0.0453125
4 0.6410664344305924 0.59365 0.03669998184962643 0.0515625
5 0.634695624223938 0.61640625 0.06499880698520063 0.1609365