0 0.66568125 0.4166450549420961 0.0665625 0.04419542659490121
0 0.6265625 0.3896866512531051 0.0515625 0.03466498184962643
3 0.61696865 0.411612648228043 0.0359365 0.01639656825883114
3 0.65390625 0.4361848199692119 0.025 0.016332945645263666
6 0.603125 0.43661865 0.09365 0.0453125
5 0.65 0.421865 0.203125 0.065
5 0.6696865 0.4046865 0.18125 0.109365
0 0.80390625 0.2612689284686641 0.009365 0.006304542154466666
6 0.80234365 0.2806530188366436 0.0161865 0.01416249394986581
5 0.80390625 0.283668928468664 0.025 0.03452044564526368
0 0.6953125 0.295536665453602 0.009365 0.006304542154466666
6 0.69665625 0.30568028991498253 0.0161865 0.01562499394986581
5 0.69453125 0.30882346063314165 0.0265625 0.03609203610435348
3 0.44609365 0.6665698053348806 0.0296865 0.0366626168225126
2 0.4640625 0.690912666205465 0.06865 0.06914996569950324
4 0.43203125 0.864536618566596 0.1359365 0.20546836123992685
5 0.4109365 0.821865 0.24365 0.35625
6 0.64296865 0.5365 0.1068125 0.15625
5 0.6568125 0.609365 0.1365 0.5