5 0.06358985196531965 0.18896666193509393 0.025418160661545326 0.03622840133662606
2 0.02346222063962846 0.13252640526532086 0.00693966933481808 0.01102840666662622
4 0.01161865 0.161865 0.0234365 0.053125
5 0.0140625 0.16161865 0.028125 0.0828125
5 0.665625 0.16484365 0.5125 0.3296865
1 0.21520299693126569 0.5826686598902323 0.2665453866963623 0.22194991460399826
4 0.16568125 0.84140625 0.3515625 0.3161865
2 0.24921865 0.3953125 0.2828125 0.13125
5 0.2046865 0.66484365 0.409365 0.6603125
5 0.04140625 0.66484365 0.0828125 0.6603125
