0 0.20546865 0.5042663609453392 0.034365 0.036136486899651616
0 0.121865 0.4863636666345696 0.0365 0.03928066861691084
0 0.03515625 0.46811926180566066 0.0390625 0.03662625896699036
0 0.25068125 0.5365612313586481 0.0365 0.036618168616910844
0 0.46696865 0.5581362912606149 0.0359365 0.036609068258831144
0 0.42265625 0.525842420856406 0.0328125 0.03612839654066192
0 0.15234365 0.5289562886366322 0.0390625 0.04241465896699036
0 0.38125 0.5536265263416961 0.0359365 0.03926156825883114
0 0.290625 0.5281992855151683 0.0328125 0.03669089654066192
0 0.08125 0.5301061663985095 0.040625 0.03663634933606006
0 0.328125 0.5182612041330892 0.0328125 0.0366908965406621
0 0.51161865 0.6115168213249442 0.05 0.0846658914905469
0 0.33828125 0.5596265414661066 0.0365 0.04396816861691084
0 0.0140625 0.50546865 0.028125 0.0453125
3 0.00603125 0.54665625 0.0140625 0.0203125
3 0.03125 0.5024615359069618 0.0234365 0.022011355386194253
3 0.0696865 0.5652533360394299 0.0203125 0.01630566466803503
3 0.1161865 0.5225026556563406 0.0265625 0.020466036104353465
3 0.146865 0.5686692224698535 0.028125 0.022038626463433166
3 0.19921865 0.5393862495090206 0.0234365 0.020448855386194252
3 0.24365 0.5648015646426898 0.0296865 0.0220466168225126
3 0.2859365 0.5616656644369395 0.0234365 0.020448855386194252
3 0.32109365 0.5486890465162308 0.0203125 0.020430664668035033
3 0.3296865 0.5986390444921686 0.0265625 0.025154536104353465
3 0.368125 0.5849583456236369 0.021865 0.023564665026114632
3 0.415625 0.5593952642415466 0.0234365 0.022011355386194253
3 0.41953125 0.6186929901392468 0.0234365 0.022011355386194253
3 0.4609365 0.5969401346548566 0.025 0.022020445645263666
3 0.49296865 0.5918664860159888 0.0161865 0.01628649394986581
3 0.50625 0.6341412550681655 0.021865 0.02200226502611463
3 0.55 0.6265832851223949 0.021865 0.020439665026114552
3 0.5865 0.6228952036403056 0.028125 0.023601126463433164
0 0.59453125 0.569966360356164 0.0390625 0.03928965896699054
0 0.55390625 0.5859810110200939 0.0390625 0.036626258966990544
0 0.51328125 0.5912134116840239 0.0390625 0.036626258966990544
0 0.5 0.5559698936318461 0.0328125 0.03300339654066192
0 0.42421865 0.5696566612164856 0.0390625 0.039289658966990365
6 0.6161865 0.6015625 0.025 0.16865
6 0.603125 0.6640625 0.053125 0.161865
6 0.56421865 0.603286685688129 0.10625 0.1599931444164139
6 0.53515625 0.6896681666111385 0.0640625 0.14256020462226433
6 0.4953125 0.6106401225546083 0.1 0.15683168298109546
6 0.48125 0.6214958093228916 0.03125 0.042369306181592396
6 0.4546865 0.6605600232185382 0.0696865 0.1442136083130606
6 0.4068125 0.6929435624461496 0.09365 0.14898292154466602
6 0.4140625 0.5992299238824681 0.0640625 0.06286260462226432
6 0.3640625 0.6536265323919204 0.0665625 0.1206569265949012
6 0.3125 0.6666068005422931 0.103125 0.14591246369925486
6 0.3068125 0.5665180294650542 0.0265625 0.025154536104353465
6 0.28828125 0.5938106499665589 0.059365 0.0519069336450254
6 0.23661865 0.6403856681269315 0.096865 0.13336610226293622
6 0.18661865 0.6104062666363836 0.08125 0.12234669866214013
6 0.10546865 0.5646220669642436 0.0328125 0.03144089654066192
6 0.02890625 0.5586069003693424 0.0546865 0.06531816256668665
6 0.01640625 0.63046865 0.0328125 0.1640625
6 0.05603125 0.6385590268326655 0.09365 0.15054542154466601
5 0.0365 0.6421865 0.065 0.396865
5 0.0234365 0.69365 0.046865 0.425
5 0.05603125 0.68359365 0.1140625 0.3568125
5 0.09609365 0.6544112858096659 0.1109365 0.3656454154946528
5 0.11865 0.6920430960164203 0.1421865 0.38363962266624513
5 0.1696865 0.6689601200205255 0.1328125 0.36566268052166654
5 0.22109365 0.6996696645361353 0.15625 0.38840903590696183
5 0.2661865 0.685094180128984 0.1203125 0.3616364566491306
5 0.31865 0.5455504119686114 0.0515625 0.09863648184962643
5 0.30603125 0.6259509842855143 0.1568125 0.3931056262660413
5 0.3546865 0.6113844902364426 0.1161865 0.36318166693096126
5 0.41865 0.5648821949596069 0.0665625 0.1206569265949012
5 0.39296865 0.6466634540348932 0.15 0.3899351644616434
5 0.44365 0.6265266406049809 0.1265625 0.3819863190854491
5 0.46890625 0.6191384236842623 0.1109365 0.36626041549465283
5 0.48515625 0.6621435352205908 0.140625 0.3930056323161655
5 0.51484365 0.6498162520431034 0.128125 0.36564540944452856
5 0.55603125 0.66640625 0.1453125 0.4234365
5 0.58203125 0.80068125 0.0953125 0.3984365
5 0.5984365 0.6634365 0.0625 0.45