6 0.9808302808396962 0.16218869459641226 0.015660445645263664 0.02518181333545453
5 0.9692623260193361 0.16142562593095665 0.01893180618159222 0.03146816600254544
0 0.9654251633533535 0.16131492926482133 0.0063045421544668435 0.009446625334181811
0 0.8680269885861226 0.11692001261141163 0.006866042154466843 0.009465906666626165
0 0.8881842385861226 0.11680183394336623 0.006856951695398322 0.006903406666626166
0 0.8610149193052816 0.11486682861236612 0.006856951695398322 0.006903406666626166
0 0.8521831060635654 0.12915650461491146 0.006866042154466843 0.009465906666626165
6 0.8513426686395466 0.13932284528168423 0.01414431323161641 0.014226132001909165
6 0.8666990156144856 0.13053819126945604 0.01418966502611463 0.022038632001908986
6 0.8656296964326449 0.12632228461162966 0.004642042154466844 0.00942954400063626
6 0.8863484464326449 0.12618592461013892 0.011001132513556365 0.011064669334818082
5 0.8865853661508041 0.12406001526691168 0.012609084308955331 0.018895450668363623
5 0.8662194665098838 0.1226166032681844 0.009493164668035209 0.02042158800126254
5 0.8668216416121846 0.12663194126945604 0.015815896540662096 0.03299431333545453
5 0.8521421994566062 0.13618865461491148 0.015660445645263664 0.02518181333545435
0 0.2642926415139889 0.6946632312619568 0.020466036104353465 0.026698856336090696
0 0.20255126561628983 0.6992866439360029 0.020466036104353465 0.026698856336090886
3 0.2618353620254936 0.8142216532622659 0.006866132513556366 0.011028406666626354
4 0.2611149132551566 0.8305189152610033 0.034629530054229286 0.04414998933699968
4 0.18820696448482161 0.8468886659389119 0.030060204622264318 0.06440694533636352
5 0.18509560002344116 0.8455813886060028 0.06169199980360816 0.13039656200826232
5 0.260854124125642 0.8486058439290488 0.06114881303532491 0.14456816000954484
3 0.6328125 0.51953125 0.0865 0.0390625
4 0.6661865 0.54296865 0.209365 0.0859365
5 0.60390625 0.65 0.4296865 0.5