2 0.16360693423420066 0.0609365 0.01416249394986581 0.0161865
3 0.169061145104685 0.06890625 0.01258181323161641 0.0140625
5 0.1806661652562102 0.1 0.0536522346664936 0.1068125
4 0.1659296682822623 0.10859365 0.020566030054229284 0.04365
5 0.3643580869231926 0.60068125 0.03162269866214013 0.08125
6 0.3689611511549093 0.58661865 0.01638648689965162 0.034365
0 0.36299556582294424 0.56640625 0.009446622862636889 0.0125
1 0.64296865 0.64665625 0.4859365 0.3603125
2 0.646865 0.5609365 0.49365 0.103125
4 0.6 0.8859365 0.6 0.228125
5 0.6 0.6546865 0.6 0.490625