6 0.8561269899346656 0.3131333425985648 0.025599984006999668 0.05160694564526368
5 0.8418645859325485 0.32945666936685816 0.05145450668363551 0.1252908914905469
4 0.1140625 0.553125 0.228125 0.1865
5 0.15625 0.68661865 0.3125 0.4546865
0 0.6166120246260463 0.6398140162666098 0.06298406134626218 0.09563065651666246
0 0.5666596606222292 0.6661208849494443 0.069143154668545 0.0869545169539809
2 0.8416035069566292 0.6600669508134395 0.06881589066462602 0.05982951695398091
2 0.46568125 0.65859365 0.0328125 0.0665625
3 0.8490881966104561 0.6554304466883663 0.036664653341816656 0.06260906825883114
3 0.6126148919468206 0.6249465413689108 0.04106135200509069 0.03663634933606006
3 0.5668200152669116 0.6553566831540461 0.041134066339262504 0.04398634933606006
4 0.5515625 0.8828125 0.109365 0.234365
4 0.6165291405951851 0.8661668566256895 0.1184966506001803 0.24654668656189165
4 0.89365 0.88515625 0.1125 0.2296865
5 0.853125 0.8125 0.2 0.365
5 0.61484365 0.69365 0.1696865 0.4125
5 0.54140625 0.80859365 0.1609365 0.3828125