5 0.684365 0.11953125 0.63125 0.2390625
1 0.69665625 0.18984365 0.4046865 0.0984365
2 0.68828125 0.02265625 0.4234365 0.0453125
1 0.0234365 0.69921865 0.046865 0.0265625
2 0.05625 0.64296865 0.1125 0.0568125
5 0.0453125 0.82634365 0.090625 0.2453125
0 0.421865 0.3950656296830828 0.0890625 0.06145565046653818
0 0.61161865 0.6266643681638138 0.061865 0.04563065651666246
4 0.61161865 0.6551081181638136 0.1568125 0.20560562626604132
3 0.43828125 0.4316989310126468 0.0265625 0.03665453610435346
4 0.40859365 0.5453125 0.0696865 0.228125
5 0.43046865 0.64921865 0.1234365 0.5696865
5 0.6109365 0.6699564133533535 0.21865 0.3496101502611466
5 0.41696865 0.6140625 0.0984365 0.140625