5 0.68984365 0.2296865 0.4203125 0.459365
4 0.81328125 0.39140625 0.2953125 0.1359365
3 0.8064336469568966 0.26568125 0.14298645159900646 0.1365
2 0.8328125 0.02568125 0.18125 0.0515625
2 0.21638696601890453 0.490625 0.10032625292686635 0.05625
4 0.18101312968308286 0.565625 0.1616364515990065 0.1365
3 0.20060800624651594 0.5365 0.06888635538619425 0.0234365
5 0.1640625 0.63661865 0.2625 0.3546865
1 0.6015625 0.896865 0.24365 0.20625
2 0.60625 0.684365 0.253125 0.19365
5 0.68984365 0.68203125 0.4203125 0.4359365