0 0.5666609121650031 0.6545980163036609 0.026644306181592566 0.031404536104353464
0 0.48624306869086154 0.6620964196962612 0.02200226502611463 0.02200226502611463
0 0.4213811380626022 0.6593496696980654 0.011028403590696109 0.015688632513556364
0 0.43660102966144565 0.6444104609266293 0.02664430618159222 0.031404536104353464
0 0.43463965612486896 0.6625536516458886 0.045539658966990544 0.03932612041330898
0 0.3425066043294808 0.665266482831586 0.025145445645263666 0.025145445645263953
0 0.2902129513044188 0.6641656598606533 0.046129530054229284 0.04402261066238851
0 0.24262033381696606 0.6853905158126816 0.015634084308955332 0.01884090359069611
0 0.22934816416605566 0.6860302838648583 0.01629658430895533 0.01884999394986581
0 0.19649466656119638 0.6801899314055303 0.03299430618159222 0.03144089654066192
0 0.15181352663638366 0.6546666566392994 0.025145445645263666 0.025145445645263953
0 0.10948058089110986 0.6299131963344491 0.039306939695149664 0.04241465896699036
0 0.12231236899651593 0.6868616234618121 0.06918633623582168 0.06539996569950315
0 0.05841350546094901 0.8153694281840664 0.020448855386194252 0.02355566466803521
0 0.035693622946391636 0.8045636383906309 0.012554542154466665 0.009446622862636889
6 0.038959523513125646 0.8286643066625616 0.014235216822512696 0.029669313231616666
0 0.019282826666851885 0.8038669361610669 0.026616036104353466 0.026616036104353386
6 0.02109365 0.86634365 0.0421865 0.1015625
6 0.054884505362653165 0.8802359040816655 0.03699086939029935 0.08459316861691066
6 0.16085624941082483 0.8319615096643614 0.036428369390299345 0.08458406825883114
6 0.23051121925839962 0.8526506386853185 0.041061336235821685 0.06523634933606006
6 0.24609066646300156 0.8446463350945224 0.009611343285945862 0.05686604215446684
6 0.31953635682208115 0.8458825882166802 0.018886355386194254 0.023546584308955686
6 0.34686292610392196 0.8425985069338869 0.06306360226293624 0.09623861436318469
6 0.40854066048806364 0.8352081866502421 0.02241133118569649 0.09231466502611464
6 0.4412986283335859 0.8256422902095601 0.05968406615858266 0.0606569336450254
6 0.484290204231285 0.8292985553348806 0.04266836939029935 0.08462043969514958
6 0.4446600616195318 0.883436609491411 0.08056016446164336 0.1504636083130606
6 0.29161688485124836 0.8983899646812133 0.09002606806243948 0.16614315046653808
6 0.1946555324901162 0.8669223169441498 0.0609306444164139 0.10665906615858265
6 0.09218906264254141 0.8464239854638646 0.052353361239926664 0.13623648184962642
6 0.1365 0.92890625 0.1 0.1421865
3 0.5665694262021168 0.6664684611241211 0.00691249394986581 0.016232951695396966
6 0.5665625 0.8234365 0.046865 0.1
3 0.48640215006465464 0.6894411696962612 0.014144313231616586 0.014144313231616586
3 0.4294981651018694 0.8116469669026664 0.020421584308955333 0.018868164668034855
3 0.34345612596245363 0.6941691866520462 0.01414431323161641 0.014144313231616499
3 0.30296202653818683 0.8186342869881162 0.006930664668035032 0.020356951695398323
3 0.2435196584860111 0.8056984606331416 0.006866132513556366 0.010982951695398321
3 0.23024659884509062 0.8063382386853185 0.010992042154466666 0.009438632513556366
3 0.19901566956325003 0.8106450458669109 0.018840903590696286 0.015634084308955332
0 0.20991236294639165 0.8035501633533535 0.00634999394986581 0.016223861436318443
3 0.15431181264063624 0.68121662110068 0.014135222862636886 0.012581813231616588
3 0.14839815602668302 0.8390654825369985 0.006966126463433166 0.028160451695398323
3 0.06009862530852389 0.8364540868249969 0.009438632513556366 0.010992042154466844
3 0.02022660423128496 0.8319983919815261 0.014135222862636886 0.01258181323161641
5 0.035689061616626695 0.8209699883906309 0.018995439695149663 0.04229658430895533
5 0.0265625 0.89453125 0.053125 0.2109365
5 0.05603125 0.9 0.0453125 0.2
5 0.1015625 0.85390625 0.0865 0.2921865
5 0.1600068216166266 0.8202463048439014 0.04310562626604133 0.15805693969514959
5 0.19609365 0.88046865 0.0921865 0.2390625
5 0.23222825536265318 0.8692041483262389 0.04651242639850954 0.20651362041330898
5 0.24232086284919582 0.8682065609922213 0.032331652630464506 0.1861193061815923
5 0.29296865 0.865 0.1046865 0.25
5 0.35234365 0.86421865 0.0665625 0.2515625
5 0.410948153001621 0.8461320522116226 0.04486811416669295 0.1924420300542292
5 0.43490682666685186 0.8014599016458886 0.06646244554888211 0.15513292659490122
5 0.48828635682208116 0.8449008294361815 0.05424311416669295 0.19249656220860695
5 0.56696865 0.84921865 0.0640625 0.2265625
5 0.46421865 0.8634365 0.1696865 0.253125
5 0.1390625 0.86109365 0.11865 0.2568125