2 0.0140625 0.58984365 0.028125 0.1296865
3 0.01484365 0.65068125 0.0296865 0.0859365
6 0.06328125 0.69140625 0.1265625 0.3390625
5 0.06185056020665449 0.4462163064066684 0.06645112041330899 0.0460942963424542
5 0.1265625 0.65234365 0.253125 0.4953125
6 0.6863941014663693 0.6883941693984515 0.1184419695529862 0.21698860001590833
6 0.50603125 0.6234365 0.0953125 0.24365
3 0.6624219841863185 0.5694896280633153 0.04084316861691084 0.03696261466218159
3 0.46890625 0.58359365 0.0390625 0.0390625
0 0.48046865 0.52421865 0.0421865 0.0609365
0 0.6650625616195318 0.5146203120623608 0.05968406220860695 0.05381589066462603
5 0.6 0.6421865 0.165625 0.515625
5 0.5296865 0.6421865 0.140625 0.515625