3 0.22904506604234562 0.6034565232634118 0.09113406010845856 0.08855451634563563
3 0.41603198263519425 0.6551911039146311 0.11006586629005096 0.12002269334818116
2 0.39936162346181204 0.5646660985836311 0.10024543969514958 0.04335110534690845
2 0.24669559396331696 0.5860609369366391 0.10816611436318469 0.06365451201463563
4 0.40390625 0.8453125 0.3068125 0.309365
4 0.15546865 0.86109365 0.2603125 0.2568125
5 0.15390625 0.66568125 0.3068125 0.4484365
5 0.35859365 0.66696865 0.5828125 0.4640625
4 0.68046865 0.3665625 0.1859365 0.09365
4 0.609365 0.41484365 0.11865 0.1603125
5 0.62265625 0.65 0.1453125 0.640625
5 0.8 0.56265625 0.3 0.4859365
5 0.9015625 0.43046865 0.153125 0.2015625
5 0.96161865 0.5546865 0.0665625 0.45