3 0.2612886519494114 0.15938565300162102 0.00950226933481808 0.010992042154466666
2 0.26068931528486583 0.14365610682208116 0.014280666002545433 0.018831813231616586
4 0.25402114461332065 0.16965624638566262 0.020630660661545236 0.03605566466803503
5 0.260325688613956 0.16500610682208116 0.0431692920114541 0.08462043969514966
0 0.6696865 0.11328125 0.203125 0.2265625
3 0.6266644432288685 0.2598446161351416 0.039698846664090585 0.054914658966990365
4 0.6515625 0.36484365 0.228125 0.1890625
4 0.89665625 0.25603125 0.2046865 0.4046865
5 0.88046865 0.2296865 0.2390625 0.459365
5 0.665625 0.2296865 0.3125 0.459365
3 0.48125 0.9634365 0.068125 0.053125
2 0.503928595918231 0.8353401406049809 0.10261601634563563 0.09121586334016525
5 0.4661865 0.8865 0.284365 0.225
