4 0.56328125 0.02265625 0.1296865 0.0453125
4 0.54665625 0.12421865 0.1568125 0.2484365
4 0.96953125 0.06421865 0.0609365 0.1359365
0 0.66328125 0.0603125 0.0953125 0.140625
3 0.6302955122966402 0.14504306405154306 0.02519089654066192 0.03310340133662611
3 0.99140625 0.0203125 0.0161865 0.040625
5 0.559365 0.034365 0.18125 0.06865
5 0.59140625 0.2696865 0.2453125 0.559365
5 0.890625 0.2696865 0.21865 0.559365
4 0.06568125 0.8140625 0.1515625 0.361865
5 0.0859365 0.6696865 0.161865 0.440625
1 0.59609365 0.66484365 0.2546865 0.2603125
4 0.68203125 0.9161865 0.4265625 0.165625
5 0.634365 0.6696865 0.53125 0.440625