5 0.49921865 0.21309416639495168 0.009365 0.04542158800126262
1 0.3109365 0.8499851026211693 0.1603125 0.09563166535645338
1 0.040625 0.69453125 0.08125 0.0634365
1 0.13359365 0.6330666613636614 0.09365 0.06921588001262681
2 0.246865 0.625020918045816 0.265625 0.09059082660262564
2 0.165625 0.6412629886014529 0.1296865 0.06025905068426196
2 0.04140625 0.64921865 0.0828125 0.0828125
5 0.04140625 0.6634365 0.0828125 0.328125
5 0.12890625 0.681460626363135 0.1515625 0.15166358935390813
5 0.234365 0.83661865 0.46865 0.3265625
5 0.40546865 0.803125 0.1265625 0.39365
1 0.69921865 0.9296865 0.4609365 0.140625
2 0.68359365 0.60234365 0.4296865 0.1140625
5 0.634365 0.815625 0.53125 0.36865