5 0.3939120638208918 0.16995551433964362 0.015860439695149584 0.04226840359069611
5 0.6626034913165962 0.13836514665510508 0.03636383623582168 0.06520906825883114
0 0.5599582028655525 0.6938606469514966 0.06524543969514966 0.04262383623582168
0 0.6146866094914109 0.6861465595192834 0.05019089654066192 0.03310339149054664
3 0.6129922992846565 0.8096946191602038 0.034465903590696286 0.01582498689965162
3 0.5623082119506389 0.8196146198241338 0.02509999394986581 0.016332945645263666
6 0.6062190222555893 0.8621066529034251 0.09116042154466602 0.09426624082661696
6 0.5251605011683503 0.8663169090516451 0.1262806383662899 0.12416381908544911
5 0.54140625 0.88203125 0.1984365 0.2359365
5 0.63125 0.88203125 0.20625 0.2359365
0 0.5863469255516968 0.6518266830558503 0.006839661066238922 0.004632951695396966
6 0.5856354285668599 0.6604123426966606 0.015606813231616586 0.014153403590696286
5 0.5833634968586006 0.6635236061581512 0.02519089654066192 0.032956945645263666
0 0.5861969346269841 0.6666089330558503 0.009411361436318443 0.006304542154466666
6 0.581683632831586 0.6853896166990616 0.01626840359069611 0.01562499394986581
5 0.582442256933886 0.6893004119686115 0.02519998689965162 0.03452044564526368