0 0.06109365 0.46265625 0.1015625 0.0453125
0 0.034181359285502214 0.5465413820416699 0.03323066066154524 0.03631930800445442
0 0.13065691628995654 0.5148460340546248 0.041096614662181596 0.041096614662181596
0 0.1884685069566292 0.5146384933959062 0.04261465866281686 0.04580339600562696
0 0.33469952462604634 0.49690619808240524 0.0442590663392625 0.0442590663392625
0 0.3595904392902648 0.5151668494191324 0.026035214662181596 0.04093408266026261
3 0.362469081954184 0.5355156120862233 0.01268181333545435 0.015660450668363623
3 0.3296665692886839 0.526540154081669 0.011136494668999891 0.01631466933481808
3 0.1880966999522649 0.5465509933959062 0.018986356336090696 0.020530666002545434
3 0.08666055995386564 0.5346504566154523 0.04905566534054513 0.053688621339908664
3 0.39296601328662934 0.5343066480903595 0.014226132001909165 0.014226132001908986
5 0.36316966626563894 0.6231520620868142 0.056568332033625844 0.24906384666409058
5 0.3549109352621391 0.6486242366520414 0.10089306461354339 0.3464396426698165
5 0.40903536126468454 0.6306014926593594 0.10661581604062552 0.30119996801399934
0 0.38312693662466463 0.506845819422314 0.03958965866281686 0.045666033338636055
5 0.21619265926959386 0.6658642694000423 0.11352034404836146 0.3565226933481811
5 0.16254333060154846 0.6655123613939962 0.1386021563838158 0.36343859468490814
5 0.03413590595163858 0.5504466320416699 0.03808180266345422 0.05043635200509069
5 0.0568125 0.625 0.115625 0.55
5 0.140625 0.625 0.28125 0.55
6 0.41198818594845693 0.5682850146596665 0.05906601201463562 0.10848520934118148
6 0.3493609166136388 0.5884952614168598 0.06193063868554468 0.1398806600095451
6 0.20846319661045615 0.6102964413986696 0.06616041335136286 0.13356611600890866
6 0.1204808439290486 0.6168811263869965 0.24055555862054296 0.3996203813653622
6 0.15699102928062966 0.5831430480585428 0.06451019866918126 0.09304202266663583
6 0.03046865 0.6890625 0.0609365 0.365
0 0.8110422092616396 0.8615661306288153 0.015688632001909164 0.01424431333545435
3 0.8116506365929568 0.8664299613955881 0.00950226933481808 0.011046588001262895
4 0.8153651632565035 0.8921004246294516 0.022264989336999683 0.03462953866963616
5 0.8231422199236398 0.8960965813961689 0.049455654668545 0.0880636213399086