2 0.984365 0.0125 0.03125 0.025
4 0.9661865 0.0665625 0.065625 0.1125
5 0.94665625 0.1515625 0.1046865 0.303125
0 0.313954968333586 0.6234365 0.01884999394986581 0.0161865
5 0.3034401800306882 0.69609365 0.0681692586805986 0.16865
6 0.01328125 0.6696865 0.0265625 0.0625
0 0.01690213494944424 0.63046865 0.018886355386194254 0.0234365
5 0.01696865 0.809365 0.0359365 0.1865
0 0.8566918566256895 0.59453125 0.015696622862636886 0.0125
3 0.8539628656668661 0.6068125 0.009429542154466843 0.009365
4 0.8524912692686624 0.6234365 0.0220658965406621 0.0328125
5 0.8569918455254412 0.62890625 0.05048168903121965 0.0828125