5 0.0140625 0.39609365 0.028125 0.1015625
6 0.6490661306288153 0.19188960166366106 0.015896620003181602 0.023528403590696286
5 0.6464964493952699 0.19031801131468154 0.019095445336363515 0.02969658430895533
0 0.6419366926265426 0.18246369505690284 0.006359088001262616 0.009411361436318443
0 0.868266286083668 0.3512242159386499 0.01266363200190881 0.014135222862636886
3 0.8815185554184961 0.36216989665690914 0.00692158800126254 0.009420451695396966
6 0.8868594620862232 0.36002865809322666 0.02364658266026243 0.026698855386194254
5 0.8862060554184961 0.36220616663414806 0.026016033338636053 0.039216036104353464
0 0.6386562513924064 0.16859248135864806 0.006340906666626165 0.006848861436318444
0 0.6469958886253154 0.16552202351312584 0.006903406666626353 0.006856951695396966
0 0.6308265600588609 0.16698452956325002 0.006903406666626166 0.006856951695396966
0 0.6166544053946336 0.1848660115110632 0.006921588001262616 0.009420451695396966
6 0.620216334062669 0.19504589604969266 0.014206950668363622 0.012581813231616588
6 0.6325608833943153 0.18261861992232956 0.014316038669636161 0.02195681323161641
6 0.6395465893936691 0.16696202653818694 0.004696588001262616 0.009402261066238922
6 0.6488862266265881 0.1649015686926656 0.00950226933481808 0.010992042154466666
5 0.6480686140594962 0.16166202351312584 0.012618166002545434 0.018822622862636886
5 0.6394930453930426 0.16328452653818693 0.009593166002545256 0.018804542154466844
5 0.6309620206262245 0.16948452956325003 0.01598862666090888 0.03134090359069629
5 0.619398621395588 0.1919163518601529 0.015915901336626066 0.025090903590696288
5 0.2696865 0.6296865 0.0625 0.140625