6 0.6650658240362256 0.19609365 0.14538641460399826 0.265
0 0.6606135866884081 0.08203125 0.08929995202099902 0.1546865
5 0.65546865 0.29453125 0.2068125 0.5890625
1 0.11066806138604303 0.80390625 0.09633062802354446 0.1634365
2 0.203125 0.65 0.1865 0.121865
4 0.13828125 0.94453125 0.2665625 0.1109365
5 0.159365 0.69453125 0.31865 0.4109365
2 0.458160320058861 0.85390625 0.018968166002545432 0.01865
3 0.45534531206236084 0.8696865 0.009520450668363623 0.0125
4 0.45016646339908686 0.9046865 0.044331802663454136 0.05
5 0.46125950463422416 0.91696865 0.09603962668681622 0.1484365
5 0.5906640966138615 0.66696865 0.04000692934436319 0.08125