5 0.30616410196834866 0.16256883069461815 0.02519998689965162 0.03452044564526395
3 0.8960805648409856 0.2696242361141846 0.02353649394986581 0.016323855386194253
2 0.8906396612501894 0.25396286566686624 0.03136626502611463 0.0220568061815924
4 0.9050839623816566 0.3024821889095828 0.06281816256668683 0.0550511143631846
5 0.9233254331540461 0.3494616280389984 0.15293514422102206 0.23681926483062288
0 0.059365 0.6603125 0.11865 0.20625
0 0.3568125 0.61161865 0.184365 0.1453125
0 0.30390625 0.6865 0.0609365 0.096865
2 0.1663152859069618 0.6286406826612626 0.10362496369925485 0.10362496369925469
3 0.343401062936129 0.6821060981566196 0.031495439695149584 0.042369306181592486
3 0.4161865 0.853125 0.065625 0.11865
3 0.18206319836655254 0.8483536459929692 0.04622043364502539 0.05964661066238851
4 0.20068125 0.95068125 0.0453125 0.0984365
4 0.3046865 0.9046865 0.203125 0.190625
4 0.31696865 0.91015625 0.0696865 0.1696865
4 0.38359365 0.89365 0.1328125 0.2125
0 0.26640335821486466 0.6166628030663656 0.059864969649369045 0.0862829336450254
3 0.29501810509160664 0.6912002960262515 0.03663634933606006 0.04084316861691093
0 0.22604935509160666 0.6908048664062882 0.02366465896699054 0.039198855386194255
5 0.2161865 0.8828125 0.128125 0.234365
5 0.29169311114163084 0.6639946163080923 0.09499536919390669 0.214606921544666
5 0.35 0.81953125 0.2 0.3609365
5 0.3661865 0.81953125 0.165625 0.3609365
5 0.2865 0.82890625 0.325 0.3421865
0 0.18359365 0.821865 0.3661865 0.35625
