4 0.6666219569616596 0.9214325549420962 0.012626265026114631 0.02194662286263689
4 0.8684134298343964 0.9332825942669046 0.00945681323161641 0.014116042154466843
4 0.9465230804001304 0.9561059136469411 0.030023843285945863 0.056985216822512696
4 0.6103265051663614 0.9139463068689633 0.015661355386194255 0.023528403590695933
2 0.6680935533609633 0.9056984645830166 0.004632951695396966 0.006839661066238922
2 0.8683588866699188 0.9239065942669044 0.0031613614363184436 0.006268180618159044
2 0.9455362963208391 0.921954208826481 0.01629658430895533 0.01884999394986581
2 0.6110259419346449 0.8998802626894236 0.006866042154466843 0.009420451695396966
5 0.6086958214231401 0.919425148228043 0.02061248184962643 0.05168066466803485
5 0.6658406069616594 0.9214361001216369 0.015869530054229284 0.04384090359069629
5 0.868426065363016 0.9356263442669046 0.009546616822512698 0.029642042154466843
5 0.9441646852205906 0.9563382991865605 0.04112496964936905 0.08616384933606006