0 0.5123126058661635 0.09529815006363344 0.09253293364502539 0.060446698669181265
0 0.36484365 0.10603125 0.0515625 0.0634365
0 0.6620626210024841 0.14001230808399612 0.10819429508134384 0.06686951201463563
4 0.6666604043663631 0.29956912141945063 0.15096266842151918 0.16893290802036266
4 0.49035981694414966 0.24260895206066998 0.13050563231616553 0.1421340506842618
4 0.3661865 0.2515625 0.05625 0.140625
3 0.35390625 0.165625 0.0296865 0.03125
3 0.5150966164116868 0.15392826263062435 0.0439408965406621 0.033321566339262504
3 0.6406416180656168 0.19601686008113264 0.04393180618159222 0.0316590663392625
5 0.38046865 0.24140625 0.0828125 0.3546865
5 0.51953125 0.23984365 0.2359365 0.3568125
5 0.66484365 0.26015625 0.1984365 0.3161865
1 0.16953125 0.68359365 0.3390625 0.2359365
2 0.16953125 0.50234365 0.3390625 0.1661865
5 0.16953125 0.609365 0.3390625 0.58125
4 0.5931166991631194 0.6044469680692236 0.0314408965406621 0.03316612666090888
3 0.5909103045493136 0.5809822060689054 0.012562622862636888 0.012645450668363622
2 0.5902108666810303 0.5669106154121326 0.015696622862636886 0.012681813335454529
5 0.5985364521881815 0.6131043626466326 0.0506262346664936 0.10839430266345432
