1 0.659365 0.19140625 0.3 0.2634365
2 0.69921865 0.02890625 0.3696865 0.0568125
4 0.6546865 0.41696865 0.490625 0.2015625
5 0.6546865 0.259365 0.490625 0.51865
5 0.2546865 0.659365 0.509365 0.48125
4 0.2546865 0.86421865 0.509365 0.2515625
1 0.3328125 0.6640625 0.353125 0.253125
0 0.86109365 0.613414325946866 0.0234365 0.026835220003181605
3 0.8661865 0.6329910292806296 0.0125 0.012645450668363622
4 0.8640625 0.6525586419468205 0.0296865 0.034620445336363515
5 0.865625 0.6345616106142652 0.0359365 0.06229316066154532