1 0.82890625 0.2984365 0.3421865 0.303125
2 0.80390625 0.0609365 0.3921865 0.121865
5 0.61953125 0.225 0.5609365 0.45
0 0.31161865 0.9453125 0.2015625 0.109365
0 0.40390625 0.66890625 0.0603125 0.1859365
5 0.8453125 0.9 0.103125 0.2
5 0.9609365 0.86421865 0.068125 0.2296865
4 0.8245156493126289 0.86484365 0.034646610662388506 0.046865
4 0.9828125 0.82890625 0.034365 0.0640625
3 0.8259236132082654 0.83828125 0.0063136325135563655 0.0109365
3 0.9664631590516453 0.6984365 0.006856951695398322 0.0068125
0 0.9663504392041603 0.66634365 0.025163626463433165 0.028125
0 0.8186924692583996 0.82109365 0.023610216822512696 0.0296865