0 0.5566166912555945 0.2896916695016636 0.15616624801081664 0.08059653590696181
0 0.5868518259468661 0.10836804303824043 0.11980451634563563 0.09131586629005096
0 0.6950819492659562 0.13841448010111151 0.06442612666090888 0.03162260462226432
3 0.5686302432665935 0.13498599483363856 0.044095445336363516 0.029942030054229286
3 0.5260296412466402 0.34855359114464656 0.030069308004454242 0.032985216822512695
4 0.8068183332660484 0.20396665622846454 0.06644316000954512 0.06069429508134384
4 0.6589620885980485 0.22201329616149845 0.20368062269254435 0.1916966563212606
4 0.5914265012333228 0.4536405460633026 0.22429311636154425 0.20910333098930584
5 0.696843896602503 0.18840084456249215 0.08432155068426169 0.13016928903121966
5 0.6330162065961396 0.23622568608631216 0.24164534404836146 0.35663163458010195
5 0.55546865 0.4515625 0.3328125 0.396865
0 0.5066692098981866 0.6924263526539156 0.004623862666090906 0.0031522610662389216
6 0.5066969625636865 0.8010256469334554 0.004696588001262616 0.009402261066238922
5 0.506652509229823 0.8049318969334554 0.006566264003816963 0.028161361436318443
0 0.5690601485519144 0.8863662383906309 0.00464204400063626 0.004614661066238921
5 0.5696695852164599 0.9029966932111911 0.009693160661545148 0.03599204215446684
0 0.6996928925445965 0.940518898228043 0.006322625334181811 0.006286361436318444
0 0.6262008485439602 0.9450518621236895 0.00464204400063626 0.004614661066238921
6 0.6260644885423694 0.9566606121236895 0.006366269334818081 0.010963861436318445
6 0.6995565325430058 0.952236648228043 0.009520450668363623 0.012554542154466844
5 0.699611066543642 0.9465501482280431 0.011210220003181603 0.023501132513556364
5 0.6261008512094602 0.9536456121236896 0.009629538669636162 0.021929542154466843
5 0.9316525092298229 0.8024593202636995 0.009665901336626244 0.025054542154466843
0 0.8604963832352316 0.6629646394464444 0.004623862666090628 0.0031522610662389216
5 0.8604064665665046 0.6606861394464444 0.009593166002545434 0.018804542154466666
6 0.9628394245603682 0.6491560582616468 0.006340906666626353 0.006848861436318444
5 0.9635652212365045 0.6530586630822061 0.008048856336090966 0.020356951695396965
6 0.6083604625636865 0.8004346645932803 0.00693966933481808 0.010982951695398054
5 0.6090508058959594 0.8082426294136405 0.01293635200509069 0.03656262286263689
6 0.669052514560823 0.8211640005891652 0.006366269334818081 0.010963861436318445
5 0.6696692205601866 0.8258569554096354 0.009602264003816962 0.028169542154466842
6 0.6408911518936321 0.8238808440615126 0.004696588001262539 0.009402261066238922
5 0.641645129893414 0.826220048891963 0.0064681660025454334 0.018686361436318445