5 0.221865 0.0203125 0.065625 0.040625
2 0.9333964920432608 0.2068125 0.014353401336626245 0.025
2 0.9266192066154524 0.2484365 0.01900453866963616 0.021865
3 0.9264834206113161 0.21696865 0.012654538669636162 0.021865
3 0.9346686353834966 0.25859365 0.00692158800126254 0.009365
4 0.9295626053866694 0.28203125 0.028596614662181595 0.040625
4 0.9015460553686253 0.2234365 0.04663861600890849 0.065625
5 0.9123214606192604 0.2665625 0.088064616024816 0.1828125
5 0.9336960313892246 0.30068125 0.049946550684261684 0.1296865
1 0.4828125 0.80625 0.234365 0.28125
2 0.40625 0.5359365 0.3865 0.259365
4 0.303125 0.93661865 0.59365 0.1265625
5 0.3 0.6 0.6 0.6
4 0.9168282254136236 0.68125 0.009538632001908808 0.0140625
4 0.8540656164162235 0.60603125 0.03032384666409066 0.0546865
2 0.9169560686459963 0.6634365 0.0031966253341818113 0.00625
2 0.8528935686459963 0.6634365 0.016386494668999894 0.0161865
5 0.9168554964140418 0.68359365 0.011282945336363515 0.0296865
5 0.8564003666504506 0.60625 0.04316929201145426 0.084365