0 0.9916660139469602 0.4302446163080923 0.004605680618159399 0.0031522610662389216
6 0.9926036156423583 0.43806166148663204 0.004642042154466844 0.009402261066238922
5 0.990625 0.43828125 0.00625 0.0234365
5 0.56865 0.43828125 0.009365 0.0234365
0 0.6306804326630668 0.40080099336060063 0.003143180618159222 0.003143180618159222
5 0.6315025892689251 0.4068366885402404 0.006921584308955332 0.018695451695396966
6 0.53919691461089 0.386986956354543 0.006295451695398144 0.006848861436318444
5 0.5384338453290493 0.39010841216500314 0.006930664668035032 0.020356951695396965
6 0.891045660921898 0.43825203814645695 0.006866132513556366 0.010982951695398144
5 0.8890625 0.43828125 0.0125 0.0234365
1 0.25390625 0.55859365 0.2515625 0.2161865
4 0.18984365 0.82421865 0.3696865 0.3515625
5 0.18984365 0.625 0.3696865 0.55
1 0.4634365 0.66865 0.1865 0.359365
4 0.68984365 0.8568125 0.6203125 0.284365
5 0.68984365 0.625 0.6203125 0.55