2 0.20133864444085506 0.2622802686395468 0.01416249394986581 0.01626931323161659
3 0.20591616013189963 0.2810029966623089 0.012581813231616588 0.014135222862636886
5 0.219061145104685 0.30280062961013216 0.052206915494652826 0.11123648184962642
4 0.2135523981298461 0.31142629586691084 0.020566120413308984 0.045430664668035034
0 0.6202963018188391 0.5595223865205681 0.0220658965406621 0.03293966502611463
5 0.6210194644848216 0.5696640913410383 0.050454516953980905 0.06841589149054663
4 0.6250302536142363 0.5516826154433392 0.025236349336060062 0.040660445645263666
0 0.163589952580965 0.6665864340368089 0.0110284035906962 0.015688632513556364
6 0.18202916646661152 0.694098936062861 0.023663849336060064 0.040661355386194256
5 0.18426292252663562 0.6112628015242515 0.04594882513556321 0.10963862041330899
3 0.16642802488686685 0.6692824581401099 0.006286361436318444 0.006286361436318444
5 0.009365 0.60546865 0.01865 0.0515625
4 0.00603125 0.6 0.0140625 0.028125
6 0.9188444060086416 0.5624168161405414 0.15168161642962936 0.28993516446164335
0 0.92109365 0.46109365 0.0921865 0.1234365
5 0.91484365 0.6046865 0.1603125 0.590625