4 0.91015625 0.21328125 0.1696865 0.1634365
0 0.9124512626114116 0.09603482625963063 0.11468066534054522 0.054452236348816434
5 0.8359365 0.059365 0.328125 0.11865
5 0.86109365 0.3125 0.2568125 0.503125
2 0.39921865 0.66484365 0.2015625 0.1921865
2 0.54296865 0.6234365 0.1328125 0.309365
2 0.03203125 0.64609365 0.0640625 0.1109365
3 0.42666636695832006 0.8066803045830948 0.1012908646816266 0.11210110534690854
4 0.515625 0.634365 0.084365 0.13125
4 0.3092920893141362 0.643455266266094 0.06983404535326168 0.14668406666626229
4 0.41953125 0.9 0.2984365 0.2
4 0.0890625 0.9 0.168125 0.2
3 0.02890625 0.6665625 0.0568125 0.06865
5 0.10603125 0.69140625 0.2140625 0.4161865
5 0.51865 0.684365 0.18125 0.43125
5 0.5140625 0.65390625 0.1 0.1603125
5 0.30859365 0.6453125 0.1515625 0.353125
5 0.425 0.684365 0.36865 0.43125
