1 0.63515625 0.1609365 0.2515625 0.321865
4 0.8046865 0.3865 0.390625 0.2625
5 0.8046865 0.259365 0.390625 0.51865
0 0.615625 0.64609365 0.0125 0.0203125
0 0.6266600156162899 0.6455535692632305 0.01886816466803503 0.020530666002545434
0 0.6588603529503063 0.6350246019255488 0.03456589654066192 0.033212489336999686
0 0.6012342053114395 0.6025024559198219 0.026606945645263666 0.02530908266026261
0 0.6412552163134921 0.561560081914413 0.042451120413308986 0.04580339600562696
0 0.6346643288480064 0.6302365562485948 0.0639011083130606 0.08054202266663584
0 0.8032916090004315 0.6505303285625953 0.022029536104353563 0.02681603866963616
0 0.8252438660526084 0.6369945399029591 0.012563632513556365 0.011082950668363623
6 0.8243161813063344 0.6620036305696316 0.01580680618159222 0.03143181333545435
0 0.8408860566606666 0.6336866265665046 0.02826953610435365 0.026889664003816964
0 0.8832109131569619 0.6096593305616666 0.03299430618159222 0.03163180800445442
0 0.9480001210024842 0.6183698052196415 0.0251545361043533 0.02685340133662606
0 0.99140625 0.62109365 0.0161865 0.0265625
6 0.98359365 0.60546865 0.0328125 0.1015625
6 0.9568569605349459 0.606333216218369 0.04126041549465282 0.1114102146621816
6 0.8951518560635654 0.605606629893414 0.06688645664913032 0.12109429634245403
6 0.8521694605349458 0.6085513665659138 0.05528646369925486 0.10366134666409058
6 0.8146331090986264 0.6152366185610044 0.04269656010845856 0.08699089600562696
6 0.6015563921669189 0.6813996152530492 0.04268646964936905 0.08642839600562696
6 0.6341961653554062 0.6118689125955033 0.044204516953980626 0.0686340663392625
6 0.6168216416121846 0.6065910665966304 0.014398843285945863 0.056966132001908986
6 0.6624136928418488 0.6223609699236399 0.06866950585363253 0.1134090666662621
6 0.6633995659211402 0.6860320239099586 0.06019313231616552 0.14131589066462686
6 0.6436342869881163 0.8340246285805494 0.11558968032536561 0.2638262363488164
3 0.6149240005891652 0.6665649292648214 0.006866132513556366 0.011028406666626165
3 0.6289910456686149 0.6666200462629124 0.011001132513556365 0.011064669334818082
3 0.6610222956686151 0.6662463299252306 0.01884999394986581 0.016405666002545434
0 0.6493444523845633 0.6593524399268216 0.00691249394986581 0.016268406666626165
3 0.6026366240265463 0.6298280245862664 0.01414431323161641 0.014226132001908986
3 0.6148012806416004 0.6864950639169129 0.009546616822512698 0.029696588001262616
3 0.803945593963316 0.6623962369058225 0.009438632513556366 0.011046588001262618
3 0.8430661813063344 0.6616854545661864 0.014144313231616666 0.014226132001908986
3 0.8853628559653694 0.6409820585614594 0.020403403590696286 0.015861356336090696
1 0.9533269604366501 0.6425349205522325 0.009502265026114632 0.021984088001262616
3 0.99453125 0.646865 0.0109365 0.015625
5 0.9696865 0.6453125 0.040625 0.268125
5 0.96161865 0.64665625 0.0665625 0.2953125
5 0.8948836904806166 0.651801369893414 0.09406011396040111 0.32294669866918126
5 0.8259342234618121 0.6526104492361864 0.022129530054229463 0.04400453866963616
5 0.8511463260193361 0.6499666062326863 0.06652618032536561 0.2633626040101813
5 0.8160138019160351 0.6464695362364589 0.056559011606465045 0.22565452800663586
5 0.66421865 0.66265625 0.1140625 0.4546865
5 0.6000620698610159 0.6696990465865946 0.050945396344280254 0.16308180266345412
5 0.6666285881195845 0.6863689259230036 0.11138396935659553 0.34658519334818116
5 0.63661865 0.63828125 0.0546865 0.2109365
5 0.62634365 0.6296865 0.0359365 0.190625
5 0.62890625 0.80603125 0.0390625 0.3859365
5 0.6515625 0.6921865 0.15625 0.415625