0 0.96953125 0.153125 0.0609365 0.11865
3 0.95546865 0.19665625 0.034365 0.061865
0 0.9015625 0.20234365 0.0390625 0.0568125
6 0.9296865 0.30390625 0.090625 0.1296865
6 0.95390625 0.29921865 0.0921865 0.1390625
5 0.93203125 0.184365 0.1359365 0.36865
5 0.925 0.2328125 0.15 0.261865
3 0.13046865 0.915625 0.2453125 0.16865
1 0.36161865 0.65546865 0.5546865 0.4890625
2 0.325 0.465 0.628125 0.2125
2 0.04609365 0.61015625 0.0921865 0.2665625
5 0.19665625 0.61328125 0.3953125 0.5634365
5 0.321865 0.684365 0.634365 0.63125
5 0.81953125 0.684365 0.3609365 0.63125
4 0.81953125 0.89665625 0.3609365 0.2046865
1 0.853125 0.65 0.29365 0.29365
2 0.81953125 0.46015625 0.3609365 0.1828125