5 0.361865 0.0109365 0.015625 0.021865
6 0.50546865 0.2865 0.1359365 0.184365
6 0.615625 0.31696865 0.0865 0.1234365
3 0.5292562605862595 0.1846515486348605 0.034638620413308986 0.04561248933699968
3 0.6428294120668063 0.23623330066381364 0.011082945645263954 0.02512626933481808
0 0.634026583816966 0.20119580342931366 0.05353406615858266 0.06093066534054512
0 0.5452908158639952 0.12086995263608666 0.048682933645025395 0.05993862133990866
5 0.5296865 0.18984365 0.221865 0.3696865
5 0.6953125 0.2390625 0.168125 0.28125
0 0.35390625 0.4921865 0.1296865 0.161865
2 0.1161865 0.45625 0.11865 0.153125
3 0.32805383966990443 0.6101520854153144 0.08009656615858266 0.06123964801081664
3 0.10659134884509062 0.5818062663854066 0.06064884328594586 0.05863066000954511
4 0.09609365 0.66109365 0.1921865 0.4568125
4 0.30546865 0.8140625 0.2265625 0.361865
5 0.268125 0.6984365 0.28125 0.603125
5 0.1296865 0.68984365 0.259365 0.6203125
3 0.98828125 0.50068125 0.0234365 0.0484365
0 0.98359365 0.4234365 0.0328125 0.0865
6 0.95390625 0.65068125 0.0921865 0.2890625
5 0.91640625 0.646865 0.1661865 0.534365