1 0.61865 0.2991606938003663 0.43125 0.4259464391059644
2 0.6546865 0.0390625 0.41865 0.068125
4 0.6046865 0.428125 0.590625 0.24365
5 0.6046865 0.265 0.590625 0.55
6 0.6625 0.8004611360295986 0.01865 0.03135908430895533
0 0.65603125 0.6668466022863664 0.00625 0.009411361436318443
5 0.6640625 0.815305695660519 0.034365 0.08613648689965162
5 0.99609365 0.596865 0.0068125 0.025
6 0.99140625 0.6391826154433392 0.0109365 0.020366132513556365
5 0.9921865 0.646865 0.015625 0.053125
5 0.66634365 0.984365 0.0568125 0.03125
