2 0.35625 0.06109365 0.1625 0.1421865
3 0.32636966168402386 0.3103901366699188 0.11465336629005068 0.11941359621281222
4 0.268125 0.4046865 0.290625 0.128125
5 0.23984365 0.234365 0.4696865 0.46865
6 0.6609365 0.084365 0.15 0.16865
5 0.64609365 0.234365 0.2068125 0.46865
1 0.26015625 0.61640625 0.4390625 0.3568125
2 0.2603125 0.51161865 0.41865 0.0859365
4 0.23984365 0.9046865 0.4696865 0.190625
5 0.23984365 0.634365 0.4696865 0.53125
1 0.81865 0.6603125 0.3625 0.403125
4 0.63984365 0.84453125 0.5203125 0.3109365
5 0.63984365 0.634365 0.5203125 0.53125