0 0.98515625 0.38125 0.0296865 0.046865
2 0.9563029695119362 0.2514911960218201 0.06264544564526368 0.025363614363184604
2 0.64665625 0.0140625 0.1015625 0.028125
4 0.98359365 0.31865 0.0328125 0.096865
4 0.6668205334620649 0.08359166646661151 0.15856609016268803 0.13216812626604133
3 0.660600635833206 0.05165586524694646 0.06043066466803503 0.020621566158582662
3 0.9530552596643614 0.26260312663996936 0.03134090359069629 0.015806806181592396
5 0.9515625 0.35234365 0.096865 0.2328125
5 0.6984365 0.1661865 0.21865 0.334365
3 0.5544814042681662 0.5268280611886131 0.006866132513556366 0.010982951695398144
2 0.5592598068689635 0.5111656901113643 0.01259999394986581 0.01626022286263689
4 0.5582558440615126 0.549461585290914 0.015843168616910665 0.03659090359069629
5 0.5520366603282914 0.5440291966262325 0.03164996964936905 0.08611930618159222
1 0.6203125 0.59140625 0.2625 0.2453125
4 0.69453125 0.83046865 0.4109365 0.3390625
5 0.69453125 0.634365 0.4109365 0.53125