3 0.1609365 0.10625 0.268125 0.2125
6 0.15 0.31484365 0.3 0.3890625
5 0.15 0.2546865 0.3 0.509365
0 0.66421865 0.06665951141286636 0.0234365 0.03606385538619425
0 0.5828125 0.049565225406619625 0.025 0.040660445645263956
0 0.63828125 0.2668134661351416 0.021865 0.03293966502611463
0 0.80546865 0.2891418515655653 0.01865 0.03292158430895533
6 0.80068125 0.2969260804983264 0.040625 0.05804884933606006
6 0.66109365 0.09148508069461806 0.0359365 0.05958406825883114
6 0.590625 0.06669816620211686 0.059365 0.0831569336450254
5 0.60546865 0.0328125 0.0634365 0.065625
5 0.60603125 0.08866862596245365 0.0921865 0.1302238311856965
5 0.66634365 0.11183394213103666 0.0625 0.10505111436318469
5 0.63828125 0.2963446161351416 0.0365 0.08615566861691084
5 0.8015625 0.31166536566686623 0.04365 0.08665453005422928
1 0.20234365 0.85603125 0.1953125 0.2859365
2 0.1859365 0.5859365 0.228125 0.153125
5 0.15 0.6546865 0.3 0.490625
4 0.63359365 0.95390625 0.1609365 0.0921865
3 0.60234365 0.6861613866699188 0.109365 0.1506363251355633
5 0.6453125 0.6546865 0.34365 0.490625