4 0.521865 0.21953125 0.14365 0.2390625
5 0.46953125 0.16953125 0.2696865 0.3390625
1 0.4866801613080921 0.10264566656480636 0.028606802663454136 0.05016362646343313
0 0.48125 0.03359365 0.090625 0.0661865
1 0.26113482459423055 0.5493656466605048 0.4042896000318166 0.2366112222834616
2 0.29365 0.3828125 0.503125 0.0865
4 0.3046865 0.665625 0.609365 0.225
5 0.3046865 0.5603125 0.609365 0.4625
6 0.94665625 0.51328125 0.1046865 0.2609365
3 0.9410666059595928 0.36016003669162455 0.034884066339262325 0.043949986899651616
5 0.9265625 0.66953125 0.146865 0.6609365