4 0.528136062896068 0.18644351606021814 0.109430583916162 0.2686522346664936
5 0.48046865 0.31953125 0.2484365 0.6390625
1 0.519621111829102 0.03963262491564038 0.022156801131468028 0.04856466502611463
0 0.6661183410464506 0.4036800266345696 0.01562499394986581 0.01626840359069611
3 0.6659819856602563 0.4262165266345696 0.011028403590696109 0.015688632513556364
6 0.6689115429400446 0.46082945645263884 0.03159543364502539 0.0595568061815924
5 0.6681393832991243 0.4592624122631991 0.04605690944452863 0.12838862041330898
3 0.06953125 0.9661865 0.0634365 0.065625
2 0.06423261241826613 0.8115612313586482 0.08810905405833439 0.10519656010845856
5 0.1603125 0.821865 0.340625 0.35625
1 0.696865 0.9109365 0.35625 0.168125
0 0.809365 0.60068125 0.38125 0.1234365
5 0.809365 0.81953125 0.38125 0.3609365