0 0.9568024283804683 0.2934343492202669 0.06590680113146803 0.04920111600890866
2 0.8963234101318998 0.16662808056166652 0.05953862646343318 0.02881589066462685
4 0.9516645668459539 0.234904233886686 0.08024201190385653 0.09623964801081664
4 0.61696865 0.06161865 0.1568125 0.1234365
3 0.5990000605012421 0.02630355593563024 0.06632385538619426 0.024219296342454114
3 0.8964285306434044 0.19626842122855032 0.029686493949865808 0.016532945336363513
5 0.925 0.261865 0.15 0.246865
5 0.63359365 0.14921865 0.2568125 0.2984365
2 0.6856066426688981 0.8916569546069563 0.02989656825883114 0.036282945336363516
2 0.9383916542034125 0.9464053285625953 0.04243293969514959 0.042668396005626134
4 0.69365 0.96161865 0.046865 0.0665625
5 0.6865 0.93359365 0.103125 0.1328125
5 0.9265625 0.93984365 0.146865 0.1203125