0 0.3904036060960064 0.4456441426434511 0.011019313231616588 0.014189669334818081
6 0.40124565632666045 0.46216666206826916 0.022011355386194253 0.02369203866963616
5 0.39893836866298894 0.455900390066951 0.028334068258831143 0.03626466400381696
4 0.83984365 0.4609365 0.3203125 0.115625
1 0.8625 0.29609365 0.265 0.4109365
2 0.83984365 0.04665625 0.3203125 0.0953125
5 0.83984365 0.259365 0.3203125 0.51865
3 0.66640625 0.6365 0.0265625 0.0365
3 0.4228081816001169 0.9693100606351686 0.018940896540662096 0.03303066600254543
0 0.6453125 0.5603125 0.06865 0.103125
0 0.44609365 0.92634365 0.0859365 0.1453125
6 0.34921865 0.91696865 0.1665625 0.1640625
5 0.368125 0.9125 0.284365 0.165
4 0.90603125 0.66421865 0.1859365 0.4515625
5 0.83984365 0.659365 0.3203125 0.48125