0 0.1934014410698918 0.3411228862259904 0.011019313231616588 0.014126132513556366
6 0.18156815194046622 0.3591598139190865 0.020439665026114633 0.021993164668035208
5 0.18464860363586426 0.35132913320092846 0.02666156825883114 0.0360920361043533
1 0.63515625 0.3068125 0.1921865 0.14365
2 0.6421865 0.13125 0.20625 0.209365
5 0.81953125 0.18984365 0.3609365 0.3696865
5 0.2609365 0.68984365 0.521865 0.6203125
4 0.19140625 0.6859365 0.3828125 0.428125
1 0.16688312422393693 0.5526680036124332 0.18866356596219108 0.20109084308955402
0 0.659365 0.3890625 0.028125 0.01865
0 0.8394154613615636 0.3968330516224465 0.023564665026114632 0.022011355386194253
0 0.9042501210024841 0.3980183016206433 0.01259999394986581 0.01626022286263689
0 0.8865 0.38828125 0.028125 0.0161865
0 0.8901148981298461 0.4106001149523599 0.046120439695149584 0.042460210662388506
0 0.9815393288480063 0.4069433289462022 0.026616036104353296 0.026616036104353466
6 0.99365 0.4865 0.0125 0.025
6 0.96865 0.48359365 0.0625 0.1015625
6 0.9108450336666625 0.462966395104685 0.02866133118569649 0.09235112646343316
6 0.8696586662802198 0.4622216022863664 0.06292624686664181 0.06380111436318469
6 0.8366853611006699 0.4632529361610669 0.04636496964936905 0.08621021066238851
6 0.8622956181638136 0.5192938589022356 0.08995335518980241 0.15364315046653826
6 0.9859365 0.54296865 0.028125 0.1603125
3 0.656329669206086 0.40668529546412646 0.00946499394986581 0.016242042154466666
6 0.6398640036142363 0.45286903942400315 0.061536463699254856 0.1034695240041051
3 0.8369161652562102 0.4234091861610669 0.014144313231616666 0.014144313231616586
3 0.8922404695119363 0.4480864694136405 0.021993164668035208 0.020439665026114633
3 0.9682461562050334 0.4358666596643615 0.014153403590695931 0.015606813231616586
5 0.96421865 0.61328125 0.0515625 0.4421865
5 0.9568125 0.5265625 0.084365 0.265
5 0.9084366512531052 0.48392853064340446 0.05893061416669295 0.19252384328594588
5 0.88661865 0.4484365 0.0890625 0.1365
5 0.8319115126894235 0.4681239582383058 0.06831460452586264 0.19414088544042354
5 0.646865 0.4859365 0.0865 0.2125
5 0.83661865 0.58661865 0.2068125 0.4140625