0 0.8610664596904298 0.851241865666062 0.08149543969514958 0.042660198662140125
0 0.9156139688656161 0.8256686883438488 0.0533158965406621 0.03312156220860695
3 0.9226815642518105 0.849256194959606 0.03659090359069629 0.015843168616910665
3 0.8838645199960843 0.8640299359826166 0.026653403590696286 0.015669536104353654
6 0.9348265661686666 0.9055653626528042 0.09588519262201593 0.09899201190385654
6 0.85068125 0.93661865 0.1328125 0.1265625
5 0.88046865 0.91161865 0.2015625 0.1665625
5 0.934365 0.89609365 0.13125 0.2068125
0 0.8414083335233885 0.6933202914661066 0.009402261066238922 0.004642042154466666
6 0.842248660856406 0.6034810866466465 0.01626931323161641 0.01416249394986581
5 0.8406088966551051 0.6063682462865668 0.02519998689965162 0.03452044564526368
0 0.849365369626642 0.6199282432625046 0.009402261066238922 0.004642042154466844
6 0.845536296320839 0.6316242663648056 0.018840903590696286 0.015634084308955332
5 0.8486659328594585 0.633986198082965 0.02666156825883114 0.03609203610435348