6 0.5309393651486516 0.3640625 0.03144998689965162 0.034365
2 0.525652422330344 0.3328125 0.01562499394986581 0.0161865
5 0.5426216536124332 0.3603125 0.06464428298109545 0.1
2 0.2199836844305924 0.625 0.011001132513556365 0.0109365
2 0.26666164463624684 0.60234365 0.014144313231616586 0.0140625
2 0.2825564063032293 0.6125 0.009429542154466666 0.009365
4 0.2260155158126816 0.6625 0.02521816861691084 0.0365
4 0.26834846155695544 0.6365 0.01894998689965162 0.034365
4 0.29096380494209616 0.64453125 0.02520906825883114 0.0359365
5 0.29394690436636314 0.66865 0.05386949980360816 0.1296865
5 0.2691842536124332 0.628125 0.03319429508134384 0.065625
5 0.24408425966255638 0.6453125 0.041060426594901204 0.0665625
4 0.24251621458301662 0.64609365 0.026806939695149586 0.0421865
4 0.22829108811958446 0.66421865 0.044413596212812226 0.1140625
6 0.16640625 0.6634365 0.3328125 0.453125
3 0.04921865 0.58125 0.0984365 0.10625
5 0.16109365 0.6296865 0.3421865 0.540625
3 0.8262696561068366 0.628125 0.02353649394986581 0.0161865
2 0.819334665518094 0.61328125 0.03293966502611463 0.021865
4 0.8323342143866258 0.66161865 0.06282625292686635 0.05625
5 0.8508115036142363 0.60859365 0.15450663458010195 0.2365