6 0.69609365 0.21953125 0.1921865 0.4390625
5 0.85 0.21953125 0.3 0.4390625
6 0.30546865 0.92634365 0.1203125 0.1453125
6 0.10234365 0.93984365 0.1453125 0.1203125
2 0.6859365 0.66634365 0.028125 0.0661865
3 0.68984365 0.8203125 0.0203125 0.034365
3 0.28984365 0.8454009419346449 0.0421865 0.03664543969514958
3 0.09365 0.864562601860153 0.0484365 0.03934430113146803
0 0.08203125 0.8051294241660558 0.0665625 0.0613829265949012
0 0.28203125 0.6906669901392468 0.0609365 0.05504202400410509
4 0.6865 0.925 0.025 0.15
5 0.64665625 0.8603125 0.1046865 0.259365
5 0.32109365 0.868125 0.1603125 0.24365
5 0.1109365 0.88203125 0.221865 0.2359365
