6 0.440625 0.105489120603362 0.0234365 0.0612102200031816
4 0.4921865 0.10608910461036168 0.009365 0.036609088001262536
5 0.51328125 0.11336580261322508 0.0625 0.13822625334181666
0 0.22890625 0.8265625 0.0421865 0.059365
0 0.14365 0.8436698233609068 0.1296865 0.12025905068426168
3 0.221865 0.8696688900381801 0.0365 0.05043635200509086
4 0.18203125 0.96328125 0.1359365 0.0634365
5 0.165625 0.88359365 0.16865 0.2328125
1 0.39365 0.665625 0.2865 0.46865
4 0.52568125 0.91953125 0.5515625 0.1609365
5 0.5865 0.6296865 0.665 0.540625