2 0.12611429396086552 0.16204239666158655 0.028343166002545434 0.019066264003816964
2 0.33032855860123045 0.3581832421228125 0.01568863200190881 0.01424431333545435
4 0.33383481926323066 0.39260369545666616 0.012863626660908601 0.03139545066836362
5 0.3292645885980486 0.3816116514560398 0.021021562008262215 0.0611638563360908
6 0.13108363128582035 0.2238156906622229 0.06028406666626211 0.06881589066462686
3 0.12444326995604636 0.19014012466126835 0.018968166002545432 0.018968166002545346
5 0.13206486595482025 0.20663628142899556 0.08863633068109026 0.10626815466854482
4 0.4395052059595928 0.16334596935231632 0.1283453653623619 0.2889545066836356
0 0.384365 0.0140625 0.065625 0.028125
3 0.39609365 0.0365 0.0390625 0.065
5 0.44365 0.225 0.1865 0.45