0 0.30698825986065323 0.04160869955590289 0.040852258966990366 0.039298849336060064
0 0.268661552015231 0.032456413353353496 0.028315896540662096 0.032966126463433165
0 0.234365 0.01161865 0.040625 0.0234365
0 0.1328649586310892 0.026216024593280263 0.026644306181592396 0.031404536104353464
0 0.06683940144949688 0.05684326449508435 0.031395445645263955 0.02518180618159222
3 0.22108256611653182 0.036639919305281855 0.011010222862636888 0.012563632513556365
3 0.26160929001316834 0.06290698263519426 0.01628649394986581 0.01628649394986581
3 0.29638145560422303 0.08150699161038056 0.01885908430895533 0.01885908430895533
6 0.3290618162386363 0.1399143893492484 0.066996541958086 0.1394533854404236
6 0.2629536264453916 0.11658539226611465 0.0459488251355633 0.10963862041330899
6 0.22661385031802866 0.10534901268942356 0.06466245664913066 0.12068520462226432
6 0.14461954918656056 0.15426830162064336 0.030123836235821682 0.0651626168225126
6 0.11444169066610833 0.10444556362269584 0.05863962266624522 0.14252384328594586
6 0.061098522059196524 0.1422546359314029 0.04138859016268685 0.13148634933606006
5 0.06166069380036629 0.16818659065186302 0.05460662246985346 0.26218406220860694
5 0.10390625 0.1828125 0.0953125 0.365625
5 0.13646012451852553 0.1646216083365016 0.06909646540661963 0.3285158854404236
5 0.221865 0.18359365 0.0865 0.3661865
5 0.26096651610626916 0.18868823263519426 0.05829533069291398 0.35188965292686636
5 0.3193150221563934 0.20559393150362623 0.09588623438361009 0.366632921544666
6 0.6390625 0.603125 0.31865 0.36865
5 0.63984365 0.609365 0.5203125 0.58125