3 0.09140625 0.484365 0.0421865 0.009365
3 0.23433606592114014 0.5114804598886258 0.04402261066238851 0.046129530054229284
3 0.3615626512531051 0.5325338241536146 0.04564884328594586 0.058066120413308986
3 0.43346036615080426 0.529045630661266 0.058166024004104916 0.06126384328594586
4 0.46161865 0.63984365 0.1359365 0.5203125
4 0.3652382901113643 0.633401432564861 0.061464862946391644 0.3612829336450254
4 0.24052646660626548 0.656052616504484 0.12188513212066404 0.2610124566491305
4 0.06648611222188538 0.613696423980664 0.13263162852996665 0.25545109016268685
5 0.08984365 0.63984365 0.1696865 0.5203125
5 0.24365 0.63984365 0.196865 0.5203125
5 0.35859365 0.63984365 0.1640625 0.5203125
5 0.43125 0.63984365 0.196865 0.5203125
5 0.5953280663139236 0.9318191892041603 0.048955650466538095 0.08934430113146803
4 0.5891053463911625 0.9260953266668519 0.02208406825883114 0.03606466502611463
6 0.5866399193052818 0.6694163518601528 0.01428066861691084 0.03658181323161659
0 0.5966955939633168 0.6591664843836102 0.006866042154466666 0.009420451695398143
5 0.5896866512531051 0.6926156825883121 0.025462698662140126 0.08139544564526366
