5 0.5528583960496926 0.08828125 0.03313066256668665 0.0546865
6 0.6932480894653168 0.20234365 0.031495439695149584 0.0421865
5 0.691681044295666 0.2015625 0.03669998184962643 0.0515625
0 0.590625 0.9515625 0.168125 0.096865
0 0.96640625 0.9661865 0.0661865 0.065625
0 0.9484365 0.80068125 0.103125 0.1068125
0 0.6524406614128664 0.86015625 0.06054884933606006 0.040625
3 0.96568125 0.828125 0.0484365 0.0365
4 0.648166862651 0.93125 0.06603519866214012 0.08125
4 0.89296865 0.90859365 0.2140625 0.1828125
5 0.6566560836215844 0.91328125 0.10239881303532491 0.14365
5 0.8921865 0.86109365 0.215625 0.2568125