4 0.59296865 0.05234365 0.0921865 0.1046865
4 0.465 0.23359365 0.1125 0.2328125
3 0.5166645912635486 0.096865 0.016642033338636055 0.0390625
2 0.4984365 0.034365 0.065 0.06865
5 0.58984365 0.1546865 0.1161865 0.309365
5 0.496865 0.22890625 0.15625 0.4568125
1 0.14921865 0.8161865 0.2984365 0.234365
2 0.14665625 0.5625 0.2953125 0.18125
4 0.209365 0.93359365 0.41865 0.1328125
5 0.209365 0.6296865 0.41865 0.540625
0 0.903125 0.5161865 0.19365 0.115625
6 0.58828125 0.6125 0.3390625 0.30625
3 0.815625 0.509365 0.115625 0.1
6 0.565 0.9421865 0.3125 0.115625
5 0.609365 0.62265625 0.58125 0.3265625
5 0.5859365 0.9046865 0.334365 0.190625