0 0.016609528623624586 0.41202066262493164 0.006903406666626353 0.006856951695396966
0 0.006243619390496358 0.4128564646694093 0.006903406666626166 0.006856951695398143
0 0.02360441605663366 0.4088546660090632 0.006903406666626166 0.006856951695396966
0 0.042508956391660065 0.4220269316001169 0.00692158800126254 0.009420451695396966
6 0.04340838605981538 0.4321686365205681 0.014206950668363622 0.012581813231616588
6 0.026692469392088208 0.42445604011136425 0.014316038669636161 0.02195681323161659
6 0.019061456391660065 0.4221632860863122 0.004696588001262539 0.009402261066238922
6 0.008915206391660064 0.42222236442032966 0.011064669334818082 0.011001132513556365
5 0.008096594624669169 0.41910191959986953 0.012618166002545434 0.018822622862636886
5 0.016454413391133626 0.41648486644539166 0.009593166002545434 0.018804542154466666
5 0.02664602605822462 0.42055069011136425 0.01598862666090888 0.03134090359069629
5 0.04336202339262448 0.42905363652056804 0.015915901336626246 0.02509090359069611
5 0.5359365 0.0140625 0.096865 0.028125
6 0.49645156005886086 0.38643025966436145 0.22686366204008906 0.29661242134838534
0 0.46561654869508963 0.16336513612669464 0.09520450668363552 0.12554542154466602
5 0.51696865 0.3328125 0.3234365 0.49365