5 0.3298663664062882 0.5410582821053134 0.08661018052166656 0.13381246334499946
5 0.34099926636480564 0.3060464826636669 0.031586343285945864 0.05816612666090888
6 0.3440833606489464 0.2990525954406668 0.011055664668035032 0.02043966933481808
6 0.31339293861319106 0.5291486281030862 0.03461134328594586 0.05821248933699969
3 0.31609011045435986 0.49325658143694984 0.012563632513556365 0.011082950668363623
2 0.3193565924021831 0.48000260343626696 0.012554542154466844 0.009520450668363623
0 0.35026063686631045 0.2866253206649496 0.009438632513556366 0.011046588001262539
3 0.8469851260606496 0.10806032262436094 0.11209196560311139 0.19962836468162652
5 0.66484365 0.31484365 0.4603125 0.6296865
6 0.65625 0.3265625 0.453125 0.60625
6 0.6496930113146816 0.8261496660969954 0.021964993949865808 0.016442038669636162
5 0.6519913095192834 0.8193645480983136 0.028334068258831143 0.03626466400381696
