5 0.328125 0.034365 0.084365 0.06865
1 0.4525245154198981 0.031208051622446462 0.03928965896699054 0.039289658966990455
1 0.89296865 0.01640625 0.0568125 0.0328125
1 0.8016250906518631 0.0494888563681529 0.02198408430895533 0.01886626502611464
1 0.6696064602403583 0.030143958629285058 0.020385222862636888 0.012618164668035031
2 0.661865 0.00546865 0.025 0.0109365
2 0.80546865 0.0068125 0.0328125 0.015625
4 0.6958336330045366 0.10498942262493158 0.060156660880846064 0.13462043364502548
5 0.6603125 0.01953125 0.03125 0.0390625
5 0.696865 0.0865 0.0625 0.165
5 0.868125 0.26484365 0.196865 0.5296865
5 0.665625 0.26484365 0.215625 0.5296865
5 0.55390625 0.26484365 0.1890625 0.5296865
5 0.45625 0.26484365 0.065 0.5296865
4 0.44296865 0.10546865 0.0484365 0.1390625
4 0.58125 0.12109365 0.10625 0.2421865
4 0.693294440284325 0.13916859114464654 0.12802604681181834 0.25229881908544893
4 0.868945593963316 0.186315588414162 0.12826148650696693 0.29448631908544903
5 0.61484365 0.66484365 0.3140625 0.4603125