0 0.413488386483526 0.4389245819612643 0.06366384933606006 0.04105224686664216
0 0.4663355501495095 0.42845461458301654 0.050181806181592396 0.03154089149054663
3 0.4682531555356038 0.4518866694034666 0.03446590359069611 0.01582498689965162
3 0.4266963332288009 0.4638426686395468 0.02509090359069611 0.015660445645263664
6 0.4646468863853312 0.5034628953011669 0.08958964082661696 0.0911431504665381
6 0.3826610891806293 0.5116626391528566 0.12256586629005096 0.1194590480082102
5 0.40084346261910025 0.5483668500234412 0.19063513212066385 0.2614124334486335
5 0.45625 0.53661865 0.125 0.2609365
0 0.43531286962664196 0.29582402166460986 0.006839661066238922 0.004632951695396966
6 0.4338049116822196 0.30520811212368953 0.015606813231616586 0.014153403590696286
5 0.4314646963208391 0.3065654966623089 0.023628396540662096 0.032948855386194256
0 0.43545831536301594 0.32082402166460983 0.009402261066238922 0.004642042154466844
6 0.43082081234695383 0.3294450428418488 0.016268403590696288 0.01562499394986581
5 0.43162933342519255 0.33412699666230894 0.023628396540662096 0.032948855386194256
4 0.15859365 0.65390625 0.3161865 0.0890625
5 0.18359365 0.653125 0.3661865 0.0865
4 0.93515625 0.81640625 0.1296865 0.2140625
5 0.8609365 0.8546865 0.268125 0.290625
5 0.684365 0.8546865 0.33125 0.290625