4 0.865625 0.109365 0.240625 0.21865
4 0.66568125 0.140625 0.3828125 0.28125
4 0.5161865 0.04140625 0.165625 0.0828125
5 0.5390625 0.2546865 0.240625 0.509365
5 0.66484365 0.2546865 0.4921865 0.509365
5 0.82109365 0.2546865 0.3568125 0.509365
5 0.940625 0.165 0.11865 0.35
1 0.20234365 0.8634365 0.4046865 0.253125
2 0.209365 0.63203125 0.41865 0.2296865
5 0.209365 0.6546865 0.41865 0.490625
5 0.60603125 0.90068125 0.0661865 0.1984365
6 0.6101536455956645 0.8921865 0.041088608313060604 0.0696865
3 0.6135695360863121 0.8421865 0.01259090359069611 0.015625
0 0.6166030521134268 0.8203125 0.023592036104353464 0.0265625