0 0.66640625 0.0390625 0.0859365 0.068125
0 0.6252881646244565 0.06060011461650232 0.09022610534690845 0.10103633601209036
2 0.89609365 0.03203125 0.0890625 0.0640625
3 0.9152222639496295 0.1266933865660496 0.044549968665999566 0.0692590663392625
3 0.661654086285184 0.11264106926323046 0.04580339600562614 0.04261465866281686
3 0.6249966159452653 0.1628685239496296 0.04645680266345413 0.05054544000636332
4 0.625613239258458 0.3112886519494114 0.13922832136162544 0.2843942660184538
4 0.690266632598685 0.25859846192613964 0.14998400803626093 0.2688965453532616
4 0.95234365 0.30625 0.0953125 0.35
5 0.90068125 0.3046865 0.1984365 0.609365
5 0.6984365 0.3046865 0.265625 0.609365
5 0.63828125 0.3109365 0.2161865 0.596865
5 0.5603125 0.3203125 0.08125 0.568125
5 0.26484365 0.8046865 0.5296865 0.390625
4 0.28515625 0.85625 0.4161865 0.2865
1 0.261865 0.6696865 0.21865 0.140625
