2 0.31865 0.009365 0.05 0.01865
2 0.0696865 0.01015625 0.04365 0.0203125
3 0.08005386338316955 0.034136189006668615 0.023655666002545433 0.018886355386194254
4 0.054990666058224534 0.09560494808296495 0.062155649346544896 0.10504202400410509
4 0.32109365 0.06568125 0.1046865 0.1515625
5 0.31640625 0.18661865 0.2546865 0.3634365
5 0.2634365 0.05234365 0.15 0.1046865
5 0.06890625 0.1640625 0.1568125 0.328125
5 0.85859365 0.19453125 0.2828125 0.3890625
2 0.8615663980346803 0.5611900892689251 0.02843408266026243 0.026626126463433166
3 0.8468038900381801 0.5868895260462085 0.015861356336090964 0.020403403590696286
4 0.8516643220480434 0.6595639566653668 0.06063860001590816 0.1165329336450254
5 0.8432260253819068 0.6634202096904299 0.10120106269890668 0.23806269262201594