0 0.06552150263226866 0.15563818594845693 0.059965863340165155 0.10225339066462686
0 0.15603125 0.0328125 0.1328125 0.065625
6 0.12335624941082482 0.2933558162640482 0.2283623910966642 0.3120112933640895
5 0.04365 0.25 0.0865 0.284365
4 0.0328125 0.26890625 0.065625 0.1515625
5 0.13984365 0.234365 0.2696865 0.46865
6 0.89296865 0.0609365 0.1568125 0.121865
5 0.6359365 0.14665625 0.190625 0.2953125
5 0.821865 0.234365 0.35625 0.46865
6 0.26696865 0.86421865 0.1453125 0.2515625
6 0.06003963696450638 0.8216182619605464 0.09322380093506636 0.16919669866918128
3 0.2960669393023663 0.6366046092616396 0.03666261066238851 0.04631135200509069
3 0.06188058694123409 0.6081915612921838 0.011092036104353465 0.02668966933481808
0 0.09356366965964169 0.6666860326225465 0.056666246866641985 0.06409202800663595
0 0.305260613502863 0.6686546119261396 0.050363614363184696 0.06308180266345413
5 0.24296865 0.6421865 0.2984365 0.515625
5 0.065 0.6859365 0.15 0.428125
4 0.9665834515008106 0.49935182594686606 0.026880662566686828 0.05499658266026261
5 0.96328125 0.49921865 0.0421865 0.0609365