2 0.26638905054229295 0.0645135145361353 0.01259090359069611 0.015696622862636886
6 0.28935040895354935 0.06948452956325003 0.028343168616910842 0.03666362646343316
5 0.28234188485124834 0.08334986294639164 0.04409543364502548 0.05962953005422946
4 0.48046865 0.46634365 0.0828125 0.1046865
0 0.5910386113381226 0.0639663034691592 0.19456622266624522 0.1433146045258626
0 0.931109620315113 0.11500595656896605 0.10382495664913066 0.12091246369925466
0 0.8600948522629364 0.10136018256486096 0.059893150466538445 0.08940693364502549
4 0.8696913630455865 0.30056984220569136 0.19289654800821018 0.12299311416669296
4 0.8006666526322686 0.2548663664062882 0.11003859621281223 0.1146988251355633
0 0.5234365 0.49921865 0.028125 0.0609365
0 0.568125 0.51328125 0.021865 0.0328125
0 0.6368430324901162 0.4263458335233885 0.10968406615858266 0.0609488251355633
0 0.69140625 0.5068125 0.0665625 0.04365
0 0.803125 0.50625 0.1125 0.046865
5 0.5964486948849522 0.19821232454639806 0.23039658966990435 0.39195219242562424
5 0.8290466614465811 0.1628480380492611 0.16316492134838525 0.2244364394986569
5 0.8636908309893056 0.22632926594901266 0.2613294262021169 0.3364464996062165
5 0.93203125 0.19140625 0.1359365 0.3665625
3 0.6265625 0.515625 0.0625 0.028125
5 0.53359365 0.4984365 0.0328125 0.0625
5 0.60234365 0.46161865 0.1634365 0.1359365
5 0.69453125 0.50603125 0.0661865 0.0453125
5 0.08125 0.66484365 0.1625 0.4603125
