0 0.05396599033563853 0.21253800469445325 0.006866042154466666 0.009465906666626165
6 0.0548562342855143 0.22963459536122592 0.012654536104353465 0.026606950668363623
6 0.05884065233669104 0.2430612986950896 0.026998836235821683 0.06530908266026261
0 0.10894529146610666 0.9096948126989066 0.01629658430895542 0.01894999466899989
3 0.1129833516636611 0.9324965160326613 0.012590903590696199 0.015660450668363623
6 0.12254460403489326 0.964636854034044 0.0362920240041051 0.06135566066154496
5 0.12109365 0.9484365 0.0568125 0.103125
3 0.851404981358648 0.6941094620862232 0.0848204265949012 0.06654429201145392
3 0.9568125 0.63828125 0.084365 0.1453125
0 0.82109365 0.69140625 0.1484365 0.1234365
4 0.88046865 0.89140625 0.2390625 0.2161865
5 0.91328125 0.8921865 0.1634365 0.215625
5 0.81953125 0.81484365 0.3609365 0.3603125
5 0.85546865 0.81484365 0.2890625 0.3603125