0 0.6495666453011668 0.065999359365044 0.006304542154466666 0.009446625334181811
6 0.6446646061616612 0.08391356536440664 0.009502265026114553 0.02198408800126254
6 0.6199190101553408 0.3285544506081344 0.018966258966990364 0.03928066600254544
5 0.6455640368899204 0.08069665603118041 0.01583406825883132 0.03611931333545435
5 0.6199462812325696 0.3238669506081345 0.02851588544042354 0.06651466400381698
0 0.6246836621563933 0.2981402446086608 0.011010222862636888 0.012626269334818081
6 0.4328125 0.51865 0.09365 0.11865
6 0.26640625 0.4890625 0.1296865 0.059365
5 0.25234365 0.65390625 0.2068125 0.3890625
5 0.40068125 0.69296865 0.1568125 0.4661865
5 0.6930000453659315 0.569298166618634 0.04426624082661669 0.0911340663392625
0 0.60390625 0.503125 0.0696865 0.0865
6 0.6036188558661636 0.6401459313633163 0.18969066653818665 0.36864426002545325
5 0.6161865 0.6296865 0.25 0.540625