2 0.36988852261640666 0.25091289806445116 0.034564994668999895 0.016586489336999686
5 0.3345600963901692 0.30283846640290586 0.12036813868554468 0.1404442813494536
5 0.6603125 0.3296865 0.459365 0.659365
4 0.80603125 0.425 0.3859365 0.46865
1 0.86109365 0.0390625 0.2015625 0.068125
2 0.06644648404666056 0.8603563393539081 0.12823518268618095 0.14522268801618105
1 0.09160043539145186 0.9441056306890445 0.0506262533418168 0.06308180266345449
4 0.12890625 0.6109365 0.1109365 0.103125
5 0.16421865 0.6953125 0.2696865 0.261865
5 0.1125 0.89296865 0.225 0.2140625
5 0.68203125 0.8296865 0.5046865 0.340625