5 0.363624600121636 0.08991945540963542 0.015669536104353464 0.026653403590696286
6 0.63203125 0.196865 0.3265625 0.284365
6 0.61953125 0.24296865 0.3015625 0.1921865
3 0.6993454941462664 0.045626531232569666 0.09250566256668646 0.055223831185696445
2 0.68125 0.0068125 0.13125 0.015625
6 0.645656885833206 0.12630588642238222 0.13042381908544912 0.12631699980360828
2 0.6656461989666266 0.04628600693388698 0.054842036104353464 0.026880662566686606
5 0.6390625 0.10603125 0.140625 0.1634365
5 0.66953125 0.16953125 0.4015625 0.3390625
0 0.1605462866935286 0.44616945540963543 0.06663292659490129 0.06695338544042354
4 0.13446836524694646 0.6049666384889268 0.10426946560311139 0.19903646369925485
5 0.121865 0.6015625 0.1625 0.596865
5 0.91640625 0.415625 0.1661865 0.153125