5 0.868125 0.2546865 0.24365 0.509365
3 0.984365 0.0453125 0.03125 0.061865
6 0.43465690268936265 0.520600266205465 0.006340906666626353 0.006848861436318444
6 0.3816965346912616 0.5349618384141621 0.006359088001262539 0.009411361436318443
6 0.3631664220241806 0.5318968353891099 0.009611356336090698 0.020366042154466665
2 0.264002216024816 0.5361615631906656 0.004696588001262539 0.009402261066238922
2 0.32392949069063526 0.5306206816001169 0.004696588001262616 0.009402261066238922
2 0.3698666900222616 0.5168525161062691 0.004668406666626353 0.006839661066238922
5 0.266290848026626 0.5512058924625064 0.016614658662816865 0.04541249394986581
5 0.3240385686919069 0.5399956816001169 0.014444308004454242 0.032894313231616585
5 0.3606590363566616 0.5264416209266295 0.012826264003816963 0.028196622862636888
5 0.3816683533566262 0.533409338414162 0.006966132001908986 0.014106951695398144
5 0.4269544933561352 0.5214269680008631 0.009593166002545434 0.018804542154466666
5 0.43550269002226166 0.5164606210259252 0.006366269334818081 0.010963861436318445
4 0.26660050469445324 0.5590229366520461 0.012662620003181603 0.023510222862636886
4 0.32486436269254426 0.544668636520568 0.011163856336090698 0.020366132513556365