5 0.6362944856602563 0.24049616233034404 0.06666151665658924 0.2082569265949012
5 0.8666098260193361 0.23811099483363856 0.09659424063022612 0.2208660119038566
4 0.626192196432645 0.1936656144848216 0.028369530054229284 0.04391362646343318
4 0.8920223108940256 0.195060431601922 0.03629202400410492 0.061146568258831144
3 0.6335866421669188 0.16863935304850325 0.004651132513556366 0.010964661066238922
3 0.8882968680656168 0.16383315649962106 0.006295451695396966 0.006848861436318444
0 0.8931080869231926 0.14261213642238223 0.022020445645263666 0.02512626502611463
0 0.6305661813063344 0.15068868366666245 0.020466126463433165 0.028243164668035033
5 0.26015625 0.56634365 0.2890625 0.1665625
2 0.98515625 0.64140625 0.0296865 0.0661865
4 0.95234365 0.925 0.0953125 0.15
5 0.90068125 0.846865 0.1984365 0.30625