2 0.68359365 0.0984365 0.2296865 0.196865
5 0.684365 0.21484365 0.43125 0.4296865
5 0.22109365 0.9484365 0.3634365 0.103125
6 0.54665625 0.64665625 0.0421865 0.1568125
1 0.5350504460534521 0.5661865 0.026035214662181596 0.040625
1 0.18860161260686166 0.46953125 0.02999658266026261 0.0265625
1 0.061512948618952146 0.55859365 0.028452264003818016 0.028125
1 0.1958156606262245 0.61953125 0.03693635200509069 0.0365
1 0.39696652204008906 0.46865 0.04104316066154532 0.0359365
2 0.046014096613861465 0.52109365 0.06624316534054513 0.053125
2 0.025901618036861906 0.45234365 0.02843408266026252 0.0265625
2 0.0609365 0.44140625 0.0365 0.0234365
2 0.18019022338466036 0.55234365 0.09618520401018138 0.065
4 0.4238220446166249 0.5421865 0.09856586401962649 0.1453125
4 0.23068056204804324 0.52634365 0.08581132535009015 0.1234365
4 0.16898164540895105 0.63046865 0.12113165469445334 0.2046865
4 0.09149989336999684 0.5161865 0.06360906134626216 0.0953125
4 0.05068508406266895 0.63515625 0.06830690802036266 0.15
4 0.044352163366816184 0.49365 0.036826264003818015 0.028125
5 0.01161865 0.6109365 0.0234365 0.453125
5 0.028125 0.66421865 0.05625 0.4421865
5 0.06865 0.621865 0.1365 0.45
5 0.0328125 0.46865 0.065625 0.0625
5 0.0953125 0.4953125 0.109365 0.13125
5 0.19696028540636022 0.61865 0.2330885040569065 0.4265625
5 0.2328125 0.5390625 0.16865 0.21865
5 0.24921865 0.4453125 0.0546865 0.03125
5 0.425 0.553125 0.18125 0.246865
5 0.540625 0.66634365 0.05625 0.3859365
0 0.5391196806129069 0.5140625 0.05069089066462603 0.059365
1 0.684365 0.64140625 0.43125 0.4296865
2 0.684365 0.4921865 0.43125 0.125
4 0.684365 0.821865 0.43125 0.35625
5 0.684365 0.61484365 0.43125 0.5603125