6 0.2651906462865668 0.2096001694034666 0.012636355386194254 0.023510222862636886
5 0.263623601108026 0.20892800966255638 0.016351126463433165 0.02822499394986581
0 0.2596664541330891 0.20035698566025636 0.006304542154466666 0.009411361436318443
0 0.3825368484523063 0.3606416866520462 0.011019313231616588 0.014126132513556366
3 0.3856219356863248 0.380869656933886 0.006856951695398143 0.006856951695396966
6 0.3912406826612626 0.38944169066610826 0.022020445645263666 0.02512626502611463
5 0.3904094356863248 0.3808524858566481 0.02521816861691084 0.03664544564526395
6 0.6121965564942215 0.23033835968680264 0.01564316466803521 0.020403403590696286
0 0.606642448082965 0.21552642594458132 0.006856951695396966 0.006856951695396966
5 0.6065555082896195 0.23816813066504146 0.030023843285945863 0.056985216822512696
0 0.15699586982413362 0.18219685900043153 0.006295451695398144 0.006848861436318444
0 0.1663616694650541 0.18058081684595386 0.006286361436318444 0.006286361436318444
0 0.1509600646445939 0.1814565156162898 0.006848861436318444 0.006295451695398144
0 0.13699302341492992 0.1969455688480064 0.006856951695398143 0.006856951695398143
6 0.13939586064894644 0.20808819330938605 0.012562622862636888 0.012562622862636888
6 0.15182668305585032 0.19629662043664998 0.012618164668035031 0.020385222862636888
6 0.15961291196861146 0.191563668641352 0.004642042154466666 0.009402261066238922
6 0.168193026439992 0.1891600216664141 0.009438632513556366 0.010992042154466844
5 0.1663935956218328 0.18604956684595386 0.01260908430895542 0.018822622862636886
5 0.1588043909013626 0.18688081382089168 0.00691249394986581 0.016232951695396966
5 0.15102360615815122 0.19239501561628983 0.014235216822512696 0.02966931323161659
5 0.1385964300306882 0.2049666384889268 0.014198855386194253 0.023519313231616586
6 0.834365 0.21484365 0.33125 0.4296865
5 0.834365 0.21484365 0.33125 0.4296865
5 0.4011100655694066 0.5050853922661146 0.04261464082661696 0.09086043969514959
0 0.965 0.5568125 0.05 0.061865
0 0.6861435956218328 0.5123858496306566 0.10060904800821019 0.12245668298109546
5 0.95603125 0.65859365 0.0859365 0.4828125
5 0.8265625 0.61953125 0.315625 0.5609365
4 0.8286660441965812 0.6230824551150469 0.211256604329481 0.32465560811666866
4 0.96865 0.6109365 0.0625 0.19365