0 0.36994641640926926 0.1644589386332696 0.0426602146621816 0.04111589600562614
0 0.3392396014083148 0.1669549640610881 0.030086489336999683 0.034620445336363515
0 0.3014123364044966 0.13839362205599642 0.0426965663392625 0.04424089600562696
0 0.19686062340863292 0.1666533133652253 0.026944308004454333 0.03312158266026243
0 0.16613904340386039 0.13226060603913448 0.030086489336999683 0.034620445336363515
0 0.13346231608049626 0.2051800380330894 0.031540901336626066 0.025363626660908866
3 0.2908839164092693 0.16342260262116932 0.012663632001908986 0.014206950668363622
3 0.3458532280692236 0.1982666993952699 0.016405666002545434 0.01894999466899989
3 0.36339696264822353 0.21568336263231513 0.018986356336090696 0.020530666002545434
6 0.4115686626561666 0.2648134646364058 0.06198518268618095 0.14456816000954512
6 0.3511952560868596 0.2545822433959062 0.048202236348816435 0.1146069400063634
6 0.3042020664188143 0.24388055338954286 0.06606132535009016 0.12420111600890866
6 0.222053196093223 0.2999481926116343 0.03215906666626229 0.06848862666090888
6 0.1863151434196688 0.24953911260686185 0.06108404535326185 0.14656589066462603
6 0.13446138009226846 0.2918986880330894 0.043669266018453686 0.13642839600562695
6 0.01015625 0.2661865 0.0203125 0.146865
5 0.02265625 0.31640625 0.0453125 0.3661865
5 0.13624239143058642 0.3286448100334065 0.056960140038180084 0.28188634666409064
5 0.18125 0.3046865 0.1 0.390625
5 0.21603955342931365 0.3201869663664525 0.06426603061290693 0.34144316000954494
5 0.303125 0.30603125 0.090625 0.3859365
5 0.3546865 0.32265625 0.0625 0.3546865
5 0.40546865 0.325 0.1015625 0.35
0 0.6913368086205429 0.1231589633846604 0.0686604400063634 0.046684066666262106
0 0.8190350946246692 0.15510950206862415 0.06298406134626208 0.09614884134309046
3 0.8184446486269063 0.16150666140195145 0.039535214662181594 0.04106953333863605
3 0.6954254193984516 0.2060068360518613 0.04596602800663595 0.05666625866281686
4 0.6640625 0.3625 0.128125 0.265
6 0.859365 0.35546865 0.15625 0.2890625
5 0.86890625 0.29665625 0.2421865 0.4046865
5 0.66890625 0.25 0.1568125 0.5
5 0.53359365 0.56865 0.1328125 0.1365
5 0.16484365 0.65 0.3296865 0.5
5 0.99609365 0.95 0.0068125 0.025
0 0.9318463666646683 0.9140310634149962 0.004623862666090628 0.0031695440006362695
5 0.9319362634324954 0.9218435634149962 0.009593166002545434 0.01885908800126254
6 0.669963622662086 0.9648828493693615 0.00693966933481808 0.011028406666626354
5 0.6616260294398132 0.9626135306129069 0.01293635200509069 0.036645450668363625
6 0.6334639581068586 0.9835869433869521 0.006395450668363623 0.01256262533418181
5 0.63359365 0.98661865 0.0109365 0.0265625
6 0.8068832666643132 0.9828699660645869 0.004696588001262539 0.00942954400063626
5 0.8066826081068586 0.9844515566313608 0.0064681660025454334 0.018822625334181813