5 0.43046865 0.08203125 0.0390625 0.0546865
0 0.058086109685998465 0.9099995192950463 0.009456813231616588 0.01416158800126254
6 0.05862645922026436 0.9342091686282644 0.01269089654066192 0.03295695066836362
5 0.06101112188624689 0.9443381566269563 0.019231689031219638 0.08303066600254506
0 0.92109365 0.4865 0.0603125 0.0365
3 0.8921865 0.49665625 0.025 0.0568125
0 0.83661865 0.49296865 0.0328125 0.0484365
6 0.8495656356602563 0.6266212085853219 0.06826834308955402 0.1882816963424542
6 0.9054303050402931 0.6939354305666859 0.13625660432948098 0.3250010946849081
5 0.9068125 0.634365 0.161865 0.53125
5 0.85546865 0.634365 0.1203125 0.53125