1 0.8640625 0.22634365 0.261865 0.1828125
2 0.668125 0.06265625 0.44365 0.1453125
5 0.6046865 0.159365 0.590625 0.31865
2 0.28111965243588694 0.5509208940563155 0.039216036104353464 0.026016033338636053
2 0.19199920686356364 0.8084601266106698 0.05803066861691084 0.038162609341181485
3 0.28362258361968016 0.5682919160566336 0.02196590359069629 0.01586953866963616
3 0.1930613483541114 0.8584692163664526 0.01563408430895542 0.01893181333545435
4 0.14866635633110186 0.8960135493614063 0.06249314441641399 0.1060863413430903
4 0.2660219932625046 0.6413640806208612 0.04901928298109546 0.10056362133990866
5 0.26628220100983114 0.6969601000556693 0.15660556566569943 0.33148645202099905
5 0.1859365 0.8921865 0.1865 0.215625
0 0.6345896652000652 0.6261652206192604 0.1996101563212608 0.20386152936026136
3 0.6301653968533009 0.8083515860518613 0.1114638311856965 0.0934683646816266
4 0.6568125 0.9390625 0.24365 0.121865
5 0.668125 0.659365 0.3625 0.48125