2 0.19328482904439812 0.2453125 0.023592036104353464 0.0265625
3 0.19469633811958445 0.26109365 0.01629658430895533 0.01865
4 0.1928984886835144 0.31161865 0.02846134328594586 0.0568125
5 0.20531213036225698 0.3265625 0.06515334308955412 0.1865
1 0.692434880460454 0.31328125 0.3928248668962665 0.368125
2 0.85390625 0.034365 0.2921865 0.06865
4 0.634365 0.44296865 0.53125 0.1328125
5 0.634365 0.2546865 0.53125 0.509365
2 0.4001938800666604 0.66484365 0.03289431323161641 0.0140625
5 0.42109365 0.81953125 0.0953125 0.1296865
0 0.8363120849963265 0.63046865 0.02208406825883114 0.0359365
0 0.9288955969983689 0.6 0.025236349336060062 0.040625
0 0.6683042026663568 0.8359365 0.02050339654066192 0.0328125
0 0.61103943462518 0.84921865 0.016368396540662098 0.0328125
6 0.6156814829296818 0.85603125 0.03938965292686635 0.05625
6 0.8411319665850601 0.6453125 0.03626384328594586 0.0568125
6 0.9216643530485032 0.6161865 0.05662269866214012 0.08125
6 0.9109365 0.5234365 0.046865 0.028125
5 0.90390625 0.56328125 0.0603125 0.1068125
5 0.9052262928418486 0.63984365 0.08980690944452863 0.128125
5 0.8355450519160351 0.665625 0.059964963699254855 0.103125
5 0.6689663684684013 0.8546865 0.03486496964936905 0.0859365
5 0.6155951245185255 0.861865 0.04113406010845856 0.0865