5 0.3421865 0.00625 0.028125 0.0125
2 0.90068125 0.31696865 0.1984365 0.1665625
5 0.6296865 0.3140625 0.540625 0.309365
5 0.1696865 0.661865 0.359365 0.40625
0 0.6660569433093869 0.65390625 0.020466036104353465 0.0265625
0 0.6298313831026325 0.6665625 0.020456945645263665 0.025
3 0.6620506993595112 0.66109365 0.006866132513556366 0.0109365
4 0.6586012616664141 0.6828125 0.03462043969514959 0.0421865
4 0.6264291261508042 0.82421865 0.03160452400410509 0.0609365
5 0.631121162330344 0.8234365 0.06468063836628961 0.1234365
5 0.6616035518188391 0.80390625 0.06423645159900648 0.1365