0 0.04546232940699655 0.2206114400869331 0.028434082660262608 0.026626126463433166
0 0.3196628980644512 0.21645358206946025 0.04106953333863605 0.039298849336060064
0 0.3586344914066238 0.20941382309246963 0.028506808004454244 0.032966126463433165
0 0.38125 0.16890625 0.015625 0.0421865
3 0.35352026641086 0.2399143893492484 0.016386494668999894 0.01628649394986581
3 0.32615666206986 0.2562564254536019 0.018968166002545432 0.01885908430895533
1 0.04815152464536002 0.25028530454931365 0.020512494668999893 0.01630566466803503
6 0.04140625 0.2953125 0.0515625 0.06865
6 0.29296865 0.2865 0.0661865 0.084365
6 0.35 0.28359365 0.046865 0.0921865
6 0.3665625 0.2665625 0.025 0.10625
5 0.34921865 0.25859365 0.0546865 0.1421865
5 0.2984365 0.2625 0.09365 0.134365
5 0.053125 0.265625 0.090625 0.128125
0 0.8458601293661698 0.09096644048061661 0.1503646213558161 0.16648858411256368
0 0.5549265940483614 0.13329669244906534 0.13264996268299925 0.12106609016268686
3 0.5689164633990869 0.26135006956642836 0.0851931600095451 0.06080336939029935
3 0.8264021253968152 0.25046061514865163 0.09469542934436319 0.08169542154466601
5 0.565 0.2 0.30625 0.259365
5 0.8068125 0.16696865 0.2865 0.3234365
3 0.34140625 0.68359365 0.0953125 0.2921865
4 0.234365 0.93515625 0.309365 0.1296865
5 0.19453125 0.66484365 0.3890625 0.6603125
