5 0.0546865 0.19453125 0.109365 0.3890625
4 0.6546865 0.2203125 0.490625 0.3365
5 0.6546865 0.19453125 0.490625 0.3890625
3 0.44110886255460823 0.8448281621036226 0.009538626463433165 0.02823408800126254
0 0.4269862852205906 0.8345082901018135 0.020566120413308984 0.04554885633609096
0 0.2693966502611465 0.44141116608208613 0.026698849336060064 0.04093408266026261
6 0.4662952249156405 0.8661503234404495 0.055396548008210186 0.12251134666409066
5 0.453125 0.9046865 0.08125 0.190625
6 0.2612311461468886 0.5146486686465862 0.03801815046653809 0.0894988520050906
3 0.2686982064526388 0.46265208541531445 0.011019313231616588 0.014189669334818081
5 0.2606362434588966 0.5639583380808144 0.059494216429629366 0.28963520934118146
5 0.0068125 0.534365 0.015625 0.290625
2 0.5581130026304645 0.4356295093491356 0.06605336939029935 0.08526588534362664
0 0.628125 0.43359365 0.090625 0.0890625
3 0.98828125 0.4634365 0.0234365 0.0625
3 0.6455680618159235 0.5644646686068162 0.058156933645025396 0.06004660934118149
3 0.555692505559145 0.5566868966820446 0.05032625292686635 0.056831802663454314
6 0.56109365 0.69921865 0.1234365 0.3661865
4 0.6339406462865668 0.6143192280394526 0.12508285499341093 0.28424882535009016
6 0.9515625 0.69453125 0.096865 0.4453125
5 0.91328125 0.69453125 0.1634365 0.6109365
5 0.64609365 0.69453125 0.2515625 0.6109365
5 0.5665625 0.69453125 0.134365 0.6109365