4 0.2933483686346368 0.15696362530852388 0.03323066066154524 0.03612839654066192
3 0.29598301996136495 0.13198636084614326 0.014226132001908986 0.014144313231616586
2 0.29660915196326396 0.1169339512062229 0.015660450668363533 0.012590903590696154
5 0.2869983613001369 0.16553111386220536 0.05290691868236289 0.11592498184962643
0 0.45625 0.046865 0.134365 0.09365
0 0.9640625 0.1359365 0.061865 0.265625
3 0.421865 0.16568125 0.065625 0.0984365
4 0.42634365 0.34365 0.0665625 0.390625
5 0.446865 0.26953125 0.115625 0.5390625
5 0.85859365 0.2568125 0.2828125 0.515625
3 0.6349600569249126 0.8661146106489464 0.01636931333545453 0.01562499394986581
2 0.6338256285964566 0.8401680203898668 0.023655666002545433 0.018886355386194254
4 0.6342064419160038 0.9416396106489463 0.05592383068109026 0.10656816256668683
5 0.63125 0.9140625 0.068125 0.161865