2 0.11312515125310511 0.428125 0.032894313231616585 0.0140625
5 0.14296865 0.44296865 0.1109365 0.0515625
6 0.10324563632418635 0.58828125 0.006948855386194253 0.0234365
0 0.10166858509452235 0.561865 0.006286361436318444 0.00625
5 0.10165586524694646 0.59296865 0.012681801131468206 0.0484365
5 0.8609365 0.99365 0.009365 0.0125
0 0.6941013986190224 0.9625 0.004605680618159222 0.003125
5 0.6948361969236242 0.9603125 0.009493164668035032 0.0203125
6 0.8903042330269668 0.94365 0.0063045421544668435 0.009365
5 0.8910626561302686 0.94665625 0.006939665026114632 0.021865
