6 0.41161865 0.5895265282065165 0.0046865 0.006839661066238922
6 0.36161865 0.6006559196980653 0.0046865 0.006839661066238922
6 0.353125 0.5968996666630032 0.0068125 0.018695451695398144
2 0.2609365 0.5964359968586006 0.0046865 0.009402261066238922
2 0.3068125 0.5932560360863122 0.0046865 0.009402261066238922
2 0.3515625 0.5836265060320829 0.003125 0.006830680618159223
5 0.26161865 0.6106126026691609 0.0140625 0.042269313231616586
5 0.3068125 0.6018506860863121 0.0109365 0.029651132513556366
5 0.35068125 0.59140625 0.0109365 0.0234365
5 0.36161865 0.5984121696980653 0.00625 0.012536361436318444
5 0.40546865 0.589563889643836 0.009365 0.016242042154466666
5 0.4125 0.5861692330269668 0.00625 0.009411361436318443
4 0.26161865 0.6166439526691609 0.009365 0.021929542154466666
4 0.3068125 0.6056560360863121 0.009365 0.018804542154466666
3 0.621865 0.66328125 0.153125 0.1661865
6 0.8515625 0.628125 0.296865 0.296865
5 0.6696865 0.64365 0.440625 0.328125