6 0.46484365 0.28362868549163613 0.021865 0.028252265026114633
2 0.46015625 0.2561389144144984 0.0109365 0.009438632513556366
2 0.3921865 0.4231496336945349 0.0125 0.011010222862636888
2 0.31696865 0.4000616916382532 0.0140625 0.01560681323161641
3 0.321865 0.41336566663595216 0.009365 0.0063045421544668435
3 0.3953125 0.44035541451269433 0.009365 0.009429542154466843
5 0.4546865 0.2865658481566196 0.04365 0.06212953005422928
5 0.4068125 0.446865 0.0625 0.065625
6 0.32634365 0.44464648389263084 0.03125 0.05955680618159222
6 0.40859365 0.45625 0.0359365 0.046865
6 0.53046865 0.4568125 0.0359365 0.04365
0 0.53515625 0.42866900165032006 0.0125 0.014135222862636886
5 0.53125 0.44921865 0.05 0.0609365
5 0.32568125 0.434365 0.0515625 0.090625
5 0.36890625 0.5453125 0.3046865 0.13125
