2 0.16865 0.1280683643221338 0.0390625 0.025226258966990453
2 0.2484365 0.39869851600906324 0.0568125 0.03626384328594586
3 0.16484365 0.15621610021983284 0.0203125 0.015643164668035032
3 0.2453125 0.4502691966262325 0.015625 0.018840903590696286
4 0.2890625 0.49299341666300316 0.0603125 0.10665906615858265
4 0.1696865 0.2216546418085665 0.04365 0.10025453005422928
5 0.01640625 0.09365 0.0328125 0.1865
5 0.165625 0.26886680504029306 0.1421865 0.3352022226662452
5 0.2484365 0.4890625 0.168125 0.221865
6 0.6140625 0.13515625 0.1625 0.2603125
5 0.64140625 0.19921865 0.2234365 0.3984365
0 0.32265625 0.6661905430382404 0.01865 0.015634084308955332
5 0.32634365 0.6450695219610016 0.0421865 0.16680693969514956
6 0.015625 0.6961016985963854 0.028125 0.06266362646343318
0 0.015625 0.6421955485963853 0.0161865 0.02353649394986581
5 0.0161865 0.82568125 0.034365 0.1984365
