2 0.08664304459036458 0.26161865 0.03292158430895533 0.01865
5 0.10885438686631045 0.31953125 0.121121541958086 0.1390625
4 0.6953125 0.02890625 0.2125 0.0568125
4 0.64609365 0.25546865 0.1140625 0.1890625
0 0.640625 0.140625 0.103125 0.0625
2 0.86015625 0.0234365 0.0665625 0.046865
3 0.8118288660606496 0.034365 0.03925339654066183 0.0328125
5 0.6453125 0.09453125 0.3125 0.1890625
5 0.68125 0.284365 0.184365 0.36865
6 0.2865656665381868 0.5125 0.016369306181592398 0.03125
0 0.2869964663315334 0.48984365 0.006304542154466666 0.009365
5 0.28265043012898404 0.528125 0.03164996964936896 0.0859365
5 0.3254965080932266 0.65859365 0.05369669262201594 0.0984365
3 0.8614636043060398 0.68828125 0.00691249394986581 0.0161865
2 0.6844094206610143 0.62890625 0.012581813231616588 0.0140625
2 0.6568196495836654 0.62421865 0.011010222862636888 0.0125
2 0.8893196344584648 0.6661865 0.01564316466803521 0.0203125
2 0.8660964616924824 0.66634365 0.01259999394986581 0.0161865
3 0.6821338483541114 0.640625 0.006866132513556366 0.0109365
3 0.6555613483541113 0.640625 0.006856951695398143 0.0068125
4 0.8616644956965865 0.83828125 0.028569516953980626 0.068125
4 0.8826646246193488 0.83359365 0.020621566158582662 0.0603125
4 0.8912002960262515 0.821865 0.022338608313060605 0.0696865
2 0.8839281525106416 0.68046865 0.009465903590696288 0.015625
5 0.886403131335206 0.840625 0.05880334913966856 0.1603125
5 0.8663105138486644 0.8515625 0.06655221662612121 0.159365
5 0.8593644896464634 0.85546865 0.06819652985683661 0.1634365
5 0.6456559868195961 0.69921865 0.05099993949865692 0.161865
5 0.6661321193331544 0.81015625 0.05632266236139498 0.184365