0 0.10625 0.216913166083828 0.009365 0.009429542154466843
6 0.11015625 0.23195294018612903 0.0109365 0.016251132513556366
5 0.10859365 0.22805568054520864 0.0140625 0.03133181323161659
0 0.46634365 0.26028545580241885 0.0109365 0.009438632513556366
6 0.48828125 0.2866843232888615 0.0203125 0.036618164668035034
5 0.4859365 0.30632920882648094 0.04365 0.10494203005422928
0 0.26161865 0.24435242535540613 0.009365 0.006866042154466843
4 0.2603125 0.2630524283804682 0.0140625 0.02820681323161641
5 0.26265625 0.2686636928418488 0.028125 0.08296612646343318
5 0.259365 0.2695223108940255 0.0296865 0.08454661682251269
5 0.34365 0.36631268150362615 0.04365 0.10806603005422928
5 0.315625 0.3666325569661592 0.046865 0.10964661066238851
5 0.296865 0.38008539226611465 0.0390625 0.11262625896699036
5 0.26890625 0.3694086814055303 0.04365 0.1111920300542291
5 0.28046865 0.3166808410464506 0.0140625 0.01626931323161641
5 0.25603125 0.31068594643264496 0.0203125 0.03449316466803503
0 0.25546865 0.3014200366916246 0.0140625 0.015606813231616586
6 0.26015625 0.31669901561448566 0.0125 0.015696622862636886
0 0.240625 0.3022866452029809 0.0109365 0.011001132513556365
6 0.2453125 0.328822864125642 0.021865 0.04386626502611463
5 0.24365 0.3241444644848216 0.0265625 0.06265453610435348
0 0.25546865 0.32620128669162455 0.0140625 0.015606813231616586
6 0.25546865 0.35454503669162455 0.021865 0.036626265026114634
5 0.25859365 0.36952685606356534 0.040625 0.12054884933606006
6 0.2665625 0.3565463169441496 0.03125 0.0439318061815924
6 0.29365 0.355884822994264 0.0265625 0.04546603610435365
6 0.3125 0.3596819886853185 0.0359365 0.045521568258831144
6 0.340625 0.35092461222188536 0.0328125 0.04236839654066192
0 0.33203125 0.32284960919682326 0.0125 0.014135222862636886
0 0.3109365 0.33156606904439816 0.0125 0.014135222862636886
0 0.284365 0.32546061514865164 0.0109365 0.011001132513556365
0 0.26865 0.3310302686395468 0.0125 0.014135222862636886
0 0.2515625 0.24363026268942356 0.0109365 0.009438632513556366
0 0.2234365 0.2555126391528566 0.0125 0.011010222862636888
0 0.21484365 0.24931263612669464 0.0109365 0.011001132513556365
0 0.19296865 0.3025649011549093 0.0109365 0.012563632513556365
0 0.22265625 0.3023921843323965 0.0125 0.014135222862636886
0 0.2140625 0.3360359313063344 0.0125 0.015696622862636886
0 0.2046865 0.34468422346181204 0.0125 0.014135222862636886
0 0.15603125 0.3301166294136405 0.0140625 0.01414431323161641
0 0.12890625 0.3669366058661635 0.0109365 0.016251132513556366
5 0.05859365 0.4660029220356563 0.0265625 0.032966036104353295
6 0.1390625 0.4052222685431561 0.025 0.04233294564526368
5 0.1515625 0.4160860456605192 0.059365 0.1096204336450254
5 0.16640625 0.36615693625926286 0.0421865 0.11118293969514959
5 0.190625 0.33060353669352864 0.0365 0.06209316861691085
5 0.23203125 0.38358664216691885 0.046865 0.11646021066238851
5 0.2140625 0.3891609313063344 0.046865 0.12214661066238851
5 0.225 0.326596298693666 0.028125 0.06266362646343318
5 0.228125 0.2626628680656168 0.021865 0.05168966502611463
5 0.21640625 0.26961604566861495 0.021865 0.05636626502611463
6 0.16015625 0.36056829869558126 0.025 0.04545694564526366
6 0.19365 0.32521660596536944 0.01865 0.028234084308955333
6 0.21161865 0.36886206684595385 0.028125 0.04235112646343318
6 0.228125 0.3664228680656168 0.028125 0.046038626463433164
6 0.225 0.3281596986936661 0.0234365 0.040661355386194256
6 0.22890625 0.2663558228960681 0.0161865 0.03291249394986581
6 0.21696865 0.26429445540963543 0.0161865 0.029686493949865808
6 0.25603125 0.2662546964326449 0.021865 0.03293966502611463
5 0.8828125 0.40546865 0.234365 0.2068125
3 0.90234365 0.54609365 0.1015625 0.0634365
3 0.615625 0.5484365 0.125 0.068125
4 0.6609365 0.6233904855620606 0.35 0.3864112404338343
4 0.92421865 0.6859365 0.1515625 0.3
5 0.9 0.6546865 0.2 0.490625
5 0.684365 0.6546865 0.43125 0.490625