2 0.6861106366033598 0.06686615914994106 0.01884999394986581 0.01629658430895542
3 0.6886044686281636 0.10266204468856048 0.015634084308955332 0.018840903590696154
6 0.8122283309893056 0.13483965006465466 0.025390885440423626 0.06633294564526386
5 0.8029660508368806 0.15586885692026606 0.10262606201231536 0.18340336334016515
3 0.05136809904148246 0.5093563401626869 0.06129202400410509 0.06129202400410509
3 0.33359365 0.465625 0.0640625 0.053125
3 0.609365 0.52568125 0.059365 0.0661865
4 0.60068125 0.668125 0.0665625 0.303125
6 0.35606916406885985 0.6853486101832133 0.26213846916020366 0.46650899960621665
4 0.0953125 0.646865 0.190625 0.48125
5 0.1603125 0.61953125 0.340625 0.5609365
5 0.3890625 0.61953125 0.43125 0.5609365
5 0.55068125 0.61953125 0.1665625 0.5609365