6 0.40586118645565454 0.29665625 0.014198855386194253 0.0234365
5 0.40509448263519426 0.296865 0.016360216822512698 0.0296865
0 0.40202402468966203 0.2865 0.006304542154466666 0.009365
0 0.4859365 0.48203125 0.00625 0.0140625
3 0.48828125 0.49296865 0.0015625 0.0068125
6 0.4859365 0.49921865 0.00625 0.0203125
5 0.4859365 0.4921865 0.00625 0.034365
0 0.3045904885861226 0.24921865 0.006295451695398144 0.0068125
0 0.31396548858612264 0.24921865 0.006286361436318444 0.00625
0 0.29656286412564206 0.246865 0.006848861436318444 0.00625
0 0.2803081060635654 0.26015625 0.006295451695398144 0.0068125
6 0.28024901863954683 0.2603125 0.012562622862636888 0.0125
6 0.2951426656144856 0.26161865 0.01418066466803503 0.0203125
6 0.30296344643264496 0.25859365 0.004642042154466666 0.009365
6 0.31391549161218464 0.2568125 0.009429542154466666 0.009365
5 0.313152422330344 0.2546865 0.01104658430895542 0.01865
5 0.3045632165098838 0.25390625 0.006921584308955421 0.01865
5 0.29438424161218464 0.2568125 0.014244306181592396 0.03125
5 0.28026619945660606 0.2661865 0.014198855386194253 0.0234365
0 0.95859365 0.19296865 0.0828125 0.2890625
6 0.68125 0.30859365 0.384365 0.4015625
3 0.9301535699692118 0.24140625 0.11498062626604134 0.1568125
5 0.64453125 0.2546865 0.5109365 0.509365
0 0.8969643409482548 0.6 0.18366698660335968 0.1640625
3 0.8168035608940256 0.64365 0.08690906615858266 0.0603125
4 0.6665625 0.85859365 0.268125 0.2828125
5 0.6984365 0.6546865 0.403125 0.490625