0 0.61015625 0.19580143861499516 0.0068125 0.006856951695396966
6 0.61161865 0.21143552896406486 0.009365 0.016242042154466843
5 0.6109365 0.20664348369453492 0.0125 0.03132262286263689
0 0.34609365 0.3405583849494443 0.0109365 0.009438632513556366
6 0.34140625 0.36099986386220535 0.01865 0.036609084308955334
5 0.3484365 0.3905620204880636 0.0359365 0.10958406825883114
0 0.559365 0.265236618963812 0.0068125 0.006856951695396966
4 0.55625 0.2863122882456528 0.0140625 0.02966931323161659
5 0.5568125 0.3035088686046324 0.0234365 0.08663635538619426
5 0.561865 0.301246941836449 0.0234365 0.08919885538619425
5 0.51015625 0.4133868626528041 0.0359365 0.11260906825883114
5 0.54140625 0.41669466983439645 0.040625 0.11263634933606006
5 0.5609365 0.4136833093228916 0.0296865 0.1163602168225126
5 0.56890625 0.4065368484523063 0.0365 0.11640566861691066
5 0.5609365 0.34561455932289165 0.0125 0.01626022286263689
5 0.5828125 0.3325605643500063 0.01865 0.03604658430895533
0 0.5828125 0.32240432435000626 0.0140625 0.01560681323161641
6 0.58125 0.33958263399092666 0.0125 0.01626022286263689
0 0.596865 0.31856988658162284 0.0109365 0.011001132513556365
6 0.6 0.3465043182998821 0.01865 0.045421584308955334
5 0.60068125 0.3428213634694218 0.021865 0.06565226502611463
0 0.58828125 0.34821639060668496 0.0125 0.015696622862636886
6 0.596865 0.3663923865816229 0.0203125 0.036618164668035034
5 0.6 0.4029630682998821 0.0328125 0.12519089654066209
6 0.565 0.3848588625546082 0.0296865 0.0439226168225126
6 0.5568125 0.3868838686046324 0.0234365 0.046011355386194255
6 0.53984365 0.39615433946531686 0.034365 0.04606498689965162
6 0.50859365 0.3954100322936245 0.0328125 0.042368396540662096
0 0.509365 0.3641645664632643 0.0125 0.015696622862636886
0 0.53359365 0.3664304680389983 0.0125 0.014135222862636886
0 0.559365 0.354299218963812 0.0109365 0.011001132513556365
0 0.56568125 0.3559561666341481 0.0125 0.014135222862636886
0 0.5603125 0.26216535146636936 0.0109365 0.011001132513556365
0 0.6015625 0.2654821586589618 0.0125 0.011010222862636888
0 0.609365 0.25661511045435985 0.0109365 0.011001132513556365
0 0.6453125 0.3063616886131911 0.0109365 0.011001132513556365
0 0.615625 0.3132202218906683 0.0125 0.014135222862636886
0 0.6328125 0.3461326158405541 0.0125 0.015696622862636886
0 0.6453125 0.35245543861319106 0.0125 0.014135222862636886
0 0.68984365 0.3245895139469601 0.0140625 0.014144313231616586
0 0.63125 0.36545540846256 0.009365 0.016242042154466666
6 0.62890625 0.3966916629239506 0.0234365 0.04388635538619425
5 0.61865 0.41069518558993306 0.053125 0.11280906220860695
5 0.69365 0.3638309898446591 0.034365 0.11582498689965162
5 0.65546865 0.3345456660462085 0.0328125 0.0636283965406621
5 0.628125 0.4000116946633153 0.0390625 0.12210225896699054
5 0.64921865 0.40091566461089006 0.0365 0.128343168616911
5 0.6203125 0.33902864296691613 0.0234365 0.06419885538619426
5 0.6015625 0.2842321586589618 0.01865 0.05469658430895533
5 0.6125 0.26882604116251905 0.01865 0.05948408430895533
6 0.6953125 0.3558613302036388 0.0234365 0.045448855386194253
6 0.6515625 0.32905430014950954 0.0161865 0.02822499394986581
6 0.64453125 0.3696946435336512 0.0265625 0.04390453610435348
6 0.62634365 0.3804658995836654 0.0265625 0.048592036104353465
6 0.6203125 0.3405912429669161 0.0203125 0.04230566466803503
6 0.6015625 0.2896009086589618 0.0140625 0.03445681323161641
6 0.6125 0.28351454116251906 0.015625 0.03134090359069611
6 0.5603125 0.2863941014663694 0.0203125 0.03293066466803503
0 0.88828125 0.6699106346682966 0.0140625 0.011019313231616588
0 0.85603125 0.6658226664966054 0.0140625 0.01258181323161641
5 0.8568125 0.6866646226662452 0.025 0.03452044564526404
5 0.8890625 0.6885090298568366 0.0234365 0.023563855386194255