4 0.04140625 0.503125 0.0828125 0.10625
4 0.0953125 0.49365 0.096865 0.0865
4 0.26265625 0.4865 0.1484365 0.065
4 0.49296865 0.49921865 0.2109365 0.0984365
6 0.0953125 0.62568125 0.190625 0.2609365
6 0.3365 0.68125 0.246865 0.4365
1 0.40835246658182206 0.6641680363965425 0.023982940006363408 0.0461466200031816
0 0.4152469039226854 0.6186620126306242 0.056104522666635835 0.06409202800663595
0 0.5656569812619568 0.566666420651086 0.09342383068109025 0.10632269866918126
6 0.54365 0.83661865 0.2125 0.3265625
5 0.4394201059039135 0.6563532546342241 0.11822602538190682 0.35913963634881643
5 0.52634365 0.66015625 0.2453125 0.4696865
5 0.2828125 0.66890625 0.35625 0.4421865
5 0.11953125 0.69665625 0.2390625 0.4046865
5 0.26484365 0.49609365 0.1665625 0.0921865
5 0.46634365 0.5046865 0.3265625 0.109365
3 0.6265625 0.55068125 0.153125 0.1634365
4 0.825 0.69365 0.35 0.4125
5 0.825 0.625 0.35 0.55