0 0.86953125 0.0421865 0.1515625 0.084365
3 0.880642508584206 0.1523546811343838 0.056613614363184694 0.06282625292686626
6 0.85603125 0.34665625 0.2859365 0.4828125
5 0.83359365 0.29453125 0.3328125 0.5890625
5 0.11865 0.91328125 0.165625 0.1634365
5 0.20568340914994103 0.8558530066364953 0.03490224082661669 0.09082498689965162
5 0.11598056566569933 0.8634069523845633 0.01595225292686626 0.056340903590696285
4 0.11449068863843631 0.8659160426436529 0.015806806181592396 0.03134090359069629
4 0.20901294826935663 0.8638035660193361 0.014253396540662096 0.032894313231616665
2 0.2055652405320302 0.8183530066364953 0.025154536104353652 0.026606945645263666
2 0.11434988806260222 0.8516962926436528 0.01563408430895542 0.018840903590696286
2 0.15585158684303818 0.866862648228043 0.08696269866214012 0.08165906010845856
2 0.2195636192583996 0.9432656386853184 0.1036613311856965 0.09268646369925486
2 0.36566603268650693 0.8266962449318343 0.03144089654066192 0.032994306181592565
2 0.36863692610392195 0.9330326093932151 0.09266928903121982 0.0833488311856965
2 0.4422021663003136 0.8029133163369332 0.028269536104353465 0.026626126463433166
2 0.4890625 0.6140625 0.040625 0.153125
1 0.44482318325224206 0.8505559316983138 0.02520906825883114 0.03608294564526368
1 0.46634365 0.8921865 0.0640625 0.1625
1 0.36132942620211686 0.8682296660090632 0.020456945645263665 0.02511816466803521
1 0.36421865 0.98984365 0.0568125 0.0203125
1 0.140625 0.95859365 0.059365 0.0828125
4 0.4295981590516452 0.91939683538911 0.036328385440423536 0.06639656825883114
6 0.8496693696259369 0.6412849500468821 0.022156801131468028 0.04856466502611463
6 0.9844406160369458 0.6896219291660351 0.025236349336060062 0.040660445645263666
0 0.9953125 0.66328125 0.009365 0.0161865
0 0.8613116663648056 0.6091855223536851 0.009446622862636889 0.012554542154466665
5 0.8513863215213359 0.6490883596868026 0.034929511903856535 0.09551248689965161
5 0.96890625 0.6890625 0.0421865 0.06865