5 0.668125 0.24453125 0.64365 0.4890625
4 0.60546865 0.32568125 0.4568125 0.3265625
1 0.66484365 0.12109365 0.2265625 0.2421865
5 0.5934296539088249 0.863302168045816 0.02051248689965162 0.03461135633609062
5 0.5805353650505556 0.6623562860439061 0.02842498184962643 0.05188966400381696
5 0.31161865 0.80859365 0.0046865 0.0296865
5 0.31484365 0.66953125 0.0109365 0.0453125
4 0.3125 0.6640625 0.00625 0.015625
4 0.31161865 0.81015625 0.0046865 0.0140625
2 0.3109365 0.6515625 0.003125 0.00625
2 0.5845634252562102 0.6396464893666606 0.006286361436318444 0.006322625334181811
4 0.5883651361266946 0.6566606926116343 0.009502265026114632 0.021984088001262616
4 0.5956416866520462 0.8686981900461341 0.011019313231616588 0.014189669334818081
2 0.5903820219610016 0.8499845553686251 0.006848861436318444 0.006340906666626353
