0 0.5069350564066684 0.12568125 0.03465680800445424 0.0328125
3 0.5090890246453601 0.1568125 0.019022620003181605 0.0234365
6 0.5234365 0.18203125 0.053125 0.0890625
5 0.50390625 0.22421865 0.0921865 0.2390625
1 0.6634365 0.2546865 0.246865 0.190625
2 0.61865 0.05234365 0.3365 0.1046865
5 0.665 0.165 0.45 0.35
2 0.26890625 0.415625 0.2140625 0.13125
2 0.46015625 0.4609365 0.1696865 0.221865
3 0.3318612640435889 0.52890625 0.10659541868236296 0.115625
3 0.51865 0.63125 0.0625 0.161865
4 0.39921865 0.36634365 0.0890625 0.0546865
4 0.18046865 0.39665625 0.0828125 0.0953125
4 0.3609365 0.66161865 0.3125 0.4665625
4 0.05 0.68359365 0.1 0.4328125
5 0.065625 0.665 0.13125 0.65
5 0.4625 0.665 0.165 0.65
5 0.396865 0.3984365 0.103125 0.096865
5 0.190625 0.50603125 0.153125 0.3140625
5 0.36328125 0.665 0.3634365 0.65
2 0.6086259480824053 0.66696865 0.08522952266663583 0.0634365
4 0.696865 0.89365 0.1365 0.2125
1 0.6332361440960865 0.66865 0.025626253341816656 0.0625
5 0.65859365 0.81328125 0.2161865 0.3634365