5 0.023016639068101956 0.5192636052869984 0.00948408430895542 0.018804542154466666
0 0.1955366336919066 0.5436055899662961 0.004605680618159222 0.0031522610662389216
6 0.1954866366169698 0.5522993399662962 0.006304542154466666 0.009411361436318443
5 0.19602641081926065 0.5562146803253658 0.009546616822512698 0.029642042154466666
6 0.3010416451282262 0.5380691892041604 0.009438632513556366 0.010992042154466844
5 0.3025586933328281 0.54589066956325 0.01585225896699045 0.03915340359069629
6 0.3665940222555893 0.5509509842855144 0.006885222862636886 0.012545451695396965
5 0.3681246059988106 0.5564288246445939 0.011110216822512698 0.029651132513556366
6 0.4424116336919066 0.5451418666008658 0.004642042154466844 0.009402261066238922
5 0.44240254333282814 0.5466043666008656 0.006930664668035032 0.020356951695396965
5 0.13125 0.64140625 0.2625 0.2234365
