2 0.08601268452868826 0.09921865 0.023582945645263864 0.025
3 0.0896680339630542 0.1234365 0.01628649394986581 0.0161865
4 0.09033202498606364 0.1625 0.02845225292686626 0.05625
5 0.10198259629296658 0.16421865 0.06666039129415606 0.1696865
1 0.89140625 0.01161865 0.0390625 0.0234365
1 0.6888846161161003 0.09453125 0.036219301131468026 0.0484365
2 0.6866540152235064 0.0365 0.048682939695149666 0.0421865
4 0.9086926021881816 0.18125 0.10636830668880889 0.290625
4 0.6935444251590144 0.23359365 0.10443401160646486 0.225
5 0.915625 0.2296865 0.16865 0.459365
5 0.60068125 0.2359365 0.1421865 0.446865
4 0.90546865 0.6390625 0.1890625 0.521865
5 0.84140625 0.6296865 0.3161865 0.540625