0 0.8613252601553409 0.3068125 0.09902836334016534 0.1015625
0 0.925686635954844 0.2390625 0.08012383623582168 0.065
0 0.6556888593932151 0.20234365 0.04556603005422928 0.04365
0 0.659365 0.2484365 0.01865 0.08125
6 0.653340043332828 0.3365 0.0946499394986581 0.161865
6 0.84140625 0.43125 0.1634365 0.115625
6 0.925 0.3984365 0.10625 0.18125
3 0.910656639643836 0.28828125 0.034546616822512696 0.0296865
3 0.6546303534412866 0.25 0.029851126463433166 0.028125
5 0.91640625 0.34365 0.1661865 0.290625
5 0.8421865 0.36865 0.209365 0.240625
5 0.634365 0.33125 0.1625 0.315625
5 0.66421865 0.34453125 0.0484365 0.2890625
5 0.24296865 0.5953125 0.1068125 0.2125
5 0.09365 0.5828125 0.10625 0.1865
4 0.26361095853289334 0.54665625 0.03310339149054663 0.05
4 0.0890625 0.51696865 0.040625 0.0568125
0 0.26640625 0.50234365 0.0234365 0.0265625
3 0.2623120849963264 0.51953125 0.006295451695396966 0.0068125
4 0.96634365 0.86421865 0.0453125 0.1890625