2 0.41953125 0.2335956906653042 0.0609365 0.040969524004105095
3 0.315625 0.00390625 0.021865 0.0068125
3 0.42109365 0.2851491004162246 0.0161865 0.02041249394986581
4 0.4661865 0.32316218482336583 0.068125 0.1113920169539809
4 0.33661865 0.06454622980652394 0.0515625 0.10342498184962642
4 0.06265625 0.04665625 0.0890625 0.0953125
5 0.08984365 0.15603125 0.1696865 0.3140625
5 0.328125 0.146865 0.16865 0.29365
5 0.4296865 0.33203125 0.2 0.2546865
6 0.61161865 0.19609365 0.1640625 0.3546865
3 0.5661865 0.060808662330343996 0.04365 0.056504530054229285
5 0.66865 0.2296865 0.268125 0.459365
