6 0.11328125 0.1328125 0.2265625 0.265625
6 0.12634365 0.128125 0.2546865 0.25625
6 0.16640625 0.0203125 0.1359365 0.040625
5 0.18515625 0.02568125 0.1640625 0.0515625
5 0.23203125 0.16383941656480645 0.1365 0.28048645159900645
5 0.12265625 0.19453125 0.2453125 0.3890625
0 0.89140625 0.16213026681463405 0.146865 0.12116699365348396
3 0.884365 0.28092118443059244 0.0696865 0.058266108313060605
6 0.83203125 0.31953125 0.2828125 0.1390625
5 0.83203125 0.2390625 0.3359365 0.3
5 0.2984365 0.8416223350945223 0.0484365 0.10028180113146803
