0 0.12384812880112416 0.8601605566625616 0.05340680113146812 0.04864656220860695
5 0.1161865 0.9203125 0.16865 0.159365
3 0.13496198116225634 0.9021381651590143 0.028261355386194252 0.023601126463433164
4 0.1046865 0.95390625 0.09365 0.0921865
0 0.6665625 0.540625 0.2125 0.18125
0 0.384365 0.61640625 0.109365 0.2109365
0 0.6645849686664204 0.8056025009819586 0.15614994554888229 0.1555965359069618
0 0.39296865 0.803125 0.1265625 0.225
0 0.36953125 0.94609365 0.0696865 0.1068125
0 0.6966458002466054 0.6031269406653042 0.16485336123992668 0.13689198660335968
4 0.6063248063960254 0.6210366034412866 0.11169199980360815 0.1303329154946528
4 0.566606640041051 0.6812206453993625 0.19514082493918145 0.24018960452586246
2 0.5925390414661066 0.5349669044645589 0.1100022346664936 0.1084488251355633
3 0.5115608425985648 0.5838861031466991 0.044031801131468026 0.048692030054229285
4 0.365 0.4665625 0.090625 0.053125
4 0.5819116554365069 0.856924626346196 0.13666381908544912 0.1263533612399266
4 0.56696865 0.96953125 0.1609365 0.0609365
5 0.5953125 0.9625 0.30625 0.065
5 0.623126006896836 0.8238612328315861 0.3215942406302261 0.22216602361132158
5 0.6465856106506516 0.5956956089256668 0.25632366463433104 0.28263162852996664
5 0.55546865 0.634365 0.3546865 0.36865
5 0.38359365 0.6140625 0.1068125 0.215625