5 0.03809416639495169 0.29665625 0.025526258662816865 0.0453125
6 0.61640625 0.4921865 0.0634365 0.215625
6 0.6699163420591691 0.334365 0.043296561346262165 0.0953125
6 0.6366316620639516 0.36953125 0.06024086935062642 0.128125
6 0.8100055400620426 0.35546865 0.06063860001590825 0.1161865
6 0.8521203146268609 0.34921865 0.041615880012626816 0.09365
6 0.8846515514003606 0.3921865 0.06689085868862639 0.1625
6 0.9180902126226601 0.31161865 0.04634883601209019 0.0890625
6 0.9561986133990869 0.3828125 0.0616942813494536 0.11865
6 0.9808811140594963 0.33661865 0.030523841343090653 0.061865
0 0.9669180640515431 0.268125 0.019040901336626246 0.025
0 0.9456515886163613 0.261865 0.03481135200509086 0.0365
0 0.9346231846151341 0.25546865 0.01893181333545435 0.015625
0 0.9068688613696696 0.23984365 0.02364658266026243 0.0265625
0 0.8684095463822251 0.25859365 0.044266258662816864 0.0453125
0 0.8543998826169966 0.2665625 0.016423856336090965 0.0203125
0 0.6933351133831695 0.265625 0.03319430800445451 0.0328125
0 0.6354680693825432 0.2609365 0.015843166002545256 0.01865
0 0.6269561353834966 0.26696865 0.03460226400381696 0.028125
0 0.5921865 0.2634365 0.025 0.103125
3 0.5859365 0.3609365 0.0125 0.0365
3 0.638265443386952 0.30068125 0.015824994668999892 0.0161865
3 0.6944608993863156 0.29609365 0.015688632001908896 0.0140625
3 0.8624660120544066 0.29921865 0.011101132001909163 0.0140625
3 0.8864660120544065 0.29921865 0.020512494668999893 0.0161865
3 0.9136648853834966 0.26696865 0.014226132001908809 0.0140625
3 0.9623568333863613 0.2890625 0.006340906666626353 0.0068125
3 0.9555265680553611 0.30625 0.012645450668363622 0.0125
5 0.66484365 0.4046865 0.1603125 0.390625
5 0.660560860066815 0.390625 0.0845590026052609 0.284365
5 0.6466965654041685 0.4203125 0.11490103061290685 0.340625
5 0.8183625606351686 0.403125 0.12089649204326069 0.31865
5 0.856843603396496 0.36109365 0.061829480028634965 0.2109365
5 0.9015625 0.4161865 0.13125 0.365625
5 0.925648618630088 0.365625 0.06512945860463454 0.2696865
5 0.9354862506160886 0.2625 0.020694308004454244 0.0328125
5 0.968125 0.35859365 0.04365 0.1890625
5 0.95625 0.39365 0.0865 0.284365
5 0.2696865 0.6953125 0.359365 0.190625
4 0.19921865 0.6125 0.1453125 0.025
1 0.6359365 0.6625 0.3125 0.268125
4 0.68984365 0.91953125 0.4203125 0.1609365
5 0.68984365 0.8 0.4203125 0.4