0 0.41696865 0.0296865 0.1046865 0.059365
1 0.42995916901069425 0.09193634006999666 0.06224660462226431 0.06489884134309046
6 0.46034103961859065 0.2415196166409056 0.1648636666345696 0.24889312802354438
5 0.49921865 0.23984365 0.4109365 0.4696865
5 0.9 0.31640625 0.2 0.3265625
5 0.83359365 0.30546865 0.1890625 0.3484365
3 0.6600696540816656 0.28866433536554353 0.04101588544042354 0.0666602146621816
3 0.9268056956605192 0.30545440006363345 0.05813965292686635 0.05692260934118149
2 0.9119666834620649 0.20604464606140626 0.08636464686664216 0.06443646334499946
2 0.6515625 0.184365 0.025 0.09365
4 0.69921865 0.39453125 0.1203125 0.1603125
4 0.92890625 0.39609365 0.1421865 0.1661865
0 0.25234365 0.50234365 0.1859365 0.0453125
3 0.26936112695441245 0.5839686566064981 0.06661464686664199 0.06421929634245403
6 0.3068125 0.6546865 0.425 0.490625
5 0.31328125 0.63984365 0.5161865 0.5203125
6 0.93046865 0.5109365 0.1390625 0.0625
5 0.92421865 0.6161865 0.1515625 0.265