3 0.115625 0.00390625 0.015625 0.0068125
6 0.1266233686346368 0.035344165003663565 0.0304329346653633 0.0642352168225126
5 0.11328125 0.0603125 0.1109365 0.140625
3 0.1 0.53359365 0.0125 0.0068125
6 0.09856002860441196 0.5633504694546915 0.039661562008262395 0.061164658966990544
5 0.09665625 0.56634365 0.0640625 0.0953125
2 0.96484365 0.5865 0.0603125 0.115625
3 0.9364496205840492 0.6962003121515621 0.06983404535326168 0.14632951695398092
4 0.6421865 0.62109365 0.084365 0.3828125
4 0.6890625 0.6359365 0.234365 0.4125
4 0.89609365 0.8661865 0.2068125 0.265625
5 0.89453125 0.66484365 0.2109365 0.4603125
5 0.8 0.66484365 0.365 0.4603125
5 0.66634365 0.66484365 0.1546865 0.4603125