0 0.45859365 0.3109365 0.0015625 0.009365
6 0.4568125 0.3296865 0.003125 0.025
6 0.45546865 0.34365 0.0068125 0.065
0 0.6963990012630936 0.24631630230981858 0.015824994668999892 0.016268403590696288
3 0.6945628619366848 0.2699826426688981 0.009538632001909164 0.014116042154466843
6 0.6902656232654566 0.30359911856659626 0.030368390664626852 0.0595466168225126
5 0.6902939045990032 0.30203661856659614 0.042096688016181056 0.12669884933606005
1 0.831863239258458 0.6010366208295334 0.226309056015262 0.11380901160646486
4 0.53828125 0.65603125 0.1568125 0.2359365
4 0.66865 0.615625 0.4625 0.1365
5 0.54453125 0.6625 0.1603125 0.246865
5 0.6296865 0.659365 0.540625 0.240625