0 0.10655460393063951 0.19066482940699656 0.014206950668363622 0.012663632001908986
3 0.10616323126195684 0.20562666006466931 0.009484088001262616 0.00948408800126254
4 0.10540982625963062 0.22201563864122388 0.01656930800445424 0.033012494668999894
5 0.09910528325909436 0.22663051340604204 0.040044292011453916 0.08482953333863605
2 0.5203125 0.01865 0.061865 0.0365
4 0.6828125 0.0859365 0.125 0.161865
5 0.58984365 0.13984365 0.2265625 0.2696865
5 0.69921865 0.1390625 0.1640625 0.268125
1 0.6698086819303214 0.6652026646436692 0.4806603866963623 0.22431348806490625
4 0.61953125 0.91953125 0.6609365 0.1609365
5 0.61953125 0.68984365 0.6609365 0.4203125