5 0.8950868454262452 0.21161163621359646 0.08204086123992696 0.1368829293443632
6 0.8655202339909266 0.20558890388291448 0.03159543364502539 0.05963862666090888
3 0.866608315363016 0.16818890121641442 0.012563632513556365 0.011082950668363623
2 0.8642826521412993 0.15415366321663256 0.012554542154466844 0.009520450668363623
4 0.35664296896381203 0.6332081105983668 0.01418966502611463 0.022038632001908986
4 0.4683116219888641 0.6233143952498665 0.009465903590696288 0.01563408800126262
4 0.5386868545024315 0.6334336352403224 0.033148843285945865 0.05819430800445424
4 0.30041114968196125 0.6369866386060028 0.015661355386194255 0.02361931333545435
2 0.3556608153630159 0.6165922012651395 0.004632951695396966 0.006866044000636269
2 0.46646592983439645 0.6139484859166402 0.0031613614363184436 0.006286362666090628
2 0.5322368666026699 0.6991314605645043 0.01629658430895533 0.01894999466899989
2 0.29866683645025466 0.6229433199395482 0.006866042154466666 0.009465906666626352
5 0.3004429659386499 0.6424563886060028 0.02218406220860695 0.05336953866963616
5 0.35664296896381203 0.6332081105983669 0.019004530054229286 0.043968166002545434
5 0.46910660652649356 0.6256490545830948 0.011110216822512698 0.02981466933481808
5 0.5363395593228916 0.6326696562406406 0.04425906010845856 0.08800906633926232
4 0.98046865 0.69921865 0.0390625 0.1890625
5 0.91640625 0.66328125 0.1661865 0.4634365