6 0.3886560382456528 0.3390625 0.0395069265949012 0.0665625
2 0.39610946906200695 0.26634365 0.016268403590696288 0.015625
3 0.39310618890958264 0.2984365 0.014126132513556366 0.0109365
5 0.365 0.36265625 0.06865 0.2140625
2 0.265 0.84665625 0.26865 0.2828125
5 0.2046865 0.84296865 0.409365 0.3140625
0 0.553125 0.60390625 0.1625 0.0890625
0 0.8421390656666035 0.63046865 0.14136949980360814 0.1296865
3 0.8161032251121322 0.85859365 0.0895069265949012 0.0665625
3 0.559066101663661 0.821865 0.10051815046653809 0.0890625
4 0.5365 0.946865 0.25625 0.10625
4 0.66890625 0.9453125 0.2068125 0.109365
5 0.69365 0.8296865 0.35 0.340625
5 0.5603125 0.8296865 0.321865 0.340625