0 0.46421865 0.406255526439992 0.1640625 0.09156948660335966
0 0.43515625 0.22109066646300155 0.1265625 0.09916381908544912
0 0.22634365 0.26161865 0.0546865 0.0359365
3 0.44453125 0.24660680961646932 0.046865 0.034646610662388506
3 0.50625 0.46603562880112415 0.03125 0.0361193061815924
4 0.2234365 0.33203125 0.046865 0.0665625
4 0.365625 0.3425612464839586 0.2161865 0.2065135599120669
4 0.44365 0.56568125 0.240625 0.2265625
5 0.23359365 0.3140625 0.0661865 0.1365
5 0.3921865 0.3559960325883121 0.2625 0.36965218032536563
5 0.49140625 0.525 0.3696865 0.328125
1 0.1 0.94921865 0.2 0.1015625
2 0.1 0.6921865 0.2 0.20625
5 0.1 0.84453125 0.2 0.3109365
5 0.6865 0.6203125 0.025 0.0625
6 0.68203125 0.60234365 0.0140625 0.0265625
5 0.8421865 0.95390625 0.0625 0.0921865
4 0.86015625 0.9581014506152436 0.01865 0.03916158430895533