0 0.2893241696380046 0.32322543920416035 0.010992042154466666 0.009438632513556366
6 0.2816698512809666 0.35208623640866226 0.01639656825883114 0.03603649394986581
5 0.2862622306694629 0.3616493036655509 0.03030564441641408 0.1064226168225126
0 0.5062253333269968 0.2652602491162362 0.006856951695396966 0.006856951695398143
4 0.5008693031645616 0.29633218285945856 0.012662616822512696 0.02966022286263689
5 0.5001935019449065 0.3126338866699188 0.01666836939029935 0.08446499394986582
5 0.513465661585828 0.3112486556320954 0.019249969649369046 0.08604658430895533
5 0.43984365 0.3984365 0.0296865 0.08125
5 0.46953125 0.4015625 0.0328125 0.065
5 0.4890625 0.4 0.025 0.068125
5 0.5068125 0.3984365 0.03125 0.08125
5 0.4980906464605165 0.3541265021412993 0.012590903590696286 0.015696622862636886
5 0.5206832639469601 0.3433208123469538 0.01638648689965162 0.03446499394986581
0 0.5214054266129426 0.33316910652649356 0.014144313231616586 0.014144313231616586
6 0.5183658653832686 0.34955616680933435 0.011028403590696288 0.015688632513556364
0 0.5362355410643233 0.3309116159386499 0.009438632513556366 0.010992042154466844
6 0.5364036126162961 0.35981696593864993 0.016442030054229462 0.04384999394986581
5 0.5361566916400562 0.3551350111182896 0.019113614363184696 0.06260908430895533
0 0.5246849626162961 0.3596496882456528 0.01258181323161641 0.014135222862636886
6 0.5295360891806293 0.38690205932289163 0.01639656825883114 0.03603649394986581
5 0.528125 0.3953125 0.028125 0.0865
6 0.5066929054365069 0.393243544295666 0.026806939695149586 0.04234203610435365
6 0.4896286006160466 0.3939202551663614 0.020566030054229284 0.043868164668035206
6 0.461019606232906 0.400842420856406 0.031504530054229284 0.0439318061815924
6 0.44208608615566614 0.39598664921443316 0.029923849336060063 0.040696616822512695
0 0.4458150641536146 0.36554062511213215 0.011019313231616588 0.014126132513556366
0 0.46928439041039326 0.3611458304983264 0.011010222862636888 0.012563632513556365
0 0.49569234825591556 0.3619253666026699 0.009438632513556366 0.010992042154466844
0 0.5122166689640648 0.36514581536301594 0.011010222862636888 0.012563632513556365
0 0.5163624929669161 0.26366683645025464 0.009429542154466843 0.009429542154466666
0 0.5461008995836654 0.2809608032626665 0.011001132513556365 0.011001132513556365
0 0.5554349929669161 0.2639940954262452 0.009438632513556366 0.010992042154466666
0 0.5549619055356036 0.32866605024660544 0.012562622862636888 0.012562622862636888
0 0.56484365 0.36161865 0.0068125 0.0140625
5 0.55390625 0.39609365 0.0296865 0.0859365
5 0.5640625 0.39609365 0.009365 0.0859365
5 0.5558986012809666 0.3536815954262452 0.020666114363184694 0.06261816466803503
5 0.5454286338926308 0.2996162580932266 0.01592498184962643 0.05165340359069629
5 0.556338962815492 0.29509239060668494 0.014389652926866163 0.056331813231616585
6 0.565625 0.3953125 0.00625 0.040625
6 0.55603125 0.39453125 0.0234365 0.0453125
6 0.5559066916400563 0.3552440954262452 0.018986349336060064 0.04063408430895533
6 0.5438935049699698 0.3043946666341481 0.012690896540662096 0.032885222862636885
6 0.5555849838926308 0.2996653454262452 0.014235216822512696 0.02966931323161659
6 0.5141650983541114 0.29619060091163535 0.01893180618159222 0.03135908430895533
4 0.9283896621650032 0.043544046026251545 0.02529089149054655 0.05014544564526386
5 0.9203125 0.0359365 0.05 0.061865
5 0.1984365 0.61953125 0.396865 0.5609365
