0 0.6634365 0.22109365 0.0140625 0.01865
6 0.66634365 0.25234365 0.0203125 0.0421865
6 0.40390625 0.26634365 0.0265625 0.040625
6 0.3859365 0.09921865 0.0234365 0.0390625
0 0.39921865 0.2365 0.0125 0.015625
0 0.384365 0.06328125 0.015625 0.0203125
5 0.3865 0.11953125 0.0365 0.1390625
5 0.4046865 0.2984365 0.0365 0.1421865
5 0.68203125 0.2696865 0.0421865 0.1390625
6 0.05603125 0.8696865 0.1140625 0.240625
5 0.16484365 0.8696865 0.3296865 0.240625
1 0.63984365 0.9665625 0.4696865 0.046865
2 0.90859365 0.9665625 0.1828125 0.046865
5 0.66484365 0.9661865 0.6603125 0.065625