6 0.9390625 0.4125 0.121865 0.253125
5 0.84921865 0.3046865 0.3015625 0.46865
4 0.16161865 0.66421865 0.3234365 0.4515625
5 0.24665625 0.66953125 0.4953125 0.4609365
5 0.38828125 0.66953125 0.2828125 0.4609365
3 0.56328125 0.641130556690613 0.0265625 0.026616036104353466
3 0.5921865 0.5983299683335859 0.021865 0.023564665026114632
3 0.6234365 0.6281992855151683 0.025 0.023582945645263955
3 0.68828125 0.5840452854169824 0.0296865 0.025162616822512698
3 0.66865 0.6526816559284863 0.0265625 0.025154536104353465
3 0.66015625 0.6086821919346448 0.025 0.023582945645263664
3 0.634365 0.6633659510098312 0.028125 0.026626126463433166
3 0.68661865 0.6525866280389984 0.0265625 0.026616036104353466
3 0.861865 0.6288634026088366 0.028125 0.028288626463433165
3 0.96634365 0.6224456518466118 0.03125 0.0298693061815924
3 0.909365 0.6836690612266483 0.0328125 0.02665339654066192
3 0.8161865 0.686356640041051 0.0296865 0.0298602168225126
0 0.98203125 0.66421865 0.0359365 0.0546865
0 0.91953125 0.6408594085606658 0.0484365 0.048619301131468204
0 0.8696865 0.5865026044042355 0.040625 0.04242384933606006
0 0.82634365 0.6348543263650684 0.0484365 0.048619301131468204
0 0.6953125 0.6120116250139362 0.040625 0.04554884933606006
0 0.66865 0.5635659389095826 0.0365 0.03928066861691084
0 0.64453125 0.6281225383438486 0.0453125 0.04613862041330898
0 0.6953125 0.5515625 0.040625 0.025
0 0.665 0.6113116663648056 0.0453125 0.048601120413308985
0 0.63359365 0.5899661228491958 0.04365 0.04556603005422928
0 0.5953125 0.55859365 0.040625 0.0390625
0 0.56865 0.5942863629463916 0.046865 0.050262610662388506
0 0.5359365 0.5568125 0.0125 0.0365
6 0.98984365 0.665625 0.0203125 0.090625
6 0.9421865 0.81953125 0.115625 0.2109365
6 0.89140625 0.6680395320963326 0.1328125 0.16889668052166655
6 0.86696865 0.6633619266111384 0.061865 0.06541815651666229
6 0.8015625 0.6629855864502548 0.134365 0.19296926088084616
6 0.61328125 0.6599619811622563 0.10625 0.166243144416414
6 0.66634365 0.6822196858845206 0.05625 0.06220225292686636
6 0.63984365 0.6484066662666098 0.065 0.06662383623582169
6 0.66890625 0.6361156432625048 0.09365 0.10210692154466602
6 0.64140625 0.6493965646445939 0.103125 0.16862496369925486
6 0.5921865 0.622548628333586 0.068125 0.1598295169539809
6 0.5890625 0.6365930466154266 0.034365 0.04238648689965162
6 0.56640625 0.62568125 0.0634365 0.1665625
5 0.965625 0.815625 0.06865 0.36865
5 0.915625 0.81696865 0.16865 0.3640625
5 0.86634365 0.80234365 0.1921865 0.3953125
5 0.84365 0.68203125 0.14365 0.4359365
5 0.68661865 0.8 0.1953125 0.4
5 0.6546865 0.69140625 0.14365 0.4161865
5 0.63359365 0.6624339058302914 0.1203125 0.4168864566491306
5 0.60234365 0.8 0.1696865 0.4
5 0.6568125 0.64609365 0.165625 0.4140625
5 0.63203125 0.690625 0.1609365 0.41865
5 0.596865 0.68203125 0.134365 0.4359365
5 0.5696865 0.65068125 0.1 0.4234365
5 0.568125 0.68203125 0.096865 0.4359365
5 0.54609365 0.640625 0.0328125 0.403125