5 0.6251046092616396 0.2968899949318345 0.012690901336626245 0.02506262286263689
5 0.3486240225960941 0.2838639884889268 0.016586489336999686 0.03446499394986581
5 0.953125 0.19453125 0.09365 0.3890625
0 0.9586450062804116 0.6242646120489348 0.036301126660909054 0.03145906825883114
0 0.8280489906110935 0.6445650060320828 0.04111589600562614 0.04242384933606006
6 0.9636668569328666 0.8289258506126164 0.06022268801618105 0.12696246569950323
6 0.8112966469312659 0.841530910622869 0.08286813868554468 0.13953519866214012
3 0.8245694546069562 0.6650519366502421 0.019040901336626246 0.02510908430895533
3 0.9606251306095026 0.6555110665103153 0.025254538669636162 0.022020445645263666
5 0.8140625 0.859365 0.115625 0.28125
5 0.94296865 0.85234365 0.1140625 0.2953125