6 0.26265625 0.36546269343102395 0.015625 0.02040340359069611
0 0.2603125 0.3498514289696434 0.0068125 0.006856951695396966
5 0.26640625 0.3625304048663424 0.028125 0.05696612646343318
6 0.35068125 0.08453952546604305 0.01865 0.02510908430895542
0 0.35 0.0650128206565829 0.009365 0.010992042154466666
5 0.35 0.08141906065658285 0.021865 0.046002265026114645
3 0.08125 0.52890625 0.1625 0.1390625
6 0.0828125 0.6296865 0.165625 0.540625
5 0.13203125 0.6296865 0.2640625 0.540625
6 0.5 0.53125 0.1625 0.14365
5 0.55625 0.6296865 0.265 0.540625