5 0.1493594886412238 0.46032233811958445 0.018968166002545432 0.01885908430895533
6 0.15019528264186023 0.4650052929400446 0.014189669334818081 0.011019313231616588
0 0.9123680186380423 0.09138598565845229 0.08192260934118148 0.058285198662140125
4 0.91696865 0.2234365 0.1640625 0.234365
5 0.89665625 0.2365 0.2046865 0.39365
3 0.23828125 0.55234365 0.1696865 0.1046865
4 0.26109365 0.66865 0.3640625 0.3365
5 0.3 0.65 0.6 0.5
4 0.82568125 0.65 0.2921865 0.5
0 0.94665625 0.65 0.1046865 0.5
0 0.80068125 0.65 0.3984365 0.5
