6 0.3488944696101322 0.3880196131100696 0.014198855386194253 0.023519313231616586
5 0.34633652468966203 0.386229362651 0.018922616822512696 0.02969658430895533
0 0.3458285669441496 0.3668452823919204 0.006304542154466666 0.009411361436318443
0 0.4156623865205681 0.5659151436300429 0.012581813231616588 0.014135222862636886
3 0.4149265040060208 0.5868480985505032 0.006866042154466843 0.009420451695396966
6 0.416996961852543 0.5962412692686623 0.023582945645263955 0.025136355386194253
5 0.41961045882648094 0.586656619626642 0.026689658966990364 0.039216036104353654
0 0.25469048253699844 0.33121964638566264 0.006295451695398144 0.006848861436318444
0 0.2640609363564586 0.3320555385402404 0.006286361436318444 0.006286361436318444
0 0.24666286806561686 0.32883508966990444 0.006856951695398055 0.006856951695398143
0 0.22963594038252062 0.3404493006404888 0.006866042154466666 0.009420451695396966
6 0.22869560304850322 0.350601005460949 0.014135222862636966 0.012581813231616588
6 0.24446605484390133 0.3428694090516452 0.01418066466803503 0.020394313231616588
6 0.2530634403825206 0.340585656026683 0.004642042154466666 0.009402261066238922
6 0.2624484403825206 0.34064019818116066 0.009438632513556366 0.010992042154466666
5 0.2616853611006699 0.3365106530016209 0.012609084308955331 0.018822622862636886
5 0.2538819614596596 0.33590260120622295 0.009484084308955332 0.018804542154466844
5 0.24448868064160038 0.3389631590516452 0.015696616822512696 0.02966840359069611
5 0.22959503366666243 0.3464805506404888 0.015661355386194255 0.023528403590696286
0 0.8694286516458886 0.9556066680286356 0.029886486899651618 0.034546616822512696
4 0.86865 0.9865 0.059365 0.025
5 0.85859365 0.9661865 0.0984365 0.065625
5 0.65603125 0.9046865 0.2234365 0.190625
5 0.615625 0.9046865 0.3125 0.190625
4 0.609365 0.8984365 0.23125 0.168125
4 0.66640625 0.8828125 0.1161865 0.146865