0 0.8 0.01484365 0.03125 0.0296865
0 0.8484365 0.00390625 0.028125 0.0068125
0 0.884365 0.02634365 0.0296865 0.034365
0 0.965 0.021865 0.028125 0.034365
0 0.940625 0.01015625 0.028125 0.0203125
0 0.64665625 0.05546865 0.0365 0.068125
0 0.9234365 0.04140625 0.03125 0.0390625
0 0.52634365 0.021865 0.0484365 0.04365
3 0.9634365 0.0546865 0.0203125 0.015625
3 0.94296865 0.03515625 0.01865 0.0161865
3 0.9234365 0.08125 0.0234365 0.0203125
3 0.88046865 0.0568125 0.01865 0.0203125
3 0.85 0.02568125 0.0203125 0.01865
3 0.83359365 0.08125 0.021865 0.01865
3 0.69921865 0.053125 0.021865 0.01865
3 0.66953125 0.040625 0.015625 0.0140625
3 0.6484365 0.068125 0.01865 0.01865
3 0.60859365 0.06161865 0.01865 0.0161865
3 0.66421865 0.05068125 0.025 0.01865
3 0.615625 0.08661865 0.0161865 0.015625
3 0.58984365 0.02265625 0.025 0.0234365
3 0.5296865 0.05603125 0.025 0.0234365
0 0.61015625 0.0484365 0.0421865 0.0453125
0 0.665 0.01161865 0.034365 0.0234365
0 0.6125 0.021865 0.034365 0.0328125
0 0.65 0.03515625 0.034365 0.0328125
0 0.66109365 0.009365 0.0296865 0.01865
0 0.8365 0.04296865 0.0328125 0.034365
6 0.5265625 0.16328125 0.090625 0.1665625
6 0.58984365 0.11015625 0.0859365 0.153125
6 0.61015625 0.168125 0.061865 0.1609365
6 0.6603125 0.1296865 0.084365 0.1453125
6 0.61015625 0.125 0.04365 0.134365
6 0.64365 0.153125 0.068125 0.1453125
6 0.665 0.0603125 0.025 0.0390625
6 0.690625 0.12265625 0.059365 0.134365
6 0.83046865 0.15390625 0.0634365 0.1365
6 0.84296865 0.0640625 0.05625 0.053125
6 0.86890625 0.12568125 0.059365 0.1125
6 0.92568125 0.14921865 0.0828125 0.1328125
6 0.9484365 0.06484365 0.0234365 0.021865
6 0.9640625 0.084365 0.053125 0.04365
6 0.98203125 0.1390625 0.0359365 0.121865
5 0.96634365 0.2 0.0453125 0.36865
5 0.96484365 0.16568125 0.0603125 0.3484365
5 0.94453125 0.0390625 0.0390625 0.068125
5 0.91953125 0.20625 0.103125 0.365
5 0.86634365 0.1828125 0.0661865 0.35
5 0.84609365 0.04296865 0.0609365 0.0859365
5 0.83359365 0.20859365 0.096865 0.3634365
5 0.68828125 0.18203125 0.0634365 0.3640625
5 0.65603125 0.1603125 0.0609365 0.340625
5 0.64365 0.20390625 0.0859365 0.365
5 0.61696865 0.1859365 0.065 0.3609365
5 0.6603125 0.19665625 0.090625 0.3953125
5 0.61328125 0.2234365 0.096865 0.4
5 0.5859365 0.1984365 0.096865 0.396865
5 0.52568125 0.221865 0.1046865 0.44365
6 0.65 0.69453125 0.3625 0.4109365
5 0.65546865 0.69453125 0.3634365 0.4109365