2 0.3502562653819068 0.16656611669906162 0.04096044533636351 0.029923849336060063
2 0.3236969646516234 0.4461543999665588 0.05986589600562696 0.042532933645025396
3 0.35915101638540666 0.20340836366400953 0.02206499466899989 0.016314665026114643
3 0.33596933609163216 0.49466006666965603 0.0164238563360908 0.02041249394986581
4 0.3015625 0.51696865 0.08125 0.0640625
4 0.35668054262654266 0.2682339330558503 0.05586928668045399 0.10188066256668665
5 0.368125 0.31696865 0.18125 0.3359365
5 0.34365 0.48203125 0.209365 0.1359365
6 0.6546865 0.43046865 0.146865 0.2390625
6 0.6844146466218156 0.40685204622264323 0.08655666002545326 0.18699086939029935
0 0.6285448126989066 0.2362066468533009 0.065080654668545 0.08686260462226431
0 0.6444606140356346 0.26286933342519265 0.030232940006363406 0.0460466168225126
5 0.80625 0.3828125 0.16865 0.334365
5 0.60859365 0.309365 0.3568125 0.48125
6 0.66890625 0.665 0.3828125 0.45
5 0.6634365 0.665 0.453125 0.45
3 0.6390625 0.58125 0.10625 0.0625