4 0.94609365 0.08828125 0.1068125 0.1665625
5 0.89296865 0.234365 0.2140625 0.46865
3 0.334365 0.6889822494108249 0.54365 0.3365384449596061
4 0.365625 0.66328125 0.628125 0.4634365
5 0.33984365 0.634365 0.6696865 0.53125
0 0.69453125 0.48125 0.0296865 0.025
0 0.665 0.4862658663080923 0.0359365 0.03614656825883114
0 0.859365 0.49636049569839163 0.0365 0.03459316861691084
0 0.63515625 0.5151690621515621 0.0359365 0.03926156825883114
0 0.69921865 0.5381980168638264 0.0365 0.03459316861691084
0 0.86568125 0.5402059444686266 0.04365 0.040869530054229285
3 0.8640625 0.5684190166656306 0.0234365 0.016323855386194253
3 0.85234365 0.5283508390825334 0.021865 0.020439665026114633
3 0.68984365 0.5609559646193486 0.01865 0.015634084308955332
3 0.66953125 0.5200565500513136 0.0234365 0.018886355386194254
3 0.628125 0.5534094055356036 0.0265625 0.020466036104353465
3 0.68984365 0.51015625 0.0203125 0.0203125
6 0.6984365 0.568125 0.0365 0.115625
6 0.66640625 0.5630061193331544 0.0296865 0.0298602168225126
6 0.8365 0.569826980661266 0.05 0.06060339149054691
6 0.859365 0.6596416456983916 0.09365 0.153660421544666
6 0.6890625 0.6436066695398089 0.084365 0.14266836939029934
5 0.8359365 0.6641928903121964 0.125 0.3688522286263693
5 0.84921865 0.6196389083643642 0.13125 0.4054510901626869
5 0.6828125 0.6881025681034905 0.115625 0.3396351865618916
5 0.6484365 0.64609365 0.09365 0.3546865
5 0.6296865 0.66265625 0.1 0.3640625
5 0.60234365 0.640625 0.0453125 0.34365