1 0.690625 0.01865 0.08125 0.0365
1 0.689385932606639 0.1696865 0.06113066000954511 0.0603125
1 0.40661666460059396 0.22421865 0.06495338534362664 0.0665625
1 0.65546865 0.50234365 0.0661865 0.0328125
1 0.8445905059266661 0.26953125 0.05850339066462603 0.059365
1 0.89609365 0.03203125 0.0634365 0.0640625
1 0.9696865 0.04140625 0.040625 0.0828125
2 0.8511955892643664 0.161865 0.09646610534690826 0.1
2 0.6686825969064134 0.41953125 0.10268964266981654 0.096865
2 0.63984365 0.49296865 0.1161865 0.0515625
2 0.45020580128104686 0.12265625 0.10561464801081665 0.0696865
2 0.6959546532861386 0.08515625 0.08666384134309048 0.061865
4 0.49296865 0.03046865 0.1890625 0.0609365
4 0.93046865 0.2609365 0.1390625 0.368125
4 0.8462444332829566 0.10859365 0.11560691335136286 0.1328125
4 0.83203125 0.40603125 0.2161865 0.2234365
4 0.42568125 0.3865 0.1696865 0.2625
5 0.50234365 0.053125 0.2634365 0.10625
5 0.35625 0.268125 0.09365 0.48125
5 0.35546865 0.41865 0.0921865 0.2
5 0.4328125 0.14609365 0.246865 0.2921865
5 0.44140625 0.2921865 0.2640625 0.453125
5 0.63661865 0.4865 0.3328125 0.0625
5 0.63125 0.440625 0.209365 0.15625
5 0.646865 0.26634365 0.268125 0.4828125
5 0.6661865 0.19296865 0.309365 0.3859365
5 0.62421865 0.04665625 0.2484365 0.0953125
5 0.86890625 0.125 0.2203125 0.25
5 0.83661865 0.315625 0.3265625 0.40625
5 0.93661865 0.39665625 0.1265625 0.2421865
5 0.90546865 0.259365 0.1890625 0.51865
1 0.1546865 0.6203125 0.309365 0.203125
4 0.1546865 0.8125 0.309365 0.365
5 0.1546865 0.659365 0.309365 0.48125
0 0.6828125 0.9109365 0.165625 0.168125
5 0.66484365 0.90603125 0.3696865 0.1859365