6 0.2390625 0.04365 0.221865 0.0865
5 0.25546865 0.23984365 0.5109365 0.4696865
0 0.9009160626591366 0.02881430464650958 0.023855660661545325 0.03606385538619425
0 0.98828125 0.02421865 0.0234365 0.0328125
6 0.8986626599856825 0.06882339500658919 0.033594296342454026 0.06636839654066196
6 0.96865 0.10546865 0.0625 0.1109365
5 0.94365 0.161865 0.1125 0.3365
5 0.9016695839831361 0.09655521428842995 0.06922380935609001 0.16539088544042353
0 0.5252239826145934 0.6064635523098186 0.06623520934118148 0.058256926594901206
3 0.5206632019414562 0.6551525282065165 0.04411362666090888 0.031504530054229284
4 0.5002956132638668 0.8356349066960128 0.13621131468808995 0.15859426088084606
5 0.46953125 0.828125 0.2984365 0.34365
6 0.6816916112646846 0.8131291655516968 0.03665566000954511 0.06052156825883114
0 0.6840166262835932 0.6464950851926182 0.02231135200509069 0.036626265026114554
5 0.6952268526018666 0.8583598623200812 0.10000218936981646 0.26931360226293644
