6 0.9515625 0.12421865 0.096865 0.2453125
5 0.9546865 0.209365 0.090625 0.41865
1 0.20068125 0.59609365 0.4015625 0.2515625
4 0.2546865 0.8365 0.509365 0.325
5 0.2546865 0.609365 0.509365 0.58125
6 0.96161865 0.6015625 0.0665625 0.265625
6 0.6513214306366695 0.6659834340388163 0.11236492003499838 0.25908519334818114
3 0.8198608886253154 0.6924165033815886 0.025681696342454026 0.06646840133662606
0 0.9890625 0.4953125 0.021865 0.065
0 0.8262294293841339 0.6346868193825432 0.06056496801399935 0.10381589066462685
5 0.68515625 0.6890625 0.1859365 0.421865
5 0.9328125 0.62634365 0.134365 0.5453125