5 0.0625 0.665 0.125 0.45
4 0.56696865 0.6946603466138615 0.15 0.23455690802036286
4 0.95234365 0.96696865 0.0953125 0.0640625
4 0.66484365 0.9546865 0.2603125 0.090625
4 0.696865 0.8832614120682692 0.053125 0.06936816534054521
4 0.65859365 0.86265625 0.1921865 0.2546865
5 0.38984365 0.561865 0.0421865 0.04365
5 0.50859365 0.665 0.2696865 0.45
0 0.63828125 0.6698635066234065 0.0359365 0.06063066066154533
0 0.65625 0.6355413420591691 0.046865 0.04429544000636341
0 0.690625 0.6116225813961689 0.0265625 0.04562158266026261
0 0.661865 0.632199260641542 0.1203125 0.08633646268299925
0 0.80625 0.6349430000695418 0.0859365 0.06131246334499946
0 0.8359365 0.6931009454169052 0.0515625 0.059964984006999664
0 0.9161865 0.6699838646612684 0.1265625 0.11553518801618106
0 0.9890625 0.8453125 0.021865 0.06865
3 0.98661865 0.91696865 0.0265625 0.0421865
3 0.86109365 0.9005412654216666 0.0634365 0.05396952266663584
3 0.809365 0.8459168626466326 0.03125 0.0253636266609086
3 0.68661865 0.8120594834102236 0.0390625 0.03326603333863605
3 0.63661865 0.6333526806366695 0.0603125 0.06331816000954511
5 0.6421865 0.6103666100562601 0.0484365 0.12868862133990894
5 0.66015625 0.6402642953930426 0.0365 0.06293635200509069
5 0.66109365 0.6865 0.2546865 0.425
5 0.8 0.6660566646453601 0.084365 0.1556692920114539
5 0.809365 0.8420106126466326 0.0921865 0.16201019866918126
5 0.68046865 0.8390625 0.3634365 0.321865
5 0.9421865 0.89921865 0.115625 0.2015625
5 0.93984365 0.8608625040966664 0.0640625 0.1335569346653633
5 0.91865 0.815625 0.1625 0.36865