5 0.5315464684316818 0.2653893226968822 0.049163819085449114 0.12684430113146822
4 0.5291163600205255 0.2605592083365016 0.026853391490546628 0.05015453610435348
0 0.5263220658639952 0.2206245486955812 0.011001132513556365 0.011001132513556365
5 0.25863062626604135 0.5038955969983689 0.029969301131468028 0.048610216822512695
0 0.6639661833504369 0.533818925453602 0.13506586629005096 0.11953166088084606
0 0.96421865 0.4603125 0.0515625 0.090625
4 0.946865 0.6 0.10625 0.26865
4 0.596865 0.69296865 0.234365 0.3421865
5 0.6125 0.6265625 0.265625 0.546865
5 0.90859365 0.6068125 0.1828125 0.584365
3 0.6402129513044186 0.6120848260193361 0.08156625292686635 0.05662269866214012
3 0.96890625 0.5546865 0.0421865 0.05625