6 0.1868339421310366 0.1081039123613949 0.03302156825883123 0.03612839654066192
2 0.16961633966990443 0.0660316556555366 0.01629658430895542 0.01884999394986581
5 0.1986026891059645 0.11666584006449202 0.06936814441641398 0.10664996569950324
3 0.28084249648395854 0.5806839300306882 0.011001132513556365 0.011001132513556365
0 0.265 0.5609365 0.021865 0.021865
4 0.26156203561336423 0.5986981368663104 0.03933521066238851 0.046102258966990365
4 0.3566186199223296 0.6169481066256895 0.036336465699503235 0.06895906825883114
5 0.3625 0.61640625 0.061865 0.1328125
5 0.28359365 0.6234365 0.0859365 0.146865
0 0.96484365 0.59921865 0.0603125 0.0984365
4 0.93828125 0.69296865 0.1234365 0.2921865
5 0.90603125 0.665 0.1859365 0.45
5 0.50859365 0.665 0.1568125 0.45