5 0.0484365 0.16484365 0.096865 0.3296865
2 0.6890625 0.06161865 0.14365 0.1234365
4 0.86696865 0.23203125 0.2640625 0.1953125
5 0.84921865 0.16484365 0.3015625 0.3296865
0 0.15546865 0.66484365 0.3109365 0.6603125
5 0.19453125 0.66484365 0.3890625 0.6603125
0 0.9421654862692656 0.6419629412396862 0.0944954346653633 0.06515338001262682
3 0.9692200445964123 0.6698168392345955 0.041243165340545215 0.05359661466218159
3 0.936614361260366 0.6066524852403224 0.051980660661545326 0.036536484006999664
4 0.96109365 0.815625 0.0568125 0.165
4 0.9634365 0.9203125 0.053125 0.159365
5 0.86696865 0.94365 0.2640625 0.1125
5 0.85068125 0.93125 0.2984365 0.1365
5 0.846865 0.6234365 0.30625 0.3
5 0.85234365 0.63661865 0.2953125 0.2546865