4 0.8106696060689054 0.20188312422393692 0.012654538669636162 0.02194662286263689
4 0.915311652645042 0.19636682016560356 0.006966132001908809 0.014106951695398144
4 0.9810631126466326 0.20860466508425953 0.028643165340545218 0.05328862646343316
4 0.6565628864124509 0.20365469643264488 0.014316038669636161 0.02195681323161641
2 0.8096156334102236 0.1860439194034666 0.004668406666626353 0.006839661066238922
2 0.9144305054105419 0.1886686153451433 0.0031966253341818113 0.0062681806181594
2 0.9652316454089509 0.1666053413410382 0.015824994668999892 0.016268403590696288
2 0.6566260960663146 0.19046699161218463 0.006340906666626353 0.006848861436318444
5 0.6568361814130863 0.20844664161218464 0.020866121339908662 0.04855566466803503
5 0.8106696060689054 0.20188312422393692 0.016096614662181594 0.04061590359069611
5 0.9153390246453601 0.19961156016560354 0.011264664003816964 0.028188632513556365
5 0.9686293626466326 0.208618410622869 0.04000692934436319 0.08146625896699054
