4 0.2125 0.21668000253408284 0.03125 0.05330680618159222
2 0.2161865 0.16983226361132158 0.0161865 0.021964993949865808
5 0.21696865 0.21661181869086152 0.0625 0.1222386143631848
4 0.6046865 0.3046865 0.590625 0.128125
1 0.61015625 0.09296865 0.4015625 0.1859365
5 0.6046865 0.184365 0.590625 0.36865
6 0.065 0.6113299480829649 0.025 0.05952044564526368
3 0.065 0.668516448082965 0.00625 0.014098861436318444
0 0.061865 0.6550616663648056 0.0203125 0.028243164668035033
0 0.48984365 0.48105611992232955 0.05625 0.06906625292686635
4 0.461865 0.636982830692914 0.08125 0.18484669866214013
5 0.461865 0.62265625 0.09365 0.5546865