6 0.64609365 0.06015625 0.1296865 0.1203125
6 0.5161865 0.06953125 0.134365 0.1390625
5 0.53828125 0.134365 0.1953125 0.26865
5 0.653125 0.134365 0.196865 0.26865
3 0.32981826844496015 0.5066008163369331 0.050654505853632344 0.11269089149054691
0 0.34453125 0.3696865 0.1296865 0.1365
6 0.33828125 0.6515625 0.1421865 0.496865
5 0.32109365 0.65234365 0.1665625 0.6953125
3 0.5251616650608184 0.3095910850945223 0.0800420240041051 0.06140110831306052
4 0.5398694584346965 0.46886518150362615 0.19061695140261464 0.2682864334486336
5 0.59453125 0.6046865 0.3603125 0.661865