4 0.84453125 0.1294985432346322 0.3046865 0.14552262002052546
3 0.68125 0.1826922356584523 0.05625 0.04251465292686616
2 0.6328125 0.16432403688992042 0.061865 0.06604315651666246
5 0.69140625 0.18661865 0.4161865 0.2640625
5 0.26161865 0.659365 0.5234365 0.68125
4 0.21328125 0.6984365 0.4265625 0.403125
2 0.2359365 0.36109365 0.234365 0.1046865
1 0.1953125 0.49865358509452234 0.2161865 0.3340660599120668
0 0.83515625 0.50603125 0.3296865 0.3665625
3 0.903125 0.69296865 0.19365 0.3359365
6 0.66953125 0.90546865 0.4609365 0.1890625
5 0.66953125 0.659365 0.4609365 0.68125