5 0.6689859696083281 0.1548648941228264 0.020521568258831143 0.03605566466803503
4 0.6696308682620095 0.16112943930236626 0.01259090359069611 0.015696622862636886
2 0.6806348381195845 0.140040234481906 0.009420451695398143 0.006866042154466666
0 0.21693536110066995 0.5882459303253658 0.09622043364502549 0.059938602262936236
0 0.4160132205349459 0.613623601108026 0.06369202400410509 0.06136464686664198
0 0.26848653083969624 0.6550066043294808 0.042451120413308896 0.04555693969514958
0 0.6140250968019862 0.4569520411625191 0.10053633118569649 0.09266928298109563
3 0.6246626149523599 0.5085681636860664 0.058066030054229286 0.04408634328594586
3 0.42693666636841556 0.6535265384420446 0.029832945645263666 0.025162616822512698
3 0.25956381401628346 0.6845851200205255 0.026606945645263864 0.025154536104353465
3 0.21151619945660606 0.6161158188890563 0.05331589654066192 0.03312156220860695
6 0.12502064236431054 0.6126095991396684 0.19614881303532483 0.14488629488495236
4 0.23433655504029302 0.6235021642652515 0.06224660462226431 0.06448065651666229
4 0.4241803050402931 0.6246066529034252 0.11328166088084608 0.13502950585363236
4 0.66696865 0.59453125 0.0640625 0.2634365
5 0.5890625 0.68515625 0.221865 0.5515625
5 0.16265625 0.6890625 0.3453125 0.3365
5 0.23919222668326595 0.6946231953524904 0.10866699365348406 0.1465022346664936
5 0.38621611534514333 0.6665805294650541 0.2319328186926656 0.3862636826846036
