4 0.1068125 0.90603125 0.215625 0.1859365
4 0.19800310353948253 0.88984365 0.10396131303532483 0.14365
4 0.38828125 0.90390625 0.2609365 0.1921865
4 0.3696686304604539 0.66265625 0.051962465699503235 0.06865
4 0.4921865 0.81696865 0.153125 0.3453125
4 0.14365 0.45546865 0.209365 0.0921865
0 0.5420041301658662 0.568125 0.03322156615858266 0.0603125
0 0.5205866624285398 0.63359365 0.046120439695149584 0.0421865
0 0.4869342536124332 0.60625 0.023601120413308983 0.0453125
0 0.4103046682822623 0.52109365 0.11922269866214012 0.08125
0 0.36908880494209616 0.62265625 0.08466588544042354 0.0661865
0 0.3366256568356911 0.6696865 0.048663843285945865 0.0568125
0 0.2555893863241863 0.66015625 0.12408291549465282 0.1109365
0 0.14585986232008125 0.62109365 0.08319429508134393 0.065625
0 0.05562522082953348 0.66109365 0.0962649656995032 0.06865
5 0.41328125 0.4484365 0.2640625 0.068125
5 0.14296865 0.46265625 0.2859365 0.1265625
5 0.0603125 0.4665625 0.140625 0.134365
3 0.16495466508425962 0.69609365 0.048664658966990366 0.0390625
3 0.2946059065968169 0.68515625 0.06363648184962643 0.0515625
3 0.35984509426690456 0.634365 0.031395445645263664 0.025
3 0.3850359918085665 0.6015625 0.03925339654066192 0.0328125
3 0.4393866694034668 0.625 0.06910452400410509 0.0609365
5 0.5363581181638136 0.60859365 0.044504499803608336 0.1296865
5 0.5166632416103806 0.63661865 0.0362920240041051 0.0609365
5 0.465 0.6359365 0.1865 0.528125
5 0.36264506006640665 0.665625 0.06902494554888229 0.1546865
5 0.35986236534514333 0.6296865 0.08686461662612102 0.159365
5 0.3696865 0.68828125 0.35625 0.4234365
5 0.18983205523668468 0.8161865 0.16866922246985346 0.261865
5 0.22693614549656852 0.65068125 0.060146680521666465 0.1328125
5 0.06349681421366522 0.668125 0.11312623466649364 0.1068125
5 0.15390625 0.65625 0.3068125 0.4865
5 0.8634365 0.69609365 0.253125 0.3828125