0 0.19849010136916346 0.4662310614114964 0.06990566861691066 0.03842624801081665
0 0.1428849959929692 0.45214813406063315 0.05164430618159222 0.031849984006999666
3 0.13655614655861332 0.466303249403224 0.03601931323161659 0.014480660661545326
3 0.16653625194490666 0.5002043634086329 0.026653403590696286 0.01593408266026261
6 0.12929064948556958 0.5324532520686241 0.09116042154466602 0.09480451634563563
6 0.2138338211285525 0.5623412940801682 0.1256090480082102 0.12332950668363551
5 0.1859365 0.59609365 0.1865 0.2859365
5 0.09453125 0.5609365 0.1890625 0.261865
0 0.2085140202916619 0.3193260906463145 0.009402261066238922 0.004696588001262539
6 0.20668631244614965 0.3286930000695418 0.01626931323161659 0.014262494668999893
5 0.21015368834384864 0.33262652206986 0.02363648689965162 0.034646620003181605
0 0.20319526121648562 0.3450446060689054 0.009402261066238922 0.004696588001262539
6 0.20638843890958265 0.3566998186459963 0.016268403590696288 0.015824994668999892
5 0.20406286962664195 0.3598965466456682 0.02363648689965162 0.034646620003181605
5 0.668125 0.36953125 0.3 0.6390625
6 0.6222446221852659 0.23096202062622442 0.11655215612486895 0.332595418682363
2 0.06890625 0.83828125 0.1568125 0.1568125
5 0.16161865 0.86568125 0.3234365 0.2484365
5 0.32634365 0.86953125 0.3046865 0.2609365
0 0.98046865 0.86890625 0.0390625 0.0453125
0 0.8336856953524905 0.8686614680536603 0.040860439695149585 0.0426602146621816
0 0.8088038600205255 0.8886930666160432 0.02522625896699054 0.039353401336626246
3 0.8063595446885605 0.9089863853834966 0.01101931323161641 0.014189669334818081
3 0.8401084121650031 0.8984316933869519 0.011036493949865809 0.01631466933481808
3 0.9823640898681003 0.9118049446405865 0.01630566466803521 0.020512494668999893
3 0.6666620446885605 0.9086419400461342 0.014144313231616586 0.014226132001908809
5 0.8015625 0.9359365 0.040625 0.128125
5 0.82109365 0.92421865 0.0665625 0.1515625
5 0.665625 0.92634365 0.084365 0.1453125
0 0.6861021682251264 0.8806169363806341 0.03665453005422936 0.04418635200509086
0 0.49296865 0.8015625 0.0265625 0.05625
6 0.50546865 0.92568125 0.0515625 0.1484365
5 0.51015625 0.8859365 0.0609365 0.228125
5 0.9568125 0.9265625 0.084365 0.146865
6 0.66015625 0.95 0.0515625 0.1
6 0.82421865 0.9453125 0.0609365 0.109365
6 0.96484365 0.9546865 0.0568125 0.090625
6 0.98984365 0.9453125 0.0203125 0.090625