5 0.20845583196126433 0.36493309094825466 0.03311248184962643 0.05165339654066192
1 0.6484365 0.4865 0.503125 0.303125
2 0.66634365 0.21953125 0.4453125 0.2828125
5 0.6296865 0.3453125 0.540625 0.5865
4 0.18828125 0.96865 0.2161865 0.0625
3 0.15335822405098634 0.9052662898166866 0.06699883623582168 0.06544542659490121
2 0.12146385031802861 0.6466546863564585 0.11626132513556322 0.11004668656189165
5 0.2296865 0.81953125 0.459365 0.3609365
3 0.8892956240509862 0.9255886898166866 0.06699883623582168 0.06544542659490121
2 0.8564013503180288 0.6669661863564586 0.1162613251355633 0.11004668656189165
5 0.85859365 0.82634365 0.2828125 0.3453125