0 0.9128151800306881 0.14456232459423058 0.06592498184962643 0.052326116008908664
3 0.63046865 0.015625 0.0515625 0.03125
3 0.8981659631100695 0.16990129626291232 0.02668966502611463 0.02218408266026261
4 0.889966643630043 0.2469600445964123 0.09601245664913066 0.12142156134626216
4 0.6365 0.09453125 0.115625 0.1890625
5 0.69921865 0.2046865 0.2390625 0.409365
5 0.91328125 0.2921865 0.1634365 0.353125
0 0.36683395625634615 0.6523035559356303 0.20368859621281223 0.1164260633609068
0 0.11640625 0.5125 0.2328125 0.0865
3 0.14629864345889646 0.616585863965638 0.14285109621281214 0.1156160013526354
3 0.392816296419035 0.6832616452656658 0.10034543364502539 0.06053860534690845
4 0.32265625 0.90390625 0.2390625 0.1921865
4 0.128125 0.84921865 0.25625 0.3015625
5 0.13125 0.634365 0.2625 0.53125
5 0.32109365 0.69296865 0.2953125 0.4140625
2 0.6596805686908615 0.691496061982819 0.006266261066238644 0.0046602253341818114
2 0.6666493186908614 0.6912869666460464 0.006295451695398144 0.006885225334181812
2 0.8605436320225681 0.6032222606222293 0.011063855386194254 0.023564669334818082
2 0.8693600958200285 0.6414035132866294 0.01630566466803521 0.020512494668999893
3 0.8666248689965158 0.6116341946212646 0.011055664668035208 0.02043966933481808
3 0.8646316831540461 0.6516143062883656 0.006856951695398322 0.006903406666626166
4 0.6590220386384363 0.6125989026495916 0.012662616822512696 0.029832950668363622
4 0.6662049934588965 0.6116166569805918 0.012654536104353465 0.026606950668363623
4 0.8611089481811609 0.6634165819541838 0.023664658966990184 0.0393352200031816
4 0.892646604895215 0.6153495432845466 0.042532933645025396 0.05986589600562696
5 0.8864833819243821 0.6666569269519566 0.0696499394986581 0.16266496866599949
5 0.8688696363105665 0.6914126039545021 0.03665563836628961 0.12385566066154506
5 0.6669635165611964 0.606602316313819 0.016423849336060062 0.040824994668999894
5 0.6605663569202661 0.6094556213160463 0.015869530054229284 0.043931813335454525