3 0.52109365 0.03390654459641228 0.01865 0.016405666002545258
2 0.5296865 0.00546865 0.025 0.0109365
4 0.50859365 0.0965529952656658 0.06865 0.11016496866599956
5 0.50546865 0.15068125 0.1109365 0.3015625
3 0.30234365 0.8510950445964123 0.01865 0.016405666002545434
2 0.31161865 0.8181634565961396 0.025 0.020603401336626244
4 0.28984365 0.9136404952656656 0.06865 0.11016496866599956
5 0.28046865 0.9 0.1234365 0.2
6 0.88661865 0.68203125 0.2265625 0.2984365
0 0.93661865 0.46453992659932125 0.096865 0.12612624266981654
5 0.8421865 0.69453125 0.315625 0.6109365