0 0.49140625 0.2140625 0.0161865 0.046865
2 0.16648455981386096 0.06601091013189963 0.029823855386194253 0.023610216822512696
6 0.15355328863843626 0.13624442818406648 0.06080336939029935 0.08468406615858266
6 0.46640625 0.3068125 0.0661865 0.146865
3 0.49453125 0.24453125 0.0109365 0.0265625
3 0.16509023145684393 0.10592625049096934 0.022002265026114644 0.02200226502611463
5 0.1550156946885605 0.12004683682499686 0.10224426693096126 0.11666836334016516
5 0.4515625 0.3661865 0.096865 0.365625
5 0.909365 0.0390625 0.046865 0.068125
3 0.9204366824901162 0.005315633690103556 0.004642042154466844 0.009402261066238922
4 0.9213134812604522 0.021616338610563606 0.012636355386194254 0.023510222862636886
3 0.5296865 0.6515625 0.059365 0.203125
1 0.65 0.68515625 0.5 0.2603125
5 0.61015625 0.65859365 0.2203125 0.4161865
4 0.65 0.8661865 0.5 0.265625
5 0.65 0.665 0.5 0.45