1 0.6109365 0.21328125 0.14365 0.2484365
4 0.8 0.36015625 0.321865 0.2568125
5 0.81953125 0.24453125 0.3609365 0.4890625
0 0.23984365 0.5203125 0.0828125 0.0625
0 0.0984365 0.54140625 0.0865 0.0984365
2 0.36953125 0.515625 0.0859365 0.053125
2 0.00603125 0.54453125 0.0140625 0.0828125
3 0.56328125 0.509365 0.0634365 0.040625
3 0.38828125 0.60625 0.0421865 0.06865
3 0.24365 0.58828125 0.0453125 0.0421865
3 0.0984365 0.6328125 0.046865 0.05
4 0.096865 0.6828125 0.13125 0.28125
4 0.26328125 0.63359365 0.1421865 0.265625
4 0.45390625 0.68661865 0.1421865 0.346865
4 0.58046865 0.65546865 0.1161865 0.4890625
5 0.55625 0.64453125 0.165625 0.5109365
5 0.4140625 0.64453125 0.2625 0.5109365
5 0.2603125 0.64453125 0.24365 0.5109365
5 0.10234365 0.64453125 0.2046865 0.5109365
5 0.0359365 0.65 0.061865 0.5
6 0.81640625 0.90546865 0.1828125 0.1890625
0 0.68661865 0.8661865 0.08125 0.1453125
3 0.62109365 0.9140625 0.0265625 0.059365
5 0.80625 0.8859365 0.3125 0.228125