6 0.6066524314055304 0.3883962993829523 0.011063855386194254 0.023501132513556364
0 0.6068524253554062 0.3612086993829523 0.006295451695396966 0.006848861436318444
5 0.6098546055068313 0.3922843686646931 0.01648648184962643 0.05166249394986581
0 0.2536046994566061 0.36616946053494586 0.006286361436318444 0.006286361436318444
0 0.24664163320092838 0.3826691261508041 0.006866042154466666 0.009420451695396966
6 0.2559666362259905 0.3912183349963264 0.009456813231616588 0.014116042154466843
6 0.24811322961013219 0.39829503669162456 0.012626265026114631 0.02194662286263689
5 0.24810868443059242 0.3990662866916246 0.014306939695149586 0.042269313231616586
5 0.25826402468966204 0.39645469945660695 0.019040891490546628 0.05010908430895533
5 0.8803303110904163 0.35610805666256164 0.034602252926866 0.05644998689965162
6 0.0068125 0.91865 0.015625 0.06865
5 0.68661865 0.96890625 0.0568125 0.0421865
4 0.6953125 0.99140625 0.025 0.0161865
6 0.6813484313063344 0.6426969639526915 0.016423849336060062 0.04062499394986581
0 0.6696524011549093 0.6216624016458886 0.009438632513556366 0.010992042154466666
5 0.6696041180656168 0.656869564311861 0.03164996964936905 0.0861193061815924
5 0.009365 0.93359365 0.01865 0.1203125
4 0.8696865 0.8609365 0.240625 0.268125
1 0.921865 0.66634365 0.15625 0.1953125
5 0.8696865 0.68984365 0.240625 0.4203125