6 0.3125 0.36640625 0.0125 0.0046865
5 0.3140625 0.36161865 0.01865 0.0140625
0 0.95859365 0.11696865 0.0828125 0.2359365
0 0.8333063619262966 0.16562425223949515 0.16140334308955413 0.1884908491396684
0 0.5254029583365016 0.1894584515008105 0.1466649515990063 0.13835449365348405
3 0.5261691422661146 0.3246236918598901 0.09422269866214013 0.08169542154466601
3 0.6953125 0.33046865 0.10625 0.0665625
5 0.5661865 0.24140625 0.265 0.2546865
5 0.66484365 0.21953125 0.3609365 0.2984365
5 0.92421865 0.184365 0.1515625 0.36865
1 0.34921865 0.5546865 0.1609365 0.346865
4 0.225 0.81328125 0.409365 0.3634365
5 0.21484365 0.684365 0.4296865 0.63125