6 0.0234365 0.1203125 0.046865 0.240625
5 0.08515625 0.3296865 0.1603125 0.659365
2 0.6239995396203949 0.216248660856406 0.042369306181592396 0.031495439695149664
2 0.6381291655516968 0.4649526064292966 0.06265453005422929 0.0441136143631848
3 0.6238313669664221 0.246154920856406 0.02198408430895533 0.01886626502611464
3 0.6425166936021604 0.5265423685065366 0.01886816466803503 0.020421584308955333
4 0.6906451154433393 0.5626616696380046 0.08503859621281214 0.11455336939029935
4 0.6469052536142362 0.30869126624360025 0.05842155405833438 0.10502384328594586
5 0.6403143651486516 0.3663486648062818 0.18696465006465466 0.3495192526304645
5 0.65390625 0.5515625 0.2161865 0.215625
5 0.45546865 0.8296865 0.1068125 0.340625
4 0.6296865 0.853125 0.240625 0.29365
5 0.66953125 0.8296865 0.3203125 0.340625
3 0.5453125 0.69296865 0.061865 0.0661865