5 0.559365 0.24432865669601268 0.0203125 0.036618164668035034
6 0.55859365 0.24980195286555256 0.0161865 0.02353649394986581
0 0.0203125 0.22615233156848091 0.0068125 0.009420451695398143
6 0.0234365 0.2451029008603216 0.0140625 0.02508181323161659
5 0.02421865 0.25134835568068184 0.0234365 0.061063855386194253
0 0.61865 0.1515625 0.01865 0.053125
6 0.6359365 0.26890625 0.053125 0.1696865
6 0.63359365 0.35068125 0.0484365 0.3068125
5 0.65546865 0.35 0.0921865 0.6
5 0.65859365 0.3484365 0.0984365 0.584365
2 0.6234365 0.61640625 0.028125 0.0328125
5 0.653125 0.85 0.0865 0.3