0 0.9568125 0.303125 0.0421865 0.0365
0 0.83046865 0.35625 0.046865 0.05
2 0.4421865 0.33984365 0.0328125 0.0265625
6 0.453125 0.40546865 0.06865 0.0921865
6 0.96265625 0.409365 0.0546865 0.140625
6 0.83828125 0.459365 0.1046865 0.15625
3 0.83515625 0.38828125 0.021865 0.028125
3 0.96865 0.334365 0.028125 0.0265625
3 0.45 0.36865 0.0234365 0.0234365
5 0.46015625 0.38661865 0.0828125 0.1265625
5 0.85859365 0.461865 0.1661865 0.29365
5 0.9515625 0.44609365 0.096865 0.3453125
6 0.134365 0.64296865 0.103125 0.0484365
5 0.0390625 0.625 0.068125 0.2125
5 0.08515625 0.6603125 0.1015625 0.103125
5 0.165 0.6453125 0.203125 0.253125
5 0.19140625 0.665 0.1109365 0.1125
