2 0.68828125 0.06328125 0.3665625 0.1265625
3 0.60859365 0.46328125 0.3328125 0.2109365
5 0.634365 0.284365 0.53125 0.56865
5 0.234365 0.6661865 0.46865 0.396865
2 0.6400495512810468 0.914224185688129 0.006304544000636269 0.004623861436318444
2 0.6143864699490933 0.9039169446633152 0.0031695440006362695 0.004605680618159045
2 0.6032580659468662 0.9202605622496569 0.0031695440006362695 0.004605680618159045
2 0.6966166006126844 0.9264686459929692 0.0031695440006362695 0.004605680618159045
2 0.6666114662835933 0.8950514839909266 0.006322625334181811 0.006286361436318444
4 0.6666302326145933 0.912234438811386 0.009593166002545434 0.018804542154466844
4 0.6150404606142651 0.914859989942855 0.004851132001908986 0.014089661066238921
4 0.6430462819462296 0.9251698664062882 0.006366269334818081 0.010963861436318445
4 0.6141228506126843 0.9265641946633153 0.006366269334818081 0.010963861436318445
5 0.6398586462688206 0.930630435688129 0.016069533338636053 0.03915340359069629
5 0.615858063281366 0.9116395351223948 0.009611356336090698 0.020366042154466842
5 0.6093616159452653 0.9320156636860663 0.020612489336999685 0.03449316466803521
5 0.6039846819462296 0.9249526064292966 0.006956950668363623 0.012545451695396965
5 0.6984251252685025 0.932633291162519 0.011155666002545434 0.018813632513556366
5 0.6680944439449561 0.9341666165044842 0.004960220003181604 0.023464661066238922
5 0.6680462819462298 0.9246435291604665 0.016969296342454026 0.0662864939498658