0 0.01484365 0.3421865 0.0109365 0.009365
6 0.00603125 0.36109365 0.0140625 0.0390625
5 0.0140625 0.39365 0.028125 0.1125
0 0.24365 0.2984365 0.0068125 0.0068125
4 0.23828125 0.31953125 0.0125 0.03125
5 0.23661865 0.3365 0.021865 0.0890625
5 0.25068125 0.33661865 0.0234365 0.0921865
5 0.1603125 0.44140625 0.0359365 0.115625
5 0.20068125 0.44609365 0.0390625 0.1068125
5 0.22109365 0.44453125 0.0296865 0.1109365
5 0.24140625 0.44296865 0.0359365 0.1140625
5 0.2328125 0.38046865 0.0125 0.0161865
5 0.25603125 0.3603125 0.01865 0.0365
0 0.25859365 0.36015625 0.0140625 0.015625
6 0.2546865 0.36634365 0.0125 0.015625
0 0.26421865 0.3568125 0.0109365 0.0109365
6 0.26265625 0.38828125 0.01865 0.046865
5 0.2634365 0.38359365 0.021865 0.0661865
0 0.2609365 0.3865 0.0140625 0.015625
6 0.2640625 0.4161865 0.01865 0.0390625
5 0.2625 0.43984365 0.03125 0.1203125
6 0.240625 0.421865 0.0296865 0.0453125
6 0.22265625 0.4234365 0.0234365 0.046865
6 0.203125 0.4296865 0.034365 0.046865
6 0.161865 0.4234365 0.0328125 0.0421865
0 0.16634365 0.39140625 0.0125 0.015625
0 0.2015625 0.3984365 0.0125 0.0140625
0 0.2296865 0.3890625 0.009365 0.0109365
0 0.246865 0.39296865 0.0125 0.0125
0 0.25546865 0.296865 0.0109365 0.009365
0 0.28661865 0.30546865 0.0125 0.0125
0 0.296865 0.2984365 0.0109365 0.0125
0 0.325 0.353125 0.0109365 0.0125
0 0.29296865 0.35625 0.0125 0.0140625
0 0.30625 0.3921865 0.0125 0.015625
0 0.31696865 0.4 0.0125 0.0140625
0 0.36484365 0.368125 0.0068125 0.015625
5 0.35603125 0.428125 0.0234365 0.11865
5 0.33125 0.3828125 0.0328125 0.0665625
5 0.2921865 0.440625 0.0365 0.11865
5 0.3125 0.4421865 0.0365 0.115625
5 0.29365 0.3828125 0.0234365 0.0661865
5 0.284365 0.325 0.0161865 0.05625
5 0.29609365 0.32109365 0.0161865 0.0609365
6 0.36161865 0.4109365 0.0140625 0.046865
6 0.32634365 0.36634365 0.01865 0.0296865
6 0.3125 0.428125 0.0265625 0.04365
6 0.2953125 0.42568125 0.0265625 0.0484365
6 0.29365 0.384365 0.0203125 0.04365
6 0.28359365 0.33046865 0.015625 0.0359365
6 0.2953125 0.32568125 0.015625 0.03125
6 0.2515625 0.321865 0.0203125 0.0328125
5 0.9984365 0.1296865 0.003125 0.009365
0 0.8161865 0.5234365 0.08125 0.046865
4 0.80546865 0.65859365 0.1828125 0.23125
5 0.803125 0.68515625 0.25625 0.3603125