0 0.18816553698811625 0.33515625 0.014126132513556366 0.0109365
3 0.18808362365639966 0.34921865 0.009429542154466666 0.009365
4 0.19112691052468316 0.36328125 0.020494306181592396 0.03125
5 0.1963541846269841 0.3661865 0.04421360831306061 0.0696865
5 0.8296865 0.1161865 0.340625 0.234365
4 0.15006560540963538 0.68203125 0.05336953005422928 0.04365
4 0.2056161682822623 0.66953125 0.04618406220860695 0.053125
2 0.19645580162064334 0.6328125 0.0219659035906962 0.015625
2 0.13668932884800638 0.6453125 0.026661584308955422 0.01865
5 0.14664559699836904 0.696865 0.06888859016268686 0.13125
5 0.20243663612669464 0.66890625 0.0662522346664936 0.1068125
