0 0.2562660961946606 0.40603391490546663 0.051853391490546626 0.05029998184962643
0 0.29620984114464655 0.38906821906200696 0.03664543969514958 0.04240566861691084
0 0.32668610012163693 0.35019652624360034 0.05186156220860695 0.05342498184962643
0 0.4425035690443982 0.3555531666359521 0.03460225896699054 0.03926248689965162
0 0.454463223560008 0.3142150953290493 0.03663634933606006 0.040843168616910666
3 0.3485808622218854 0.3846952460911651 0.01561590359069611 0.015615903590696286
3 0.2983626936039646 0.4219043546006264 0.02200226502611463 0.02200226502611463
3 0.26265625 0.4421865 0.0234365 0.015625
6 0.30625 0.43359365 0.061865 0.0328125
6 0.35234365 0.41953125 0.0921865 0.0609365
6 0.4546865 0.40234365 0.05 0.0953125
5 0.3603125 0.38359365 0.165625 0.1328125
5 0.3203125 0.40603125 0.13125 0.0859365
1 0.63984365 0.26890625 0.5203125 0.3421865
2 0.634365 0.08203125 0.509365 0.1640625
4 0.63984365 0.39665625 0.5203125 0.1046865
5 0.63984365 0.225 0.5203125 0.45
6 0.43885185909862645 0.5066636829566545 0.03683634328594586 0.05803066861691066
5 0.42858196961013216 0.5261458456236369 0.08050563231616552 0.1410886083130606
5 0.6666685911446465 0.6486385236113216 0.046402240826616884 0.09089661066238851
