3 0.5244692556555366 0.08828125 0.0460568061815924 0.03125
3 0.6698959061248689 0.2421865 0.0439318061815924 0.03125
4 0.46634365 0.15 0.0665625 0.165
4 0.8210661319243821 0.3109365 0.16339994554888201 0.1546865
0 0.8064101230455866 0.20603125 0.12229315651666236 0.061865
2 0.5554829064194665 0.04665625 0.08161361436318469 0.0625
5 0.54665625 0.21696865 0.2161865 0.4068125
5 0.641866865666062 0.39296865 0.4260826944921686 0.4546865
5 0.21953125 0.85 0.4390625 0.3
2 0.1540966684215191 0.8109365 0.24008961056599685 0.1665625
1 0.1828125 0.94665625 0.24365 0.1046865
