5 0.33515625 0.14453125 0.0296865 0.1453125
0 0.8203125 0.5484365 0.168125 0.103125
0 0.96865 0.40068125 0.0625 0.1634365
5 0.8046865 0.546865 0.29365 0.10625
5 0.34609365 0.925 0.0068125 0.01865
0 0.1666502622555892 0.9640625 0.004605680618159222 0.003125
6 0.16648152528065136 0.96265625 0.004642042154466844 0.009365
5 0.1666665493829523 0.9665625 0.006422616822512696 0.0296865
6 0.06126334153642996 0.9661865 0.006866132513556366 0.0109365
5 0.06043209456249215 0.96568125 0.01262625896699054 0.0390625
6 0.006305962048934688 0.98661865 0.0063226228626368865 0.0125
5 0.0046865 0.98828125 0.009365 0.0234365
