0 0.41640625 0.068125 0.0046865 0.009365
6 0.41484365 0.096865 0.0068125 0.025
5 0.4125 0.10390625 0.0125 0.0609365
4 0.6265625 0.18160836463581495 0.1865 0.23499426002545326
3 0.66890625 0.0401299394095864 0.0859365 0.06818646334499946
5 0.63828125 0.24453125 0.4390625 0.4890625
3 0.21484365 0.5416015326418602 0.0984365 0.09489542401336308
3 0.04296865 0.5161865 0.0859365 0.05625
4 0.0953125 0.6 0.190625 0.368125
4 0.2665625 0.62265625 0.284365 0.2890625
5 0.2640625 0.64453125 0.309365 0.5109365
5 0.1921865 0.64453125 0.384365 0.5109365
5 0.646865 0.96328125 0.04365 0.0634365
6 0.6484365 0.9865 0.03125 0.025
3 0.6546865 0.9662100600631684 0.0109365 0.014189669334818081
0 0.65546865 0.9445629006399511 0.0203125 0.025236356336090965