6 0.044910961556955445 0.6326191346530525 0.014206945645263953 0.02508181323161659
5 0.043353006636495293 0.631928694393963 0.01636930618159222 0.03134999394986581
0 0.03950584406151262 0.6216498184962638 0.0063045421544668435 0.009411361436318443
0 0.1468996666630032 0.9286315984523062 0.01258181323161641 0.014135222862636886
3 0.14661263896990606 0.9403548936318461 0.006866042154466843 0.009420451695396966
6 0.15302240164588862 0.9505429598886256 0.022020445645263666 0.02512626502611463
5 0.1530669438003663 0.9411669598886258 0.025226258966990363 0.039206945645263664
6 0.42023669360396445 0.8130303661116006 0.015652265026114632 0.02196590359069629
0 0.4162081423643105 0.6966059353935414 0.009420451695398322 0.006866042154466843
5 0.41461894662903664 0.8215922998549219 0.030051114363184438 0.0626626168225126
0 0.31506503326568315 0.35693438133520694 0.006295451695398144 0.006848861436318444
6 0.32126594594166563 0.36612699266152544 0.011036493949865809 0.016251132513556366
5 0.319616081480285 0.3646641524124458 0.014216036104353466 0.026644313231616586
