2 0.66890625 0.2614402233846604 0.03125 0.036863626660909055
2 0.91015625 0.3828810606494962 0.04365 0.044259066339262326
4 0.66865 0.341690694616625 0.05 0.0958943026634543
5 0.66865 0.315228294616625 0.1068125 0.1590660120146358
5 0.903125 0.361865 0.19365 0.115625
0 0.203125 0.6360658363646258 0.0234365 0.0366626200031816
0 0.20625 0.6165609500318166 0.025 0.039353401336626246
4 0.21161865 0.6662283346992256 0.0328125 0.06444430800445425
4 0.20234365 0.669244246696953 0.034365 0.0685249893369996
5 0.2109365 0.6918442440324531 0.0640625 0.1444954346653633
5 0.2015625 0.8323601560311804 0.0953125 0.262984061346262
3 0.20390625 0.6425436680314986 0.0109365 0.00950226933481808
5 0.46696865 0.63661865 0.0568125 0.4140625