0 0.61953125 0.2234365 0.0234365 0.0125
3 0.3603125 0.6260100111182898 0.0068125 0.010982951695398144
0 0.36109365 0.6064833062968296 0.01865 0.03292158430895533
5 0.36640625 0.6043310352205906 0.04365 0.22836953005422936
4 0.2265625 0.596266448082965 0.025 0.05695694564526368
0 0.2234365 0.5542805163648058 0.015625 0.020403403590696286
5 0.2265625 0.640236198082965 0.04365 0.19612953005422928
1 0.65068125 0.48359365 0.4984365 0.3296865
0 0.640625 0.28046865 0.45625 0.1015625
4 0.6046865 0.821865 0.590625 0.35625
5 0.6046865 0.61484365 0.590625 0.6603125