6 0.0890625 0.30603125 0.168125 0.1234365
1 0.02421865 0.196865 0.0484365 0.0865
0 0.03828125 0.103125 0.0665625 0.1125
5 0.1359365 0.2015625 0.261865 0.334365
5 0.82109365 0.28828125 0.1296865 0.1609365
4 0.8328546692691388 0.2664196586589616 0.03208634134309065 0.0620568061815924
2 0.26220690929345636 0.4156624031980126 0.03312158266026252 0.02665339654066192
2 0.08830414326068516 0.6560632588686946 0.020512494668999893 0.01630566466803503
2 0.028646329925230614 0.661352825233669 0.022111356336090665 0.020439665026114633
4 0.009365 0.6068125 0.01865 0.053125
4 0.09022962258913993 0.692024394416414 0.019149989336999684 0.03448408430895533
5 0.01640625 0.6265625 0.0328125 0.11865
5 0.03024619525682165 0.6668306655928488 0.025399989336999686 0.03452044564526368
5 0.09350016325650348 0.6695425651355633 0.033594296342454116 0.0663683965406621
6 0.2600461339513204 0.48055615016295066 0.06663519866918126 0.0926329265949012
3 0.26124555462286565 0.44462319535249045 0.023610220003181602 0.023563855386194255
5 0.26556661928609305 0.46256012909561166 0.11396268801618105 0.12621600585363252
4 0.928458060615866 0.40321646623333654 0.03356611600890849 0.06581589654066205
5 0.9234365 0.41865 0.061865 0.1
5 0.96890625 0.41161865 0.0421865 0.0859365