2 0.11212833603942984 0.16161615164588858 0.01885908430895533 0.018859084308955422
3 0.10914868268460369 0.1866343323640468 0.01629658430895533 0.01884999394986581
6 0.08432604468665634 0.21624852810932161 0.028496604622264316 0.06422612646343318
5 0.09225216426525152 0.2366343263139236 0.10886698165323558 0.1818662346664936
0 0.95234365 0.0984365 0.0953125 0.125
4 0.586088532686508 0.162055244539051 0.19696694535249043 0.2855112948849522
4 0.9140625 0.34921865 0.161865 0.2921865
3 0.6463169846682966 0.0498256205349459 0.05338862041330898 0.045621562208606995
3 0.9284486495090208 0.19965195590061466 0.05655906220860695 0.05345225292686616
5 0.834365 0.32109365 0.33125 0.6161865
5 0.58828125 0.31484365 0.4568125 0.6296865
2 0.1696865 0.83661865 0.359365 0.3265625
5 0.1696865 0.82109365 0.359365 0.3568125
