2 0.5182465685944696 0.26109365 0.01628649394986581 0.0161865
3 0.5199600595192834 0.296865 0.006866132513556366 0.0109365
4 0.5240116552645563 0.321865 0.04090680113146803 0.0484365
5 0.5123656281361943 0.334365 0.08668290339440445 0.1453125
5 0.39034021633153343 0.16421865 0.034838608313060605 0.0696865
6 0.9240344811622563 0.31696865 0.039280668616910665 0.0365
5 0.9248202663416961 0.31865 0.051962465699503235 0.06865
4 0.284365 0.8696865 0.56865 0.240625
5 0.284365 0.8696865 0.56865 0.240625
0 0.66484365 0.69609365 0.1984365 0.0634365
4 0.6109365 0.859365 0.084365 0.2
4 0.9625 0.93203125 0.065 0.1161865
5 0.63125 0.8696865 0.125 0.240625
5 0.66568125 0.8696865 0.2421865 0.240625
5 0.9568125 0.85625 0.084365 0.19365
5 0.953125 0.8696865 0.09365 0.240625