2 0.64921865 0.465625 0.0161865 0.00625
4 0.2161865 0.8392933839115495 0.0296865 0.05346044533636352
2 0.22890625 0.6891560239099586 0.0140625 0.015688632001908986
5 0.2161865 0.8228861339115494 0.04365 0.08956156633926232
0 0.8203125 0.6685013345699131 0.08125 0.05865692934436319
0 0.5634365 0.6430926352800934 0.0953125 0.06516156134626218
0 0.93515625 0.6841962565643229 0.0359365 0.025418160661545326
0 0.8603125 0.6841695319064589 0.0453125 0.026089658662816866
0 0.890625 0.660651924560368 0.028125 0.019066264003816964
1 0.9359365 0.6013646658965502 0.0161865 0.014262494668999893
3 0.86953125 0.6052623625632315 0.0140625 0.014226132001908986
3 0.696865 0.6162640545830948 0.0390625 0.026016033338636053
3 0.565625 0.6822461419468205 0.040625 0.025462614662181596
6 0.5390625 0.6622426246180932 0.146865 0.1698340453532616
6 0.8125 0.8145296412466402 0.161865 0.19631244668999892
6 0.9203125 0.6242126292330046 0.0515625 0.06466248400699966
4 0.88984365 0.6136296652361406 0.025 0.036228401336626244
4 0.86696865 0.641228053906666 0.06865 0.06569996866599956
5 0.92421865 0.656661025899141 0.1015625 0.1839942866804538
5 0.868125 0.6504848652386316 0.068125 0.18215906666626239
5 0.86109365 0.6122854412396861 0.0609365 0.0803965620082624
5 0.80625 0.82109365 0.25 0.3568125
5 0.52890625 0.8 0.1984365 0.4