6 0.09140625 0.08366906664956211 0.0125 0.023510222862636886
0 0.09296865 0.0662636262904825 0.00625 0.006286361436318444
5 0.0890625 0.08659895218818156 0.0203125 0.04855566466803503
0 0.428125 0.09343884426690456 0.0068125 0.006295451695396966
0 0.43359365 0.09886566801112588 0.00625 0.009411361436318443
6 0.425 0.10595602498606368 0.009365 0.014116042154466843
6 0.43046865 0.1129564586292851 0.0125 0.02194662286263689
5 0.43125 0.11363316354964525 0.0161865 0.04062499394986581
5 0.42109365 0.11144850088366266 0.0203125 0.04699316466803503
6 0.665 0.103125 0.45 0.20625
5 0.665 0.10859365 0.45 0.2161865
5 0.265 0.63984365 0.55 0.6203125
4 0.20859365 0.84921865 0.4161865 0.3015625
1 0.26015625 0.6642393923643105 0.221865 0.25910333098930566
2 0.325 0.36640625 0.234365 0.1634365
2 0.8546865 0.36568125 0.225 0.1921865
2 0.66865 0.4046865 0.2365 0.25
3 0.68661865 0.49666889822804304 0.1140625 0.12253859621281205
3 0.58661865 0.65234365 0.0634365 0.1953125
4 0.646865 0.32634365 0.1 0.0953125
4 0.946865 0.36536838642238223 0.096865 0.15525110226293623
4 0.6296865 0.629131946334449 0.3515625 0.512982830692914
5 0.93828125 0.66421865 0.1234365 0.6515625
5 0.66640625 0.63984365 0.2328125 0.6203125
5 0.64665625 0.346865 0.1234365 0.134365
5 0.915625 0.4640625 0.16865 0.36865
5 0.65603125 0.63984365 0.4140625 0.6203125