1 0.6406390166488599 0.39921865 0.128689616024816 0.1828125
3 0.5669442146119524 0.12634365 0.08226815466854501 0.0865
4 0.6203125 0.3265625 0.321865 0.40625
5 0.58359365 0.26484365 0.5265625 0.5296865
2 0.24308331142581396 0.6203125 0.06962260401018138 0.065
2 0.353125 0.5665625 0.0865 0.059365
2 0.49665625 0.55625 0.1265625 0.053125
2 0.64921865 0.5661865 0.1421865 0.065
2 0.69365 0.56484365 0.1125 0.0603125
4 0.5135196966059063 0.6546865 0.23494081060962522 0.3161865
4 0.36953125 0.65 0.1203125 0.061865
4 0.32421865 0.85859365 0.0296865 0.2696865
4 0.6952152393666606 0.69296865 0.36968852538190693 0.3568125
4 0.8424345900302258 0.68828125 0.15832266202418064 0.168125
5 0.8515625 0.66484365 0.296865 0.4603125
5 0.628125 0.66484365 0.534365 0.4603125
5 0.52421865 0.66484365 0.4296865 0.4603125
5 0.409365 0.66696865 0.2 0.4640625
5 0.38046865 0.696865 0.1421865 0.40625