2 0.22260680961646932 0.05859365 0.03292158430895533 0.01865
5 0.24022256254434549 0.11484365 0.124246541958086 0.1390625
6 0.6440469993126289 0.02421865 0.011063855386194254 0.0234365
0 0.644632800542293 0.0068125 0.006286361436318444 0.00625
5 0.6416259652103269 0.028125 0.020585210662388506 0.046865
0 0.9645693818261863 0.03515625 0.006848861436318444 0.00625
0 0.9800844932625046 0.04140625 0.0063045421544668435 0.009365
6 0.9623083546988232 0.04665625 0.00689431323161641 0.0140625
6 0.9685992613146816 0.0546865 0.012618164668034854 0.0203125
5 0.9693896016636611 0.05625 0.01585225896699054 0.0390625
5 0.9692196161351416 0.05390625 0.020585210662388506 0.046865
3 0.34392882464459384 0.61015625 0.009438632513556366 0.0109365
2 0.3508636162333365 0.5953125 0.014161584308955331 0.01865
4 0.34405154449216864 0.63125 0.020521568258831143 0.0359365
5 0.3385464330558502 0.625 0.044249969649369045 0.0859365
6 0.6156266044042356 0.6984365 0.023601126463433164 0.028125
2 0.6216230682998821 0.661865 0.011001132513556365 0.0109365
2 0.6689665529681698 0.84453125 0.014135222862636886 0.0125
2 0.8554309686692244 0.82568125 0.01416249394986581 0.0161865
3 0.8508206366214012 0.8390625 0.009411361436318443 0.00625
3 0.664385501648516 0.8609365 0.009429542154466666 0.009365
5 0.6242531606610142 0.60390625 0.048863836235821685 0.065
5 0.659800826982285 0.90546865 0.06959540339440444 0.1453125
6 0.8424133390825335 0.86109365 0.03629202400410526 0.0609365
6 0.6589150368528694 0.8865 0.04102496569950306 0.06865
6 0.6366622005188519 0.86634365 0.03941602400410509 0.0609365
0 0.6359624415418614 0.83828125 0.014144313231616586 0.0140625
5 0.6362669685610286 0.890625 0.056966228626369414 0.125
5 0.8425451492891868 0.89365 0.0634090359069618 0.15625