6 0.31953125 0.39135422855668694 0.0234365 0.029960220003181604
2 0.321865 0.3624206065563686 0.0125 0.011082950668363623
2 0.203125 0.5153649869058225 0.0140625 0.01266363200190881
2 0.13359365 0.4600803062485946 0.0140625 0.016351132001908808
3 0.13359365 0.48492405624859466 0.009365 0.00692158800126254
3 0.2015625 0.5333519192393681 0.009365 0.00948408800126254
5 0.30859365 0.392262646891505 0.0484365 0.06868862133990866
5 0.2 0.56696865 0.061865 0.1234365
6 0.13046865 0.5193354199156858 0.0359365 0.06448066066154498
6 0.20859365 0.5653013532384135 0.0421865 0.06392839600562613
6 0.33203125 0.59665625 0.0390625 0.0640625
0 0.3484365 0.5596668638860961 0.0140625 0.01568863200190881
5 0.32890625 0.5865 0.0568125 0.084365
5 0.12265625 0.542082566583413 0.0609365 0.16633406200826222
5 0.61953125 0.31484365 0.5609365 0.6296865
4 0.66634365 0.5015625 0.4640625 0.25625
2 0.628125 0.08828125 0.240625 0.1665625
1 0.60234365 0.36546662626668486 0.2 0.21482621069381688
5 0.35625 0.6261024932368226 0.0546865 0.09438634666409058
1 0.5421865 0.8421865 0.20625 0.315625
4 0.61953125 0.9568125 0.5609365 0.084365
5 0.61953125 0.81484365 0.5609365 0.3603125