6 0.9855595233926245 0.28100209864869896 0.01649658266026243 0.02666249394986581
5 0.9861038420591691 0.26944868900666864 0.022256808004454242 0.03293966502611463
0 0.9885481633911336 0.2693015293668582 0.00692158800126254 0.009420451695396966
6 0.5161865 0.1328125 0.015625 0.028125
0 0.51328125 0.1125 0.0068125 0.0125
5 0.51865 0.12890625 0.01865 0.0515625
0 0.51696865 0.684365 0.0161865 0.0365
0 0.6445699863885883 0.6836811441228264 0.04901930266345413 0.050281801131468205
2 0.9865 0.61953125 0.025 0.0265625
6 0.9859365 0.68359365 0.028125 0.0921865
6 0.53661865 0.89365 0.0546865 0.140625
6 0.666665652068624 0.8831862464839586 0.10806813335454456 0.1568681444164139
3 0.65266520462626 0.8158568459182244 0.022202264003816963 0.028252265026114633
3 0.515625 0.81696865 0.0125 0.0265625
3 0.99140625 0.65068125 0.0161865 0.0234365
5 0.965 0.66484365 0.05 0.1296865
5 0.684365 0.865 0.168125 0.25
5 0.561865 0.868125 0.125 0.24365