1 0.0359365 0.0640625 0.061865 0.084365
6 0.06161865 0.234365 0.1234365 0.261865
5 0.10546865 0.2046865 0.2109365 0.409365
5 0.84665625 0.2046865 0.3046865 0.409365
5 0.66634365 0.2046865 0.3546865 0.409365
6 0.31328125 0.56015625 0.1359365 0.3015625
5 0.3161865 0.6046865 0.165 0.590625
5 0.4634365 0.6046865 0.053125 0.590625
2 0.6548933012810469 0.4962623613952666 0.011101132001908986 0.014126132513556366
4 0.655210926265639 0.5361115662156266 0.016668396005626136 0.04228649394986581
5 0.6451092212662653 0.5324831635496452 0.043223836012090365 0.08930693969514966
3 0.6500239869455934 0.5129246424625065 0.00950226933481808 0.010992042154466666