6 0.3824055163648056 0.4215043688011242 0.03313066256668665 0.05486839654066192
5 0.39365 0.42109365 0.06865 0.0953125
1 0.8155902012062228 0.3224260084860111 0.09946461056599665 0.16613519262201594
2 0.9068125 0.1484365 0.184365 0.1625
5 0.6609365 0.2515625 0.468125 0.434365
3 0.016008296222643264 0.8409931595426246 0.011028403590696166 0.015688632513556364
0 0.01640625 0.8109365 0.0328125 0.04365
5 0.021865 0.8568125 0.04365 0.1365
5 0.49609365 0.60390625 0.0265625 0.2161865
5 0.39336564326250463 0.6636562312604523 0.12166696350286302 0.23351245664913066
4 0.38662882666965606 0.6265316650036635 0.042560204622264315 0.06430693969514959
3 0.39838452048806366 0.5963452965162309 0.006856951695398143 0.006856951695398143
0 0.39825625546094903 0.5644602965162309 0.025163626463433165 0.028260445645263952
