0 0.28046865 0.4603125 0.0634365 0.040625
0 0.340625 0.4868151300922685 0.021865 0.02681603866963616
0 0.3640625 0.4692653500954502 0.0125 0.011082950668363623
6 0.35859365 0.5018669654280411 0.0161865 0.02988649466899989
0 0.38046865 0.48024650409666636 0.028125 0.02845226400381696
0 0.42421865 0.46646533143694986 0.0328125 0.03163180800445424
0 0.48359365 0.4916036221116666 0.0265625 0.02686158266026261
0 0.5265625 0.5053849586841664 0.0234365 0.025262620003181603
6 0.51015625 0.58661865 0.0568125 0.1015625
6 0.4634365 0.5666416934436313 0.0453125 0.10990225866281686
6 0.415625 0.5603440841024498 0.0603125 0.11956816000954511
6 0.36421865 0.5528310286634955 0.0568125 0.1022352093411815
6 0.33828125 0.5500691080919504 0.0453125 0.08646465866281686
6 0.2390625 0.49140625 0.04365 0.0828125
6 0.16696865 0.5043363426354968 0.046865 0.06610694000636341
6 0.1546865 0.4948068014003606 0.015625 0.05643181333545435
6 0.0828125 0.48662146005626013 0.0203125 0.0252363563360908
6 0.05546865 0.49140625 0.0603125 0.0828125
6 0.00546865 0.48125 0.0109365 0.0625
6 0.1046865 0.5426634986269063 0.103125 0.16151246801399936
6 0.203125 0.5226151626402694 0.0696865 0.11186464801081665
6 0.30546865 0.515625 0.0640625 0.13125
6 0.24609365 0.6450901594126691 0.121865 0.2566681440165448
3 0.1015625 0.4636208860598155 0.0109365 0.02043966933481808
3 0.1609365 0.45816166663454234 0.0068125 0.011028406666626165
3 0.1634365 0.46065096640290584 0.0109365 0.011064669334818082
3 0.203125 0.4662464226402694 0.01865 0.016405666002545434
0 0.19365 0.45932483463899666 0.0068125 0.016268406666626165
3 0.25 0.5006043626466326 0.009365 0.028234088001262616
3 0.33661865 0.5068634266584048 0.009365 0.011046588001262539
3 0.3665625 0.5065458006638136 0.015625 0.01424431333545435
3 0.41953125 0.49610828643631346 0.0203125 0.015861356336090696
1 0.48359365 0.5150412221116666 0.0109365 0.02200226933481808
3 0.5234365 0.5311298461160855 0.0161865 0.015824994668999892
5 0.52568125 0.64365 0.0265625 0.309365
5 0.49921865 0.6234365 0.0696865 0.261865
5 0.46890625 0.6196641681110404 0.1068125 0.28865451201463564
5 0.40390625 0.6046865 0.1046865 0.309365
5 0.3625 0.49488216866190466 0.0234365 0.044022620003181606
5 0.365625 0.5916935314289956 0.0859365 0.25568646334499946
5 0.33203125 0.5696838826566686 0.0640625 0.2169329346653633
5 0.28515625 0.64296865 0.1296865 0.3859365
5 0.23984365 0.5046865 0.0568125 0.109365
5 0.19365 0.6 0.121865 0.3
5 0.1640625 0.540625 0.065625 0.18125
5 0.15625 0.53046865 0.05 0.1609365
5 0.09453125 0.640625 0.1453125 0.38125
5 0.04665625 0.5546865 0.0953125 0.209365
5 0.01161865 0.51161865 0.0234365 0.1234365
5 0.23515625 0.625 0.1696865 0.55
