6 0.26095355860123026 0.64140625 0.014353401336626245 0.025
5 0.26252514926800303 0.640625 0.016551126660908866 0.03125
0 0.2663216362692656 0.63125 0.006359088001262539 0.009365
0 0.1493496365660496 0.91953125 0.012663632001908986 0.0140625
3 0.14686861624223145 0.93046865 0.006903406666626166 0.0068125
6 0.14130986990663148 0.9390625 0.022165901336626068 0.025
5 0.14140986624223142 0.93046865 0.025454533338636055 0.0390625
0 0.3846256062624564 0.6068125 0.006340906666626165 0.0068125
0 0.3644966292626655 0.60546865 0.006322625334181811 0.00625
0 0.3924563886060028 0.60625 0.006885225334181812 0.00625
0 0.4068813939360029 0.6234365 0.006903406666626166 0.0068125
6 0.40619162460218483 0.634365 0.014206950668363622 0.0125
6 0.3922654846036656 0.62265625 0.012636356336090698 0.0203125
6 0.38363536926118463 0.6161865 0.004696588001262539 0.009365
6 0.36360639126150286 0.61484365 0.00950226933481808 0.0109365
5 0.36442400393859366 0.61161865 0.012618166002545434 0.01865
5 0.384561163261821 0.6125 0.008030666002545433 0.01865
5 0.39309218693663916 0.61865 0.014426126660909056 0.03125
5 0.40623606693604835 0.63046865 0.014353401336626245 0.025
