6 0.25359106996921166 0.4152310314289956 0.006894313231616586 0.014153406666626353
0 0.25444504284184866 0.40264012209566836 0.006286361436318444 0.006322625334181811
5 0.2543859555068313 0.41289636209566835 0.011128396540661919 0.032939669334818084
6 0.9320615036142362 0.30899602339262456 0.022193162566686463 0.054942038669636165
5 0.9216669885861226 0.33065384462466916 0.0431510680624393 0.16611589600562696
5 0.0696865 0.65068125 0.0625 0.1015625
6 0.09949694662623253 0.630415848026626 0.023646562208606996 0.0533966200031816
4 0.92265625 0.66568125 0.0696865 0.1515625
4 0.8204916026663566 0.8866225840626689 0.09818401160646505 0.22612624266981654
3 0.9390625 0.61696865 0.025 0.0359365
3 0.8516649495559029 0.648695860066815 0.014280668616911019 0.03666363200190916
2 0.8286636866916246 0.6634231500636334 0.06616042154466601 0.09451361600890866
5 0.9234365 0.6665625 0.084365 0.353125
5 0.83515625 0.81161865 0.1328125 0.3665625
