2 0.4159314668044614 0.1923042546635669 0.011001132513556365 0.011001132513556365
5 0.4166162690341353 0.20861504995311685 0.025262610662388508 0.046020445645263664
4 0.1515625 0.34453125 0.040625 0.0296865
4 0.0046865 0.35859365 0.009365 0.0568125
5 0.14365 0.346865 0.0625 0.034365
5 0.965 0.465 0.05 0.290625
5 0.846865 0.66484365 0.30625 0.6603125
5 0.6046865 0.66484365 0.23125 0.6603125
2 0.65390625 0.4203125 0.1296865 0.18125
2 0.86421865 0.39365 0.1609365 0.128125
4 0.98046865 0.40068125 0.0390625 0.1203125
4 0.8984365 0.86328125 0.203125 0.2634365
4 0.69296865 0.89609365 0.2068125 0.2068125
1 0.6651615429400446 0.6023906644369394 0.16023162852996665 0.2556692586805986
1 0.93125 0.61696865 0.1365 0.2140625