5 0.38828125 0.61696865 0.0140625 0.0234365
0 0.3166623992282321 0.6844253694159508 0.004623862666090906 0.0031695440006362695
5 0.31645365189363215 0.6930282200826234 0.011163856336090698 0.02043966933481808
6 0.4163002318985046 0.6590163940960865 0.006359088001262539 0.009446625334181811
5 0.416254668564641 0.6629236440960865 0.011192038669636162 0.02200226933481808
4 0.8151228239566838 0.06684588605981542 0.2418066866804538 0.10436242536599849
4 0.6666030245862663 0.3469055560550429 0.22406494135899862 0.19164424936345323
0 0.6899126439360029 0.2189169160566336 0.12569089066462694 0.060829506683635515
2 0.96890625 0.03828125 0.0421865 0.0568125
3 0.9502699832909111 0.06919982141149639 0.03944430800445424 0.03326603333863605
5 0.8359365 0.12421865 0.328125 0.2421865
5 0.8129566032384135 0.4543631580601336 0.3266566854063603 0.5490396633668161
2 0.66953125 0.8568125 0.4609365 0.1865
5 0.66953125 0.86265625 0.4609365 0.2546865