6 0.28614301433964365 0.6656064436039646 0.03160452400410509 0.0611193061815924
3 0.28306404651623085 0.6460416695016636 0.0063136325135563655 0.010963861436318445
0 0.28661963631056644 0.6233581484244346 0.022029536104353653 0.02668966502611463
5 0.2661619841863184 0.6969229134515494 0.06452834308955403 0.1869262468666419
1 0.8418158360394299 0.609100205604223 0.09286926693096126 0.11662383118569649
1 0.5225118460164204 0.6500216841360048 0.10854881908544911 0.1261896346664936
2 0.541456666855685 0.6491268046465096 0.10508646569950324 0.06935905405833438
2 0.8199948583130606 0.5842229255516968 0.1363638362358216 0.06569086123992666
4 0.68203125 0.90603125 0.2921865 0.1859365
4 0.4921865 0.90859365 0.246865 0.1828125
5 0.6603125 0.66484365 0.459365 0.4603125
5 0.50625 0.69296865 0.265 0.4140625