0 0.20068125 0.31666324161038056 0.0046865 0.006266261066238922
6 0.1953125 0.3346638069661592 0.0109365 0.021938632513556366
5 0.19365 0.3424853983262389 0.021865 0.061064665026114634
5 0.5609365 0.03661865 0.05 0.0634365
3 0.4546865 0.60068125 0.06865 0.0640625
6 0.31865 0.81161865 0.340625 0.3665625
5 0.29453125 0.684365 0.3890625 0.43125
3 0.65068125 0.652692166182024 0.1859365 0.3135816526304645
6 0.59365 0.684365 0.209365 0.43125
0 0.8328125 0.661865 0.334365 0.40625
5 0.64453125 0.684365 0.5109365 0.43125