2 0.21084663816089805 0.14133508966990444 0.028269536104353465 0.026626126463433086
3 0.21414535499341084 0.16104066048806365 0.015643164668035032 0.02040340359069611
4 0.18328624043383436 0.2380464633064613 0.060065866290050964 0.11909543364502548
5 0.19035839604969265 0.24511861992232956 0.09982832493918145 0.23963519262201594
1 0.66634365 0.41161865 0.4161865 0.4546865
2 0.60859365 0.15546865 0.2696865 0.2546865
5 0.634365 0.32568125 0.53125 0.6265625
4 0.1234365 0.81953125 0.246865 0.3609365
5 0.15 0.81953125 0.3 0.3609365
0 0.5964896015008105 0.8106208940246305 0.1461033612399268 0.13668290339440444
0 0.8650946666363836 0.921654890606685 0.11466245664913066 0.12096609621281222
3 0.5606406886384364 0.9504101069202661 0.0848386083130606 0.08016836939029952
5 0.63661865 0.8609365 0.3359365 0.268125
5 0.825 0.9234365 0.35 0.153125