1 0.29921865 0.265 0.4609365 0.261865
2 0.28661865 0.05 0.4859365 0.1
4 0.26484365 0.50546865 0.5296865 0.1890625
5 0.26484365 0.3 0.5296865 0.6
0 0.8665625 0.06661920661545228 0.021865 0.03665453866963616
0 0.94365 0.2221510040569064 0.0203125 0.033048856336090695
0 0.8609365 0.19384364336999685 0.021865 0.03665453866963616
3 0.66890625 0.0061603633688620145 0.0140625 0.011101132001908986
0 0.99365 0.41015625 0.0125 0.0296865
6 0.940625 0.2353958913908155 0.0328125 0.053506808004454245
6 0.8661865 0.20866011861416965 0.0515625 0.06559998400699966
6 0.8665625 0.10105660661545228 0.0421865 0.06080339600562696
6 0.68515625 0.04140625 0.0661865 0.0828125
5 0.69453125 0.08203125 0.0859365 0.1640625
5 0.8828125 0.1339419320496341 0.0625 0.15228965334181666
5 0.88203125 0.2300265913828614 0.08125 0.11813292934436319
5 0.94609365 0.2549906660582246 0.0546865 0.09594884666409058
5 0.990625 0.42634365 0.01865 0.0696865
2 0.80546865 0.86328125 0.3890625 0.1568125
5 0.66484365 0.88515625 0.4603125 0.2296865