4 0.15625 0.43359365 0.30625 0.2603125
5 0.1546865 0.284365 0.309365 0.56865
2 0.9499561526088366 0.528125 0.011001132513556365 0.0109365
5 0.9484946465586134 0.5453125 0.02214661066238851 0.046865
4 0.11953125 0.65546865 0.1390625 0.1634365
4 0.26953125 0.61640625 0.0696865 0.2953125
5 0.21640625 0.684365 0.1859365 0.43125
5 0.11484365 0.684365 0.2296865 0.43125
5 0.6109365 0.684365 0.603125 0.43125
0 0.36640625 0.68046865 0.1140625 0.2234365
4 0.5546865 0.90859365 0.421865 0.1828125
1 0.4634345164630016 0.69296865 0.21261921036960516 0.30625