5 0.184365 0.26484365 0.36865 0.5296865
4 0.64665625 0.26484365 0.2609365 0.5296865
4 0.65068125 0.0234365 0.0296865 0.046865
4 0.8515625 0.14921865 0.15 0.2984365
4 0.88661865 0.03046865 0.0546865 0.0609365
4 0.9515625 0.11015625 0.096865 0.2203125
4 0.990625 0.26484365 0.01865 0.5296865
5 0.68125 0.03046865 0.096865 0.0609365
5 0.9328125 0.26484365 0.134365 0.5296865
5 0.96161865 0.26484365 0.0665625 0.5296865
5 0.82890625 0.26484365 0.2203125 0.5296865
0 0.63046865 0.26484365 0.3953125 0.5296865
6 0.5461692120464524 0.5855033363646258 0.022602253341816656 0.06265453866963616
0 0.53984365 0.53828125 0.0140625 0.0161865
5 0.54665625 0.609365 0.0328125 0.159365