4 0.52109365 0.16328125 0.1161865 0.2015625
4 0.30860556636904336 0.1634562433606006 0.16403966336681614 0.3213033491396683
4 0.0696865 0.18984365 0.159365 0.3296865
6 0.51696865 0.5265625 0.1234365 0.425
1 0.4585168600811326 0.4352492361141846 0.019266258662816866 0.045421584308955334
0 0.43916686606413296 0.38356665280522926 0.04923646866599956 0.0690318011314682
0 0.2865498320634966 0.36800838696450636 0.08236624266981654 0.09634669866214013
6 0.35390625 0.60625 0.2140625 0.265625
5 0.4485611520925866 0.5195606046006264 0.08058056461354338 0.3456569265949012
5 0.35 0.53125 0.2365 0.415625
5 0.521865 0.52109365 0.115625 0.4359365
5 0.5161865 0.1390625 0.125 0.268125
5 0.10859365 0.16890625 0.2161865 0.3568125
5 0.30546865 0.16865 0.2603125 0.3365
1 0.21805220802831685 0.044814092893162405 0.06123964801081664 0.08009656615858266
1 0.0234365 0.021865 0.046865 0.04365
1 0.5080666613636614 0.062125354502431486 0.04111589600562614 0.04242384933606006
2 0.4865 0.0109365 0.04365 0.021865
4 0.6109365 0.61640625 0.2625 0.2453125
3 0.6304196694239048 0.4146680506404888 0.13668290802036266 0.1506908612399266
2 0.69921865 0.09609365 0.1859365 0.1921865
5 0.68984365 0.36953125 0.4203125 0.6390625
5 0.21696865 0.86953125 0.4359365 0.2609365
