1 0.1046865 0.44665625 0.209365 0.2234365
2 0.15390625 0.14665625 0.3068125 0.2953125
4 0.25 0.49296865 0.5 0.1328125
5 0.25 0.2696865 0.5 0.559365
6 0.8921865 0.09921865 0.16865 0.1984365
5 0.8515625 0.2696865 0.296865 0.559365
0 0.09800333636462566 0.566636198082965 0.015843166002545433 0.01884090359069611
6 0.10069253260208929 0.6064363336215844 0.023892033338636053 0.039198855386194255
6 0.35 0.568125 0.028125 0.0365
5 0.35234365 0.61161865 0.0484365 0.1046865
5 0.10166468403881636 0.6324418688011241 0.05306155068426169 0.12998648184962644
0 0.5469611946405865 0.9869651609556019 0.014206950668363622 0.01258181323161641
3 0.5484365 0.9984365 0.009365 0.003125
5 0.55603125 0.9890625 0.0484365 0.021865