3 0.434365 0.246865 0.03125 0.025
3 0.3859365 0.20968155644644925 0.0234365 0.020585220003181603
3 0.31696865 0.22461566943822248 0.028125 0.023664664003816964
3 0.26890625 0.22025488609958632 0.0234365 0.020585220003181603
3 0.2234365 0.25006819865862306 0.0234365 0.022146620003181604
3 0.20234365 0.20530150065585954 0.01865 0.020530666002545344
3 0.16953125 0.2291384426514052 0.021865 0.020566038669636252
3 0.11328125 0.16660266464366922 0.025 0.020603401336626066
3 0.12265625 0.24568050264504185 0.0234365 0.020585220003181603
3 0.04296865 0.19094600463422418 0.021865 0.020566038669636162
3 0.0568125 0.25518222640290586 0.025 0.023628401336626246
3 0.0109365 0.22629303639654255 0.021865 0.02212953866963625
0 0.01328125 0.1865 0.0265625 0.040625
0 0.03828125 0.15563621063358684 0.0328125 0.03319430800445433
0 0.05390625 0.21060552406904226 0.0390625 0.04106953333863614
0 0.1125 0.14096482406699644 0.034365 0.03466498933699969
0 0.121865 0.2066089120682691 0.0365 0.04106135200509069
0 0.16484365 0.1915838986506689 0.0365 0.03693635200509069
0 0.2046865 0.16626626265616662 0.034365 0.03689998933699968
0 0.225 0.2055651300922685 0.0390625 0.044204533338636054
0 0.2665625 0.16646661409926818 0.040625 0.03696261466218159
0 0.3161865 0.1685128286614496 0.0453125 0.04640225866281686
0 0.38203125 0.16442360411358566 0.0453125 0.04640225866281686
0 0.428125 0.1865 0.04365 0.053125
6 0.0161865 0.33828125 0.034365 0.1634365
6 0.06640625 0.3404384646364058 0.0828125 0.15096361066690856
6 0.01953125 0.25603125 0.0390625 0.0640625
6 0.05625 0.23094529606936048 0.065625 0.05601361600890866
6 0.11484365 0.22928334606631463 0.068125 0.08840906666626219
6 0.1359365 0.34124654408016816 0.068125 0.16340906666626229
6 0.1859365 0.32306934665363236 0.0546865 0.14906384666409056
6 0.2 0.24199296865554135 0.0296865 0.03684544533636352
6 0.23125 0.33454410542645024 0.0921865 0.16044669866918126
6 0.2828125 0.26405033943345 0.053125 0.08030566534054522
6 0.3265625 0.3122156666626224 0.1203125 0.16389996268299925
6 0.3828125 0.29802644468035845 0.0859365 0.16193646334499946
6 0.41484365 0.34140625 0.0603125 0.2140625
5 0.02265625 0.36890625 0.0453125 0.4015625
5 0.03046865 0.36265625 0.0609365 0.4140625
5 0.046865 0.3394299580680868 0.0609365 0.3991465620082624
5 0.06640625 0.38515625 0.1140625 0.3890625
5 0.1203125 0.3260032306446236 0.103125 0.41056496801399934
5 0.1359365 0.38125 0.09365 0.396865
5 0.16634365 0.365 0.0696865 0.409365
5 0.209365 0.35225831665681406 0.061865 0.4086488413430905
5 0.22890625 0.38125 0.1161865 0.396865
5 0.26890625 0.3491611360995863 0.08125 0.3946954293443632
5 0.3265625 0.365625 0.15 0.428125
5 0.38203125 0.3568125 0.1109365 0.44365
5 0.403125 0.36696865 0.09365 0.4234365
