1 0.32109365 0.4296865 0.5234365 0.2
2 0.23460523546386465 0.25355499805058856 0.46042948165323566 0.18659531206236082
5 0.3696865 0.334365 0.659365 0.390625
1 0.99365 0.15859365 0.0125 0.0568125
1 0.68125 0.434365 0.04365 0.059365
1 0.8246944251590145 0.20586421266254103 0.06915906615858266 0.06111246866599956
1 0.9260699964659161 0.2186838401096666 0.08016019866214012 0.08216624801081665
2 0.99296865 0.08515625 0.0140625 0.0546865
2 0.9361909882925351 0.12825883644426664 0.08162260462226432 0.0650069293443632
2 0.8362228045493136 0.12162648209635916 0.081604524004105 0.061882929344363104
2 0.69365 0.34140625 0.06865 0.0953125
4 0.84665625 0.05625 0.1453125 0.1125
4 0.965 0.2515625 0.05 0.15
4 0.96634365 0.4265625 0.0453125 0.20625
4 0.89609365 0.3890625 0.2068125 0.28125
4 0.6953125 0.28203125 0.061865 0.1265625
5 0.859365 0.1015625 0.2 0.203125
5 0.8359365 0.25234365 0.153125 0.3328125
5 0.84365 0.40625 0.16865 0.246865
5 0.9515625 0.346865 0.096865 0.365625
5 0.8696865 0.30546865 0.240625 0.4484365
5 0.96640625 0.19296865 0.0661865 0.2890625
5 0.965625 0.04609365 0.06865 0.0921865
5 0.96696865 0.1046865 0.0640625 0.209365
2 0.45234365 0.64665625 0.3603125 0.2359365
5 0.3696865 0.66484365 0.659365 0.4603125
5 0.8696865 0.68828125 0.240625 0.4234365