4 0.01328125 0.08203125 0.0265625 0.1640625
4 0.0484365 0.0603125 0.0865 0.140625
4 0.11953125 0.065625 0.0661865 0.13125
4 0.18046865 0.04296865 0.0921865 0.0859365
4 0.2890625 0.06696865 0.11865 0.1359365
6 0.08359365 0.2568125 0.1661865 0.121865
6 0.3109365 0.253125 0.18125 0.13125
1 0.39140625 0.296865 0.0161865 0.04365
0 0.40390625 0.24453125 0.046865 0.0661865
5 0.41161865 0.26328125 0.0603125 0.1109365
5 0.25625 0.253125 0.28125 0.13125
5 0.09140625 0.25859365 0.1828125 0.1203125
5 0.284365 0.065 0.134365 0.15
3 0.50625 0.18125 0.0603125 0.146865
6 0.68359365 0.2140625 0.2568125 0.209365
5 0.63661865 0.159365 0.3546865 0.31865
0 0.5 0.68828125 0.0634365 0.034365
0 0.553125 0.66696865 0.0484365 0.028125
3 0.55859365 0.68984365 0.034365 0.0125
3 0.5203125 0.8109365 0.0234365 0.0140625
6 0.565625 0.84365 0.084365 0.0859365
6 0.50068125 0.86865 0.0828125 0.1125
5 0.52634365 0.884365 0.1359365 0.23125
5 0.6 0.86265625 0.168125 0.2515625
0 0.49296865 0.63984365 0.0068125 0.0046865
6 0.49296865 0.64921865 0.015625 0.0125
5 0.49140625 0.65390625 0.021865 0.03125
0 0.4984365 0.665625 0.009365 0.0046865
6 0.4953125 0.66568125 0.015625 0.0140625
5 0.496865 0.66890625 0.021865 0.0328125