1 0.26696865 0.4 0.5359365 0.2365
2 0.31696865 0.18828125 0.6234365 0.2390625
5 0.31484365 0.28359365 0.6296865 0.4603125
2 0.8193968661508041 0.85068125 0.004614661066238921 0.0046865
2 0.6960421903825206 0.83661865 0.0031522610662389216 0.0046865
2 0.6826645819612644 0.8515625 0.0031522610662389216 0.0046865
2 0.6661685608940255 0.85625 0.0031522610662389216 0.0046865
2 0.6516018439633169 0.82109365 0.006286361436318444 0.00625
4 0.6483668500234411 0.83828125 0.009484084308955332 0.01865
4 0.6951926626894235 0.8484365 0.00633181323161641 0.0140625
4 0.8208966446362469 0.86161865 0.006866132513556366 0.0109365
4 0.6926899253554062 0.85859365 0.006866132513556366 0.0109365
5 0.8161664283804683 0.8661865 0.01896625896699054 0.0390625
5 0.6966634434065828 0.8453125 0.009493164668035032 0.0203125
5 0.686516199456606 0.8625 0.02051248689965162 0.034365
5 0.6826518560635654 0.85546865 0.006866132513556366 0.0109365
5 0.665569699456606 0.8625 0.011046584308955332 0.01865
5 0.6560620849963264 0.86015625 0.0063863553861942535 0.0234365
5 0.6465228661508042 0.85068125 0.02060338544042354 0.0661865