0 0.3609365 0.1125 0.021865 0.034365
0 0.4484365 0.068125 0.025 0.040625
0 0.31328125 0.31696865 0.0203125 0.0328125
0 0.2484365 0.328125 0.01865 0.021865
6 0.25390625 0.32568125 0.0390625 0.0265625
6 0.365625 0.1265625 0.0359365 0.059365
6 0.44296865 0.09453125 0.0568125 0.08125
6 0.4265625 0.00859365 0.046865 0.0161865
5 0.42109365 0.04665625 0.0603125 0.0953125
5 0.428125 0.11696865 0.0890625 0.128125
5 0.3609365 0.14665625 0.0609365 0.103125
5 0.31484365 0.3161865 0.0359365 0.04365
5 0.25390625 0.32568125 0.0421865 0.0265625
1 0.83515625 0.1203125 0.3296865 0.240625
4 0.64453125 0.25859365 0.5109365 0.1609365
5 0.64453125 0.16953125 0.5109365 0.3390625
2 0.0068125 0.65068125 0.0109365 0.0109365
5 0.009365 0.6661865 0.01865 0.046865
5 0.6203125 0.66953125 0.409365 0.6609365