6 0.5366333628491958 0.11962356348525324 0.045903363340165156 0.10182612041330899
6 0.5630168818261863 0.15848154040596185 0.0663533612399266 0.1363829265949012
6 0.49469188686631045 0.14164855835994266 0.06634313836628961 0.12381929508134384
6 0.4494339360809123 0.13419966866325165 0.045894282981095456 0.1002636204133088
6 0.4153261016636611 0.18049341666300316 0.08382152985683661 0.16391928903121964
6 0.3804430415653025 0.0931934045626548 0.050554511903856535 0.09560339149054662
6 0.3386964239806639 0.16922009426690456 0.06629881908544911 0.1260069265949012
6 0.3134055324901162 0.11936554001316834 0.033266016953980904 0.0683158965406621
6 0.25589301433964365 0.16126438329912422 0.11206460452586246 0.19439541549465283
6 0.2116430385402404 0.1026689133533535 0.04592155405833438 0.10495112041330898
6 0.1651560986468949 0.12563868669162458 0.08981699980360833 0.1302056504665381
6 0.08516599336060063 0.10262398243880261 0.0646615480082102 0.12224660462226432
6 0.04140625 0.12568125 0.0828125 0.1453125
6 0.01015625 0.08828125 0.0203125 0.1140625
0 0.05546865 0.01865 0.0453125 0.0365
0 0.08984365 0.0109365 0.0359365 0.021865
0 0.1925156946885605 0.02084664666230892 0.03458406825883114 0.036136486899651616
0 0.2109365 0.01484365 0.028125 0.0296865
0 0.2621106662021169 0.03136962668326592 0.050290891490546905 0.05029089149054663
0 0.32866146330646135 0.056555886422382185 0.02046603610435365 0.02668066466803503
0 0.35051464604969265 0.05195986139526659 0.03663634933606006 0.04084316861691084
0 0.3629101069202661 0.03391839852263061 0.021964993949865808 0.016314665026114643
0 0.39093511396040126 0.016566262059196523 0.026616036104353466 0.026616036104353466
0 0.42308908381696605 0.036464669698065365 0.04615680113146821 0.048610210662388504
0 0.44642146330646136 0.05686501913233126 0.01886626502611463 0.02198408430895542
0 0.512982830692914 0.045545624050986335 0.03614656825883114 0.03614656825883114
0 0.5639021500646548 0.04206620004688224 0.01629658430895533 0.01884999394986581
0 0.5833261460496926 0.05060540689240453 0.03668180618159222 0.03146816861691084
3 0.5602413396699043 0.08426642594458126 0.015634084308955686 0.0188409035906962
3 0.511611228333586 0.06836631441006695 0.01626931323161659 0.01416249394986581
3 0.4396498638622054 0.08112922092662931 0.012581813231616588 0.014135222862636886
3 0.4124015686926656 0.08050605221162265 0.020430664668035033 0.020430664668035033
3 0.38486692115199366 0.04685363349551596 0.015615903590696286 0.0156159035906962
3 0.3334261409995685 0.06924636534514335 0.0063045421544668435 0.009411361436318443
3 0.3405664653085238 0.0869564586292851 0.01414431323161641 0.014144313231616586
3 0.2522498638622054 0.08222006401628348 0.018895445645263666 0.02510908430895542
3 0.18333623640866228 0.054495039816686665 0.01884999394986581 0.01629658430895542
3 0.08012486899651593 0.04025125351604144 0.015606813231616586 0.01415340359069611
3 0.0466402133064613 0.05919669623625321 0.01630566466803503 0.02041249394986581
5 0.59296865 0.2046865 0.0634365 0.409365
5 0.5364163064942213 0.16900666384433284 0.09238852966144566 0.3036522408266168
5 0.5631696040348932 0.21166562663996938 0.12554646330646118 0.3632181383662896
5 0.4864890293668583 0.19169855533488066 0.1316601069202661 0.33981699980360813
5 0.4441015414661066 0.15666899503003035 0.06848642134838534 0.22382838544042355
5 0.39609365 0.21015625 0.1453125 0.3984365
5 0.3613998396616086 0.15026919662623256 0.08296616822512632 0.2963466986621401
5 0.36216430961566505 0.041635443602160416 0.02208406825883114 0.03606466502611464
5 0.3126560926966606 0.14202633519261818 0.054296656321260694 0.20186156220860694
5 0.333300396853301 0.18165191052468315 0.10801352966144566 0.30364314441641406
5 0.2336589451560986 0.10966289832623894 0.030168369390299346 0.08454661682251269
5 0.24453125 0.20625 0.1515625 0.40625
5 0.20068125 0.14140625 0.0828125 0.2828125
5 0.16161865 0.1665625 0.1234365 0.353125
5 0.08125 0.125 0.0865 0.25
5 0.04453125 0.20068125 0.0890625 0.4015625
5 0.01328125 0.1328125 0.0265625 0.265625
5 0.6625 0.296865 0.065625 0.225
