1 0.134365 0.29453125 0.26865 0.2296865
2 0.134365 0.1015625 0.26865 0.203125
5 0.134365 0.2046865 0.26865 0.409365
0 0.909365 0.43359365 0.0865 0.0484365
2 0.6814564638545956 0.6613320401113642 0.06925906010845856 0.08689996569950323
4 0.94921865 0.56634365 0.1015625 0.2453125
3 0.6889826265435866 0.8205053383159662 0.03616465896699054 0.03926156825883114
3 0.916018866966422 0.4696681095896066 0.03616465896699054 0.03926156825883114
4 0.6634365 0.9109365 0.1365 0.168125
5 0.66421865 0.86015625 0.1953125 0.2696865
5 0.9125 0.6046865 0.165 0.590625