1 0.265 0.34296865 0.55 0.2515625
2 0.2953125 0.10390625 0.509365 0.2068125
5 0.265 0.234365 0.55 0.46865
0 0.561865 0.065 0.04365 0.040625
0 0.9890625 0.12265625 0.021865 0.0453125
0 0.9602996122218854 0.11300243140553032 0.033030668616910666 0.0366908965406621
0 0.9229996001216361 0.06884560002344116 0.04558521066238851 0.04613862041330898
0 0.8103632446354426 0.1029366058661636 0.02989656825883114 0.0361102168225126
0 0.691063698891963 0.06320648536566868 0.03302156825883114 0.0361283965406621
0 0.6366256568356911 0.13663985265391568 0.034538626463432996 0.02832498689965162
3 0.559365 0.11484365 0.01865 0.0234365
3 0.9069366815036261 0.11643195843469652 0.01258181323161641 0.014135222862636886
3 0.9640104195016636 0.14656345550683116 0.01886816466803521 0.020421584308955333
3 0.98984365 0.1661865 0.0203125 0.021865
6 0.9636604406661083 0.20662960550683126 0.05384313836628961 0.12364656220860695
6 0.9145235039088249 0.19295355181883922 0.06421926088084608 0.13480224686664196
6 0.8204689668696566 0.24584262336361632 0.03485668903121965 0.08301248689965162
6 0.686983629806524 0.18968362090428824 0.06811461662612104 0.15966588544042353
6 0.6283623804604538 0.23065405454931362 0.04662949365348414 0.1461466106623885
6 0.58046865 0.19365 0.0609365 0.159365
5 0.590625 0.259365 0.08125 0.41865
5 0.6263593263139236 0.26060234962885355 0.06582602966144566 0.30349660462226434
5 0.665 0.25390625 0.1125 0.4296865
5 0.8116469618525429 0.2666666203385542 0.08336614402463056 0.36609669866214015
5 0.90546865 0.259365 0.1015625 0.41865
5 0.959365 0.26890625 0.061865 0.3696865
5 0.96634365 0.284365 0.0453125 0.36865
2 0.025929156401425186 0.5188812893258063 0.03453862646343313 0.02832498689965162
3 0.022640530936992065 0.5460244600439666 0.018831813231616545 0.014161584308955331
4 0.01328125 0.58661865 0.0265625 0.0921865
5 0.0453125 0.61015625 0.090625 0.2161865
2 0.6469285003926835 0.6169854285668599 0.2805066640688599 0.410993083916162
5 0.661865 0.646865 0.44365 0.50625
1 0.6015625 0.96865 0.19365 0.0625