0 0.06865 0.1036800326846038 0.021865 0.022002265026114644
0 0.1296865 0.09065330668880889 0.0125 0.01626022286263689
0 0.11161865 0.06893001665939331 0.028125 0.031413626463433164
0 0.1161865 0.1046865 0.04365 0.04365
6 0.11484365 0.15625 0.0484365 0.061865
6 0.08125 0.16681525565634066 0.046865 0.0846466106623885
6 0.1109365 0.2125 0.05625 0.15
6 0.00859365 0.16634365 0.0161865 0.1015625
3 0.06265625 0.12948400868240286 0.0140625 0.014144313231616586
3 0.12890625 0.14140625 0.0203125 0.0203125
5 0.13125 0.1603125 0.015625 0.1865
5 0.109365 0.1328125 0.059365 0.15625
5 0.0696865 0.18264991529826116 0.0661865 0.18945338544042353
5 0.021865 0.2 0.04365 0.225
5 0.06265625 0.2828125 0.1328125 0.40625
6 0.93046865 0.6416665408669314 0.021865 0.053252265026114634
2 0.92265625 0.5955383390825334 0.015625 0.016268403590696288
5 0.9140625 0.6689258421065955 0.061865 0.1666056565166623
