1 0.14365 0.334365 0.2865 0.309365
2 0.121865 0.09453125 0.24365 0.1890625
5 0.23984365 0.24453125 0.4696865 0.4890625
4 0.60859365 0.0453125 0.2068125 0.090625
3 0.51865 0.05 0.059365 0.1
5 0.63984365 0.13203125 0.5203125 0.2640625
0 0.6161865 0.5609365 0.265 0.14365
0 0.83984365 0.561865 0.1828125 0.165625
3 0.8854941559284862 0.6234445068356912 0.11151019262201593 0.09908291549465283
3 0.6291128666026698 0.8366586209042882 0.20419666236139496 0.18555664668035033
4 0.88828125 0.89609365 0.2234365 0.2068125
5 0.8609365 0.64453125 0.268125 0.5109365
5 0.66484365 0.64453125 0.3603125 0.5109365