1 0.3603125 0.1640625 0.3365 0.328125
4 0.26953125 0.36421865 0.5390625 0.2296865
5 0.26953125 0.24453125 0.5390625 0.4890625
2 0.54665625 0.42890625 0.0161865 0.0634365
5 0.64453125 0.42890625 0.2109365 0.1203125
2 0.06890625 0.49921865 0.1015625 0.0203125
4 0.0640625 0.5953125 0.128125 0.1865
5 0.128125 0.6859365 0.25625 0.39365
0 0.60390625 0.5899866340891226 0.1625 0.09469539634428026
3 0.68359365 0.6523685594210865 0.0328125 0.03612839654066192
4 0.9390625 0.496865 0.061865 0.015625
4 0.69365 0.55 0.21865 0.121865
4 0.66640625 0.6481628484523063 0.240625 0.22952491529826096
5 0.9265625 0.50546865 0.09365 0.0328125
5 0.6603125 0.6015625 0.26865 0.225
5 0.62634365 0.66640625 0.3665625 0.4546865