1 0.1328125 0.14596453356026064 0.0265625 0.023592036104353464
1 0.01640625 0.22466666532160224 0.025 0.025145445645263866
1 0.134365 0.26568125 0.034365 0.0265625
1 0.31015625 0.146865 0.0161865 0.03125
2 0.28203125 0.0015625 0.0203125 0.003125
2 0.1696865 0.022264322696882163 0.015625 0.012590903590696199
2 0.0161865 0.190625 0.034365 0.046865
2 0.01953125 0.11616483460354302 0.0328125 0.02665339654066192
2 0.12634365 0.0960063498260494 0.0515625 0.04092498184962643
2 0.12265625 0.22025236090428823 0.084365 0.06666836939029935
2 0.29921865 0.08984365 0.0390625 0.0568125
4 0.309365 0.2125 0.01865 0.13125
4 0.28515625 0.02633822356000699 0.0265625 0.031404536104353464
4 0.18661865 0.05503591618202393 0.0296865 0.034546616822512696
4 0.16865 0.1981092053114395 0.0634365 0.11136464686664199
4 0.04453125 0.18689438885826915 0.0546865 0.08469316256668665
4 0.01865 0.25603125 0.0365 0.0640625
4 0.009365 0.1640625 0.01865 0.025
5 0.0109365 0.14296865 0.021865 0.0546865
5 0.04921865 0.15964211668103026 0.09365 0.1349204215446661
5 0.13359365 0.23359365 0.1984365 0.1109365
5 0.16109365 0.1665625 0.1453125 0.225
5 0.1890625 0.06689628064340446 0.0453125 0.125263620413309
5 0.290625 0.0390625 0.0365 0.068125
5 0.29296865 0.16265625 0.0515625 0.2328125
1 0.159365 0.84453125 0.31865 0.2661865
2 0.159365 0.51696865 0.31865 0.2603125
4 0.159365 0.9046865 0.31865 0.190625
5 0.159365 0.66634365 0.31865 0.6453125
0 0.63203125 0.3068125 0.0953125 0.0365
1 0.64921865 0.38860186422393694 0.065 0.08481133623582168
6 0.668125 0.558646202580965 0.2161865 0.2950135599120669
5 0.66568125 0.64453125 0.5109365 0.6109365