1 0.25 0.36484365 0.5 0.3140625
2 0.23515625 0.09665625 0.4603125 0.1953125
4 0.25 0.559365 0.5 0.31865
5 0.25 0.359365 0.5 0.61865
1 0.63984365 0.39921865 0.2696865 0.4109365
2 0.61484365 0.0859365 0.2296865 0.161865
4 0.625 0.5865 0.45 0.2625
5 0.65 0.359365 0.5 0.61865
0 0.3922860640554186 0.8696926929400445 0.01101931323161641 0.014126132513556366
6 0.3869264083643642 0.8884646091968232 0.020439665026114633 0.021993164668035208
5 0.38666220656896604 0.8806565640162835 0.02666156825883114 0.0360920361043533
3 0.50625 0.66640625 0.0125 0.0359365
0 0.69365 0.95625 0.08125 0.0865
6 0.89140625 0.93515625 0.1603125 0.1296865
6 0.52568125 0.865 0.0515625 0.25
5 0.8665625 0.93203125 0.246865 0.1359365