1 0.265625 0.2140625 0.53125 0.365625
0 0.21696865 0.04665625 0.4359365 0.0953125
4 0.36484365 0.453125 0.6296865 0.261865
5 0.36484365 0.29453125 0.6296865 0.5890625
4 0.26090322208606 0.8065692043294808 0.18246619846564836 0.21199198165323556
0 0.2633254331540461 0.6589902223816566 0.13690906615858265 0.0611124515990063
3 0.3266413306946181 0.6921116945903645 0.03928066861691084 0.036626258966990544
5 0.54453125 0.653125 0.3603125 0.128125
5 0.361865 0.69665625 0.440625 0.4046865
4 0.921865 0.6828125 0.15625 0.1865
5 0.86484365 0.6661865 0.2603125 0.35625