0 0.00625 0.1390625 0.0125 0.021865
0 0.01690261633153344 0.13866550068636106 0.020430664668035033 0.020430664668035033
0 0.04886568863843631 0.12686039832623885 0.036136486899651616 0.03458406825883114
0 0.08663284591822446 0.09303938934924845 0.026616036104353654 0.026616036104353466
0 0.1250464935560923 0.06068996063133661 0.04402261066238851 0.046129530054229284
0 0.12226238202256803 0.11940190144949688 0.06603519866214012 0.0816954265949012
0 0.191106830692914 0.1354081656499936 0.023592036104353464 0.026698855386194254
0 0.21211522238165664 0.12044160580241884 0.012563632513556365 0.011010222862636888
6 0.2130419181269315 0.14543616062286904 0.016369306181592398 0.03134999394986581
0 0.2266220416634984 0.11622580221162264 0.028288626463433165 0.028288626463433165
0 0.2664158006386846 0.09121264805509243 0.03456589654066192 0.03301248689965162
0 0.33229591216500315 0.09608549815328826 0.026616036104353466 0.026616036104353466
0 0.3691800025340826 0.09836528638089966 0.023592036104353296 0.026698855386194254
0 0.4322322696614458 0.08556621516219262 0.040815896540662094 0.033048849336060066
0 0.4605362555591449 0.08924965136464211 0.04400453005422946 0.04400453005422929
6 0.484365 0.22421865 0.090625 0.1640625
6 0.44289658966990434 0.16300612683816523 0.06626154800820983 0.12232042659490129
6 0.3913805415653025 0.18111960968680258 0.06246496369925485 0.10354315651666236
6 0.34686292610392196 0.18362243492156163 0.04595691549465282 0.1112011204133089
6 0.2859345164630016 0.18563945892566666 0.0625649566491305 0.12063065651666246
6 0.24366428854024039 0.19056239862082653 0.059964963699254855 0.1034604336450254
6 0.20609644515609868 0.19681626205919644 0.04583065046653826 0.08932612041330898
6 0.09286486386220536 0.16113611826200956 0.045812469649369046 0.08620112041330899
6 0.02821646623333652 0.20354561816381362 0.0463295169539809 0.06839661066238851
6 0.011683945156098685 0.19895356694414968 0.015961343285945864 0.056903403590696286
6 0.01484365 0.26015625 0.0296865 0.1634365
6 0.06655325838681526 0.21269690436636313 0.08191359621281205 0.11453519866214013
6 0.16396660423128505 0.16228600693388696 0.06644313231616552 0.141006695081344
6 0.14451969698466902 0.319269181601922 0.12652618032536562 0.2632262286263694
3 0.006096026538186933 0.16148538320092836 0.006866132513556366 0.010982951695398054
3 0.020150436169108232 0.1598410699692118 0.011001132513556365 0.011001132513556365
3 0.05138680064048866 0.1563155126866195 0.020421584308955333 0.01886816466803503
0 0.03963623438361018 0.1519149404806166 0.00691249394986581 0.016232951695398143
3 0.09023113202256801 0.11958825381062903 0.015606813231616586 0.01415340359069611
3 0.10696463494944428 0.16564280504029302 0.011110216822512698 0.029651132513556266
3 0.19356430064048868 0.15648829011136426 0.009438632513556366 0.010992042154466666
3 0.23168636294639166 0.14454682631392363 0.01560681323161641 0.014153403590696199
3 0.2622851069202661 0.12243546696685355 0.02041249394986581 0.01630566466803503
1 0.34024931264063616 0.1212586963568902 0.011064665026114631 0.021938632513556366
3 0.3832406886384363 0.12491506148320068 0.016268403590696288 0.01562499394986581
3 0.43086066620211685 0.11838680553126233 0.015634084308955686 0.01884090359069611
3 0.4684152193565955 0.12654463691336154 0.01631466502611463 0.021964993949865808
5 0.46109365 0.2296865 0.1161865 0.334365
5 0.4525625616195318 0.22451508568369655 0.10026365253408266 0.3161966926220159
5 0.3955140505422928 0.22015938369010355 0.10004649355609246 0.2661351926220159
5 0.36506802643999203 0.22424289569215612 0.11108398650696828 0.2943863251355633
5 0.28854188686631046 0.2309383233860564 0.10966693325224205 0.3193662346664936
5 0.2145544211519936 0.13683432026369938 0.023601120413308983 0.045448855386194253
5 0.24556313686631046 0.23118830826164683 0.08901808996629619 0.26144656010845856
5 0.209622002336691 0.22905363652056806 0.06691583098930565 0.22225669508134402
5 0.1623538064942213 0.2691155551384889 0.13555668844204446 0.46264668052166653
5 0.09123964099956846 0.1586462086310892 0.058656896344280254 0.16283634328594586
5 0.06462936265099996 0.265152452580965 0.12699068863843632 0.3429146286263694
5 0.0328125 0.2296865 0.065625 0.209365
5 0.02265625 0.22109365 0.0453125 0.1890625
5 0.03125 0.32890625 0.0625 0.4421865
5 0.16015625 0.3109365 0.1890625 0.468125
5 0.61484365 0.265 0.3603125 0.55
4 0.6546865 0.3421865 0.25 0.415625
1 0.66484365 0.62634365 0.4603125 0.1546865
4 0.66484365 0.69140625 0.4603125 0.4161865
5 0.66484365 0.665 0.4603125 0.45