1 0.21328125 0.40390625 0.4265625 0.2921865
2 0.23203125 0.10859365 0.4640625 0.1661865
4 0.26484365 0.64140625 0.5296865 0.1953125
5 0.26484365 0.3696865 0.5296865 0.61865
0 0.6966068601186213 0.11500841822512638 0.1928238251355633 0.11049311416669294
0 0.86265625 0.02890625 0.1265625 0.0568125
2 0.56634365 0.32890625 0.0953125 0.0661865
2 0.915625 0.25068125 0.16865 0.0546865
3 0.8653442406302261 0.09645892600562606 0.08615566861691066 0.036999969649368956
3 0.6653964623816566 0.21165615319801262 0.12225669508134384 0.06633404800821019
3 0.9268361920328406 0.3640009510098311 0.12368293364502539 0.06009313836628961
3 0.56865 0.44296865 0.068125 0.0661865
4 0.64296865 0.596865 0.2265625 0.284365
4 0.884365 0.534365 0.23125 0.303125
6 0.6661865 0.33828125 0.265 0.2661865
4 0.855546059813861 0.1581185896616086 0.1915340359069618 0.15635902380661344
5 0.8634365 0.1203125 0.253125 0.240625
5 0.86696865 0.46890625 0.2640625 0.5203125
5 0.68359365 0.51484365 0.3068125 0.4484365
5 0.6984365 0.265 0.3365 0.44365
