5 0.3046865 0.290625 0.609365 0.25625
2 0.23515625 0.23515625 0.4603125 0.1661865
5 0.80068125 0.05 0.1484365 0.1
5 0.24296865 0.52890625 0.3328125 0.2203125
5 0.115625 0.5328125 0.23125 0.228125
5 0.14609365 0.8140625 0.2859365 0.361865
5 0.26865 0.80546865 0.3625 0.3890625
6 0.24838452048806364 0.809365 0.2619851260606496 0.2865
6 0.0960362253085238 0.80859365 0.13426604681181834 0.2515625
6 0.08125 0.49921865 0.11865 0.1609365
6 0.23203125 0.49921865 0.2484365 0.1609365
0 0.32910221360105896 0.58359365 0.1301238362358216 0.065
0 0.16585266985683653 0.5890625 0.12861586939029934 0.084365
0 0.1641152526322686 0.66640625 0.13335692154466602 0.09365
0 0.3295612666345696 0.6625 0.138045421544666 0.09365
