5 0.19365 0.365 0.35625 0.109365
6 0.6222886919319122 0.2193156856863246 0.08448518268618095 0.14423168903121964
1 0.6153944492659562 0.14036398399092666 0.02543635200509069 0.03664544564526366
1 0.2140625 0.00546865 0.025 0.0109365
1 0.3105065019494114 0.08858681869086143 0.03633648933699968 0.03458406825883123
1 0.5266500932925019 0.016960833523388484 0.036881808004454245 0.03303066861691084
2 0.315625 0.03125 0.0865 0.0625
4 0.5285035239496295 0.0865111638824681 0.09216041335136286 0.1333396408266168
4 0.36640625 0.03828125 0.0696865 0.0665625
4 0.2548109369366392 0.1649864062230648 0.11468166002545336 0.18815450585363253
4 0.18125 0.0640625 0.065 0.128125
4 0.12421865 0.0140625 0.0640625 0.028125
4 0.06265625 0.021865 0.0661865 0.04365
5 0.0634365 0.1515625 0.146865 0.303125
5 0.115625 0.1365 0.140625 0.265
5 0.1609365 0.16953125 0.159365 0.3390625
5 0.28125 0.1828125 0.221865 0.365625
5 0.3634365 0.065625 0.159365 0.13125
5 0.53515625 0.10546865 0.1603125 0.2109365
5 0.621865 0.2484365 0.134365 0.346865
0 0.6346626162820024 0.09594181829988213 0.046511346664090585 0.05496021066238859
2 0.8428205626193659 0.30556121623333654 0.01266363200190881 0.014135222862636886
3 0.8433926262835933 0.32353451141286636 0.006366269334818081 0.010963861436318445
4 0.836143301281048 0.3422436046960191 0.020666033338636054 0.03918066466803503
5 0.8439285292806296 0.34463280659241624 0.04698406134626235 0.0955852106623885
5 0.568125 0.61484365 0.221865 0.5603125
6 0.6296865 0.63661865 0.11865 0.2568125
3 0.6634365 0.51328125 0.03125 0.0328125
0 0.6661865 0.4640625 0.04365 0.06865