1 0.225 0.40234365 0.45 0.2640625
0 0.2296865 0.165625 0.440625 0.225
4 0.225 0.4603125 0.45 0.159365
5 0.225 0.265 0.45 0.55
1 0.1161865 0.86328125 0.234365 0.2634365
2 0.13359365 0.6421865 0.2661865 0.1125
5 0.225 0.81161865 0.45 0.3665625
0 0.6245962639496295 0.6333603832009284 0.01894999466899989 0.01629658430895551
5 0.6089444546069563 0.6029669916121848 0.06439085868862621 0.1628636143631848
6 0.8696922092616396 0.6896665191323313 0.03508406200826222 0.06113648689965162
6 0.9563808865660496 0.9212542511683504 0.03165906633926232 0.04393180618159258
6 0.9859365 0.94609365 0.028125 0.0640625
6 0.9568125 0.96634365 0.040625 0.0453125
0 0.99609365 0.89665625 0.0068125 0.0203125
0 0.9630854199156856 0.8821553896420319 0.020603401336626244 0.02511816466803521
0 0.8881683306015484 0.6411945663369331 0.01900453866963616 0.02198408430895533
5 0.8640143665913662 0.81626183538911 0.064626216024816 0.1831661143631848
5 0.9484365 0.93359365 0.059365 0.1328125
5 0.95234365 0.96328125 0.0828125 0.0634365
5 0.9665625 0.9421865 0.046865 0.115625