2 0.33125 0.1109365 0.415625 0.221865
5 0.26953125 0.2546865 0.5390625 0.509365
4 0.63203125 0.3356628484523063 0.0068125 0.014106951695398144
4 0.60234365 0.35638441461089004 0.025 0.056395445645263666
2 0.63203125 0.3260690984523063 0.003125 0.006268180618159222
2 0.69921865 0.32042863389263085 0.015625 0.016268403590696288
5 0.63203125 0.3386868484523063 0.0068125 0.029632951695398144
5 0.69921865 0.35558498389263085 0.034365 0.08613648689965162
6 0.2328125 0.6581509268093344 0.01865 0.045421584308955334
5 0.24296865 0.8011686641433518 0.05 0.20185339149054665
