1 0.084365 0.434365 0.16865 0.290625
2 0.1109365 0.2068125 0.221865 0.225
5 0.1696865 0.31015625 0.359365 0.5390625
0 0.6234365 0.1668168259060952 0.0265625 0.04562158266026243
4 0.62109365 0.19831384690641335 0.0390625 0.053569533338636055
5 0.6203125 0.22019693856418604 0.061865 0.16166384134309046
0 0.33661865 0.6696865 0.0453125 0.103125
2 0.234365 0.6825188619510023 0.084365 0.06816929201145391
3 0.05546865 0.6446568646419556 0.065 0.09931020401018138
3 0.21161865 0.6626262412864112 0.04365 0.0661340663392626
3 0.3421865 0.6625 0.034365 0.04365
4 0.30234365 0.88515625 0.1140625 0.2296865
4 0.1390625 0.8859365 0.153125 0.228125
4 0.0453125 0.83046865 0.090625 0.3390625
5 0.0665625 0.68984365 0.153125 0.4203125
5 0.1661865 0.815625 0.296865 0.36865
5 0.26328125 0.80859365 0.1921865 0.3828125
