0 0.34453125 0.08312564625495816 0.0234365 0.034646620003181605
0 0.425 0.04312690856636664 0.0265625 0.04093408266026261
0 0.3161865 0.28188142059200344 0.021865 0.031504538669636165
0 0.25603125 0.3028939019335031 0.0203125 0.033048856336090695
6 0.26328125 0.30906116659932126 0.040625 0.056622614662181596
6 0.35068125 0.09633426192066644 0.0390625 0.05826603333863605
6 0.42109365 0.058696361911231326 0.0609365 0.08195906200826239
5 0.39296865 0.03203125 0.0696865 0.0640625
5 0.409365 0.08158996191282218 0.0953125 0.1292340613462622
5 0.34665625 0.11590188458686625 0.065625 0.10232611600890866
5 0.32109365 0.2990234662581398 0.040625 0.0832852146621816
5 0.2640625 0.3231245859325485 0.046865 0.0864829400063634
1 0.46015625 0.63661865 0.3568125 0.3828125
4 0.40546865 0.8365 0.4661865 0.325
5 0.325 0.61953125 0.628125 0.5609365
1 0.81953125 0.88661865 0.3609365 0.2265625
2 0.81953125 0.69921865 0.3609365 0.2203125
5 0.81953125 0.66634365 0.3609365 0.4453125