1 0.3365 0.13828125 0.484365 0.2665625
4 0.28984365 0.3603125 0.5696865 0.4365
5 0.28984365 0.29453125 0.5696865 0.5890625
2 0.64365 0.41413626463433123 0.00625 0.004623861436318444
2 0.66640625 0.3994243248409856 0.003125 0.004605680618159222
2 0.6696865 0.41356409289316236 0.003125 0.004605680618159399
2 0.6859365 0.4190692043294809 0.003125 0.004605680618159222
2 0.6109365 0.38249590006465466 0.00625 0.006286361436318444
4 0.6140625 0.398920330692914 0.0109365 0.020366132513556365
4 0.6661865 0.41036636002052545 0.00625 0.014098861436318444
4 0.6421865 0.4250646642652515 0.0068125 0.010982951695396966
4 0.66109365 0.42132659591822446 0.0068125 0.010982951695396966
5 0.646865 0.4305606953524904 0.01865 0.04063408430895533
5 0.665625 0.4062322696614459 0.0109365 0.020366132513556365
5 0.6665625 0.42526466216500314 0.021865 0.03450226502611463
5 0.68046865 0.4164648880626022 0.009365 0.012554542154466665
5 0.6865 0.4245460446885605 0.0125 0.018822622862636886
5 0.60603125 0.4215356641660556 0.00625 0.023463861436318445
5 0.615625 0.4114294211519936 0.021865 0.06631466502611463
1 0.415625 0.66328125 0.2125 0.1484365
4 0.36568125 0.86161865 0.4068125 0.2665625
5 0.29140625 0.69453125 0.5665625 0.4109365
1 0.646865 0.8265625 0.334365 0.346865
4 0.68984365 0.9203125 0.4203125 0.159365
5 0.68984365 0.69453125 0.4203125 0.4109365