1 0.21865 0.2203125 0.4 0.268125
4 0.209365 0.43984365 0.41865 0.2696865
5 0.209365 0.28984365 0.41865 0.5696865
2 0.5565968346999346 0.2352984166136388 0.01259090359069611 0.015660450668363533
3 0.5590466053114395 0.2548114852800934 0.011019313231616588 0.014189669334818081
5 0.5690620546456055 0.268912056612048 0.0381363251355633 0.10981135200509069
4 0.561208648129846 0.2860342132696652 0.014316030054229286 0.04391363200190899
0 0.06600642545360196 0.8016683012810469 0.025145445645263953 0.025290901336626158
5 0.06362631401628348 0.8080455632813661 0.02519998689965162 0.03466590133662616
4 0.3828125 0.5828125 0.009365 0.00625
4 0.38203125 0.59296865 0.0161865 0.0265625
