1 0.3296865 0.31953125 0.459365 0.1203125
2 0.3421865 0.18203125 0.434365 0.2068125
5 0.2696865 0.2109365 0.559365 0.3365
2 0.96421865 0.161865 0.0515625 0.05625
2 0.868439659149941 0.15546865 0.06438066256668648 0.0546865
2 0.8099446100850164 0.33359365 0.05346043364502539 0.059365
0 0.62456068022618 0.16015625 0.08164996964936905 0.0859365
3 0.56640625 0.26109365 0.0140625 0.0453125
3 0.6360616824901162 0.25603125 0.045621562208606954 0.053125
3 0.8938869180286356 0.259365 0.03668180113146803 0.0484365
3 0.98359365 0.28203125 0.0328125 0.0546865
4 0.91953125 0.334365 0.1421865 0.090625
6 0.65859365 0.32109365 0.1661865 0.1161865
5 0.89665625 0.24921865 0.2046865 0.2609365
5 0.65 0.2453125 0.2625 0.26865
5 0.63125 0.246865 0.14365 0.265625
1 0.4328125 0.91484365 0.253125 0.1603125
1 0.21015625 0.94609365 0.2515625 0.1068125