2 0.3046865 0.125 0.090625 0.09365
5 0.165 0.36640625 0.35 0.5859365
1 0.6660568014003605 0.3186115610904163 0.5600683320336256 0.2516363003459012
2 0.665 0.05234365 0.65 0.1046865
4 0.665 0.5365 0.65 0.24365
5 0.665 0.3296865 0.65 0.659365
0 0.058650483360452824 0.6035910699692118 0.044659066666262284 0.06836953005422929
0 0.2389116900620426 0.8861485190341354 0.02231135200509069 0.036626265026114634
0 0.346865 0.61696865 0.00625 0.0234365
0 0.10321064639813339 0.9062518802640621 0.01598862666090888 0.03134090359069629
4 0.09026565206862414 0.9362353983262389 0.01618862133990866 0.048528403590696285
4 0.24028393340226958 0.9369252238545955 0.038336341343090466 0.06209316861691101
4 0.03366885005566928 0.8404643560635654 0.06440904002226164 0.1644261143631848
5 0.09636939206613328 0.9244802868899203 0.03201361600890866 0.06580680618159256
5 0.23661865 0.93359365 0.0609365 0.1328125
5 0.3453125 0.840625 0.009365 0.2625
3 0.346865 0.6484365 0.00625 0.015625
3 0.23931166940004246 0.9205235190341353 0.009556813335454351 0.015669542154466845
3 0.05144605804422518 0.6559802616646098 0.020603401336626244 0.02511816466803503
5 0.04453125 0.83125 0.0890625 0.3365
