1 0.325 0.16640625 0.3865 0.3265625
4 0.259365 0.38359365 0.51865 0.2603125
5 0.259365 0.259365 0.51865 0.51865
2 0.8636899465308408 0.1462513612349136 0.023592036104353296 0.026835220003181605
3 0.8651115459651068 0.16045192990136818 0.01629658430895533 0.01894999466899989
4 0.8695854225266356 0.2061161359006318 0.033139652926865995 0.05663180800445424
5 0.8601240641154694 0.22206896390200453 0.06660689129415606 0.18056838534362692
4 0.2113166324388026 0.5528216239416654 0.026944295081343838 0.0659340826602626
5 0.2265625 0.6140625 0.065 0.190625
5 0.6902546569338869 0.8225266912953654 0.04251465292686616 0.05664089600562605
4 0.6962405551384889 0.8302564652944109 0.025136355386194253 0.02362840133662689