1 0.2 0.2603125 0.4 0.2365
5 0.2 0.19453125 0.4 0.3890625
3 0.49365 0.36109365 0.11865 0.0359365
4 0.5515625 0.29296865 0.28125 0.1921865
5 0.6 0.19453125 0.6 0.3890625
4 0.26890625 0.6068125 0.2421865 0.240625
5 0.2 0.56696865 0.4 0.3568125
3 0.3296865 0.9453125 0.140625 0.109365
2 0.34453125 0.66865 0.1109365 0.11865
5 0.22634365 0.8453125 0.3453125 0.309365
0 0.4828125 0.55068125 0.165625 0.1068125
0 0.82421865 0.6596339146436692 0.1234365 0.10924882535009015
4 0.66640625 0.86568125 0.2161865 0.2484365
4 0.45603125 0.821865 0.1140625 0.35625
5 0.63359365 0.69609365 0.3234365 0.4068125
5 0.5109365 0.6390625 0.221865 0.521865
3 0.5 0.6465862880330894 0.061865 0.061663841343090466
3 0.8046865 0.6360691480644511 0.065 0.05086260401018138