1 0.40625 0.1546865 0.653125 0.309365
5 0.409365 0.1546865 0.81865 0.309365
4 0.5389465106016611 0.3460553050402931 0.012662620003181603 0.023510222862636886
2 0.5418533346992256 0.32628612432213365 0.006903406666626353 0.006856951695398143
5 0.5389101480346803 0.34293030504029304 0.022346614662181596 0.04065226502611464
4 0.85390625 0.40234365 0.0603125 0.1859365
4 0.8984365 0.39665625 0.109365 0.1665625
4 0.9609365 0.39921865 0.068125 0.1696865
6 0.8953125 0.6453125 0.153125 0.24365
5 0.93046865 0.66421865 0.1390625 0.4515625
5 0.8984365 0.66328125 0.159365 0.4634365