1 0.20603125 0.1568125 0.4140625 0.315625
4 0.25 0.30234365 0.5 0.3140625
5 0.25 0.2296865 0.5 0.459365
4 0.209365 0.5296865 0.41865 0.140625
1 0.303125 0.51161865 0.39365 0.1046865
5 0.25 0.6296865 0.5 0.540625
4 0.6046865 0.49365 0.209365 0.06865
4 0.54921865 0.63359365 0.0984365 0.2015625
0 0.5453125 0.61328125 0.090625 0.0661865
2 0.66953125 0.48828125 0.0696865 0.0568125
3 0.6184306956605192 0.5046865 0.04083406825883114 0.0359365
5 0.65603125 0.5640625 0.3140625 0.209365
5 0.58661865 0.684365 0.1634365 0.43125