1 0.190625 0.19296865 0.268125 0.3484365
2 0.234365 0.03046865 0.190625 0.0609365
5 0.16484365 0.18984365 0.3296865 0.3696865
0 0.626001921904868 0.16421865 0.028524989336999685 0.034365
0 0.4608325665834129 0.08661865 0.0426965663392625 0.04365
2 0.36364111191123134 0.12634365 0.030105660661545236 0.0359365
4 0.36028658923459544 0.20068125 0.0589942866804539 0.1015625
6 0.43543203990295903 0.18828125 0.056831666018453665 0.1359365
4 0.6066525092298229 0.2359365 0.058812463344999464 0.0859365
5 0.36696865 0.2421865 0.0665625 0.261865
5 0.4365 0.221865 0.109365 0.315625
5 0.6 0.26640625 0.0865 0.2265625
5 0.83359365 0.18984365 0.1984365 0.3696865
5 0.925 0.18984365 0.15 0.3696865
4 0.953125 0.14296865 0.09365 0.2859365
4 0.855100196246004 0.109365 0.11010334802662616 0.196865
2 0.28203125 0.80068125 0.0953125 0.1453125
5 0.16484365 0.84140625 0.3296865 0.3161865
