4 0.209365 0.39140625 0.41865 0.2953125
1 0.209365 0.161865 0.41865 0.34365
5 0.209365 0.26953125 0.41865 0.5390625
4 0.91865 0.128125 0.15 0.25625
4 0.68359365 0.11161865 0.1390625 0.2234365
4 0.48359365 0.1390625 0.1296865 0.268125
5 0.49140625 0.26953125 0.1453125 0.5390625
5 0.54296865 0.26953125 0.2484365 0.5390625
5 0.88661865 0.26953125 0.2265625 0.5390625
5 0.65 0.26953125 0.265625 0.5390625
1 0.2890625 0.64140625 0.259365 0.4046865
4 0.209365 0.89609365 0.41865 0.2068125
5 0.209365 0.66953125 0.41865 0.4609365
6 0.92890625 0.61161865 0.1421865 0.3265625
5 0.9 0.66953125 0.2 0.4609365