1 0.1296865 0.184365 0.259365 0.240625
2 0.14609365 0.03828125 0.2265625 0.0665625
5 0.1296865 0.159365 0.259365 0.31865
2 0.22890625 0.490625 0.0609365 0.0865
0 0.06302336668103022 0.46989628425664164 0.09433168298109546 0.10054542154466601
3 0.04649660833650159 0.5981612651824555 0.058156933645025396 0.05961134328594586
3 0.22924556582294422 0.6080452031601402 0.05033634328594586 0.05810339149054663
6 0.19609365 0.646865 0.1265625 0.3625
4 0.05625 0.64296865 0.1125 0.2696865
5 0.084365 0.69665625 0.16865 0.6046865
5 0.168125 0.61953125 0.1625 0.5609365
0 0.6153966992613153 0.5830640368899204 0.02040340359069611 0.015643164668035032
6 0.6112313640265462 0.6266280126866195 0.03940693364502539 0.05960225896699036
5 0.6213421622321482 0.6353814254536019 0.06946813836628961 0.12383646569950324