4 0.390625 0.06484365 0.068125 0.1296865
4 0.1859365 0.09140625 0.1625 0.1828125
6 0.3603125 0.3603125 0.11865 0.359365
1 0.31203885334309084 0.30390625 0.016451120413308985 0.0453125
0 0.2965132659108665 0.24921865 0.04626496569950324 0.06865
0 0.14136689539936265 0.2296865 0.08024201190385663 0.0953125
6 0.18203125 0.44453125 0.2046865 0.2109365
5 0.2921865 0.38125 0.0625 0.3365
5 0.18515625 0.3661865 0.2140625 0.365625
5 0.3634365 0.36953125 0.1125 0.3609365
5 0.3890625 0.06265625 0.08125 0.1453125
5 0.18984365 0.09296865 0.2515625 0.1859365
4 0.20390625 0.61161865 0.2453125 0.1234365
5 0.23661865 0.665 0.3859365 0.45