1 0.2359365 0.41696865 0.1865 0.1015625
2 0.21328125 0.221865 0.2328125 0.20625
5 0.16484365 0.284365 0.3296865 0.36865
3 0.8986359192060861 0.3428849959929693 0.04085225896699054 0.039298849336060064
2 0.6166662898166866 0.4256282665381869 0.06911361436318461 0.06289996569950324
2 0.9021645365953329 0.28899692661113846 0.046093168616910665 0.03666261066238851
4 0.86109365 0.41328125 0.1234365 0.1109365
5 0.68203125 0.43046865 0.2234365 0.0665625
5 0.8865 0.36953125 0.165625 0.1984365
5 0.18984365 0.634365 0.2696865 0.53125
5 0.04609365 0.634365 0.0921865 0.53125
5 0.01640625 0.48125 0.0161865 0.025
4 0.01640625 0.48125 0.0161865 0.025
1 0.00859365 0.56865 0.0161865 0.09365
1 0.2953125 0.52634365 0.06865 0.1161865
4 0.20859365 0.6640625 0.2421865 0.461865
4 0.03661865 0.8015625 0.0634365 0.390625
3 0.5963096645932803 0.6265963996801662 0.08305693969514959 0.04266928903121965
3 0.9018154664116868 0.6596190198006926 0.0955033965406621 0.033366011903856614
0 0.353125 0.5568125 0.046865 0.090625
0 0.5968669220356564 0.6289401496801662 0.16081246964936905 0.08692834913966822
0 0.9140205516224464 0.6660934464936896 0.1520261083130606 0.08056926483062288
6 0.88125 0.89453125 0.2365 0.2109365
6 0.59140625 0.8634365 0.3140625 0.253125
6 0.38125 0.84453125 0.103125 0.3109365
5 0.8640625 0.81161865 0.261865 0.3665625
5 0.6015625 0.68515625 0.4 0.4296865