6 0.65546865 0.221865 0.0484365 0.065
6 0.6140625 0.228125 0.0365 0.0625
6 0.58828125 0.23515625 0.0661865 0.0484365
6 0.540625 0.215625 0.040625 0.0865
6 0.4828125 0.23828125 0.025 0.0421865
6 0.43661865 0.24140625 0.0953125 0.0359365
6 0.3828125 0.2328125 0.0365 0.053125
6 0.35 0.24140625 0.068125 0.0359365
6 0.26161865 0.240625 0.0546865 0.0365
6 0.16484365 0.2453125 0.0609365 0.028125
0 0.14956909261618413 0.2068125 0.03163180800445433 0.0328125
0 0.22065465861613866 0.20068125 0.041134066339262504 0.04365
0 0.24986999395291126 0.1828125 0.03166816066154524 0.0359365
0 0.351441584619684 0.18203125 0.03163180800445424 0.0328125
0 0.36694683195418396 0.1634365 0.025326264003816962 0.028125
0 0.4194366066200022 0.1696865 0.044266258662816864 0.0453125
0 0.48646965595163856 0.1921865 0.016468401336626244 0.025
0 0.5069012439529113 0.1828125 0.03324885200509069 0.0365
0 0.5156222606222293 0.16328125 0.01893181333545435 0.015625
0 0.54016636695832 0.14296865 0.023628401336626246 0.025
0 0.5628262359564111 0.15603125 0.0426965663392625 0.04365
0 0.5992251039545021 0.16109365 0.0164238563360908 0.0203125
0 0.6604161426241383 0.14921865 0.031613626660908866 0.03125
3 0.6646501066200021 0.1696865 0.014206950668363622 0.0125
3 0.5965995432845466 0.1953125 0.011082950668363623 0.0125
3 0.5606628399506842 0.19921865 0.01894999466899989 0.0161865
3 0.538260331954184 0.1634365 0.014206950668363622 0.0125
3 0.4926114662835932 0.20234365 0.006340906666626353 0.0068125
3 0.5033489826145934 0.21953125 0.012645450668363622 0.0125
3 0.41884661326966524 0.23046865 0.016460220003181603 0.0234365
3 0.3469256859484569 0.215625 0.015806813335454528 0.015625
3 0.24608989194682055 0.2203125 0.014189669334818081 0.0109365
3 0.2169109219446389 0.24365 0.015824994668999892 0.0161865
3 0.1515955686123661 0.2359365 0.014206950668363622 0.0125
5 0.64296865 0.19453125 0.0634365 0.1296865
5 0.6140625 0.209365 0.05 0.1
5 0.58125 0.196865 0.10625 0.125
5 0.54365 0.19453125 0.059365 0.1296865
5 0.5156313539545021 0.16109365 0.019131808004454243 0.0328125
5 0.48515625 0.21865 0.0359365 0.08125
5 0.5109365 0.2125 0.084365 0.09365
5 0.4046865 0.2390625 0.021865 0.040625
5 0.434365 0.20625 0.115625 0.10625
5 0.38046865 0.2068125 0.0568125 0.103125
5 0.34921865 0.21328125 0.0953125 0.0921865
5 0.2625 0.21161865 0.065625 0.0953125
5 0.19365 0.21696865 0.14365 0.0828125
5 0.16484365 0.22421865 0.0634365 0.0603125
