0 0.58359365 0.3203125 0.0109365 0.021865
0 0.52568125 0.31015625 0.0125 0.0161865
0 0.54365 0.296865 0.028125 0.03125
0 0.5359365 0.325 0.046865 0.0421865
0 0.44665625 0.3046865 0.025 0.0265625
0 0.39365 0.3068125 0.05 0.04365
0 0.34609365 0.3125 0.0161865 0.0203125
0 0.3328125 0.31161865 0.01865 0.0203125
0 0.3015625 0.30234365 0.034365 0.0328125
0 0.26015625 0.26109365 0.0265625 0.025
0 0.221865 0.24140625 0.0421865 0.0453125
0 0.22634365 0.2984365 0.061865 0.0665625
0 0.16015625 0.31865 0.021865 0.025
0 0.1390625 0.30625 0.0125 0.0109365
6 0.13984365 0.3296865 0.015625 0.0296865
0 0.1234365 0.30234365 0.0265625 0.0265625
0 0.0828125 0.26890625 0.03125 0.0296865
0 0.01865 0.28828125 0.025 0.0265625
6 0.0140625 0.36421865 0.028125 0.1068125
6 0.0603125 0.3634365 0.065625 0.1161865
6 0.11328125 0.36568125 0.053125 0.1015625
6 0.1484365 0.38125 0.0421865 0.0859365
6 0.259365 0.34665625 0.040625 0.084365
6 0.32568125 0.36634365 0.04365 0.0665625
6 0.34140625 0.361865 0.0125 0.05625
6 0.41328125 0.38203125 0.01865 0.025
6 0.44140625 0.3828125 0.0661865 0.0984365
6 0.50390625 0.38203125 0.0265625 0.0921865
6 0.5365 0.36634365 0.0609365 0.061865
6 0.56265625 0.38661865 0.0328125 0.0859365
6 0.53203125 0.43515625 0.0865 0.153125
6 0.38046865 0.43046865 0.0953125 0.16865
6 0.2865 0.3865 0.0665625 0.109365
6 0.18984365 0.353125 0.0568125 0.1365
6 0.21696865 0.496865 0.1109365 0.25625
3 0.58359365 0.34665625 0.0109365 0.0140625
3 0.52634365 0.36161865 0.0203125 0.0203125
3 0.44453125 0.33359365 0.0140625 0.015625
3 0.4015625 0.353125 0.009365 0.0203125
3 0.34453125 0.33359365 0.0068125 0.0109365
3 0.33046865 0.3328125 0.0109365 0.0109365
3 0.29921865 0.3328125 0.01865 0.015625
0 0.3109365 0.32568125 0.00625 0.0161865
3 0.259365 0.296865 0.0140625 0.0140625
3 0.246865 0.35390625 0.009365 0.028125
3 0.159365 0.33984365 0.009365 0.0109365
3 0.12109365 0.33046865 0.0140625 0.0140625
3 0.08046865 0.31015625 0.0203125 0.015625
1 0.01328125 0.3125 0.009365 0.021865
5 0.0203125 0.41640625 0.040625 0.2890625
5 0.06109365 0.41953125 0.090625 0.3140625
5 0.1365 0.32109365 0.021865 0.04365
5 0.1125 0.415625 0.0634365 0.25625
5 0.14665625 0.4125 0.0546865 0.21865
5 0.18661865 0.4328125 0.1068125 0.434365
5 0.2609365 0.3359365 0.05 0.159365
5 0.2828125 0.44921865 0.10625 0.3359365
5 0.32421865 0.40390625 0.05625 0.20625
5 0.33515625 0.39453125 0.040625 0.1859365
5 0.36265625 0.465625 0.1234365 0.36865
5 0.44140625 0.425 0.0865 0.2634365
5 0.5046865 0.39365 0.053125 0.1921865
5 0.5328125 0.35390625 0.084365 0.15625
5 0.56953125 0.4015625 0.0390625 0.19365
5 0.52109365 0.465 0.1359365 0.35
5 0.20603125 0.45234365 0.1484365 0.3953125
5 0.4546865 0.825 0.26865 0.35
6 0.5015625 0.66865 0.165 0.0365
