1 0.4068125 0.28359365 0.321865 0.1109365
2 0.36634365 0.10234365 0.3828125 0.2046865
5 0.284365 0.16953125 0.56865 0.3390625
6 0.6363156641062224 0.18154841920608603 0.016642033338636055 0.03916249394986581
5 0.6364889606633588 0.16664661438662588 0.02569996866599956 0.06889544564526395
0 0.6361606864363135 0.15030296438662566 0.011082950668363623 0.012563632513556365
2 0.05323626636108918 0.4613558066606666 0.02369203866963625 0.022011355386194253
3 0.0629021686068163 0.49630126561628984 0.012699994668999893 0.01626022286263689
4 0.05265556661604314 0.5643336481298462 0.04498633068109026 0.10650453005422929
5 0.05984136061666945 0.5689802415139888 0.06816038669636225 0.21913169508134384
5 0.51865 0.39453125 0.0865 0.1109365