1 0.25234365 0.40603125 0.5046865 0.1453125
2 0.184365 0.2421865 0.36865 0.15
5 0.2696865 0.31953125 0.559365 0.3203125
6 0.68828125 0.0661865 0.1546865 0.134365
5 0.6865 0.02568125 0.08125 0.0515625
5 0.6359365 0.028125 0.05625 0.05625
5 0.668125 0.1696865 0.19365 0.359365
2 0.22421865 0.59609365 0.4484365 0.2328125
1 0.24296865 0.88828125 0.4265625 0.2234365
5 0.2696865 0.63984365 0.559365 0.5203125
5 0.6696865 0.64665625 0.440625 0.5046865
2 0.60625 0.5919186113939962 0.2046865 0.22425665469445316
1 0.61640625 0.8943805400620426 0.16865 0.18633858402290684