6 0.4484365 0.0984365 0.040625 0.13125
6 0.4421865 0.048369153405451205 0.034365 0.08008648933699968
6 0.38359365 0.10003110339649603 0.1140625 0.19966463634881644
6 0.33661865 0.040625 0.0453125 0.08125
6 0.29921865 0.059365 0.0921865 0.11865
6 0.2068125 0.04365 0.065625 0.0865
6 0.15625 0.06161865 0.096865 0.1234365
6 0.10625 0.03359365 0.061865 0.0661865
3 0.465625 0.01484365 0.00625 0.0140625
3 0.3696865 0.01015625 0.01865 0.0203125
5 0.44140625 0.08661865 0.0546865 0.1634365
5 0.43828125 0.13359365 0.0609365 0.2661865
5 0.36015625 0.03984365 0.0296865 0.0696865
5 0.36109365 0.18984365 0.1546865 0.3696865
5 0.32634365 0.10603125 0.0828125 0.2140625
5 0.2865 0.1421865 0.125 0.284365
5 0.20546865 0.08984365 0.0890625 0.1696865
5 0.11865 0.165625 0.18125 0.33125
5 0.1 0.09609365 0.096865 0.1921865
