4 0.16421865 0.13661865 0.3484365 0.2634365
5 0.2546865 0.34453125 0.509365 0.6890625
0 0.5140625 0.25 0.009365 0.025
0 0.5605682986955812 0.2565552512630936 0.04554884933606006 0.04115225866281686
0 0.6063933016206434 0.26460356126663035 0.015634084308955332 0.01893181333545444
0 0.6198933016206434 0.26445811059836666 0.01629658430895533 0.01894999466899989
0 0.6519600035160414 0.25626289326068514 0.0314226168225126 0.030051126660908868
0 0.6950968346999348 0.22842915658818544 0.023563855386194255 0.023610220003181602
0 0.6343148609042883 0.20141212324954932 0.03663634933606006 0.04106135200509069
0 0.6246126169664219 0.256661211250822 0.06604315651666246 0.06263861600890866
0 0.6893154664116869 0.28123543590868605 0.018886355386194254 0.023655666002545346
0 0.811258645104685 0.26926214623904984 0.010992042154466844 0.00950226933481808
6 0.8086685396185906 0.29262691923936694 0.012663626463433165 0.028260450668363534
0 0.8268962806434045 0.2666365839035954 0.025145445645263666 0.025290901336626066
0 0.8684161601318996 0.24662352856464105 0.029851126463433166 0.028460445336363426
0 0.9292628469001832 0.2600669565563686 0.022011355386194253 0.02369203866963625
0 0.964544440284325 0.2665809468835508 0.020448855386194252 0.023663856336090696
6 0.96265625 0.346865 0.0546865 0.09365
6 0.931902422330344 0.3451968438892668 0.03342155405833438 0.10506930800445442
6 0.8633450336666625 0.33962864389623196 0.058466005853632344 0.11316260934118148
6 0.8311620689462022 0.33933828990295895 0.04643860226293641 0.0964204400063634
6 0.6952018530485032 0.34366261056450426 0.03485668903121965 0.08321248933699968
6 0.6891882023845632 0.30426404125559454 0.034846698662140125 0.08164998933699969
6 0.6226455969983691 0.32848424693126584 0.03691815651666228 0.06231135200509069
6 0.6068382084346965 0.3224069605999566 0.00960225292686635 0.05635908800126262
6 0.5359313921669189 0.3286120619430481 0.016323855386194253 0.023636494668999892
6 0.5234365 0.3265625 0.028125 0.09365
6 0.5653325458669108 0.36658536660568465 0.08364880698520056 0.16190111066690855
6 0.658510364125642 0.34056606625963065 0.06668646369925485 0.10390669634245403
6 0.6568691150505556 0.3136303125695949 0.04664668052166656 0.1333569400063633
6 0.6203513230924699 0.45312006391691286 0.0936236666345696 0.24694669866918126
3 0.5125 0.26890625 0.00625 0.0140625
3 0.5501529634618121 0.3012046699411391 0.006930664668035032 0.020403406666626165
3 0.6062696622321481 0.2841348112666303 0.006866132513556366 0.011028406666626165
3 0.6213366260526083 0.2846524292648213 0.010992042154466844 0.00950226933481808
3 0.6516962866935286 0.2859603932606852 0.016268403590696288 0.015824994668999892
0 0.6409006933093869 0.2690564125955033 0.00634999394986581 0.01626022533418181
3 0.6933853438651211 0.25422858692163086 0.012562622862636888 0.012645450668363622
3 0.6024330909482548 0.3103694999204582 0.006413626463433165 0.02819662533418181
3 0.6866346926436529 0.3015661162422314 0.009438632513556366 0.011046588001262618
3 0.8266381993595112 0.29408033390359534 0.012562622862636888 0.012645450668363534
3 0.868244443309386 0.26641102856464106 0.01883181323161641 0.014280666002545345
1 0.9330426415139886 0.2834690032225051 0.00693066466803521 0.020403406666626165
3 0.9651656993595112 0.2923531062166681 0.01560681323161641 0.01424431333545444
5 0.9603125 0.38515625 0.059365 0.2640625
5 0.9449426668146342 0.3864485525541415 0.06506466426525151 0.28054202266663586
5 0.8691696085328933 0.3842053462310956 0.06896012002052529 0.30546929634245404
5 0.8111666415139888 0.2848861462390498 0.016432939695149585 0.042386494668999895
5 0.828586524689662 0.36920931190326616 0.056141956452638825 0.25063634666409056
5 0.6942468862259905 0.36335930124126603 0.04030686919390666 0.21451603333863606
5 0.6526461935056686 0.4064348565802312 0.06664529449216866 0.4555602040101814
5 0.6892563800666604 0.29255529125559454 0.039962445548882286 0.15514203333863605
5 0.6589325549420961 0.40226563659295696 0.08461238504664003 0.32652611066690854
5 0.6224910608940255 0.3550466469312659 0.04169665632126062 0.2020352146621816
5 0.612393898228043 0.3450086665993213 0.029188562012315284 0.18313966400381698
5 0.5662662296083281 0.44686059460536643 0.09466825838681536 0.4291966986691813
5 0.52421865 0.36696865 0.0296865 0.2661865
5 0.621865 0.45234365 0.103125 0.4634365
