1 0.19365 0.5109365 0.3865 0.240625
2 0.25603125 0.24453125 0.5140625 0.2140625
4 0.35 0.6603125 0.6 0.159365
5 0.35 0.4359365 0.6 0.628125
5 0.9046865 0.28591658195418396 0.009365 0.02969658800126254
0 0.63661865 0.9486664645683222 0.059365 0.06944089066462603
4 0.5390625 0.8616888069249125 0.015625 0.03455681333545435
0 0.5390625 0.8443450569249125 0.0125 0.014206950668363622
5 0.53515625 0.893609261258666 0.0328125 0.1165693080044546
4 0.840625 0.6653036092456313 0.01865 0.03459316600254543
4 0.88661865 0.6625 0.0140625 0.025
4 0.90546865 0.6614240839035954 0.0203125 0.03304885633609062
5 0.90390625 0.803125 0.0328125 0.10625
5 0.8865 0.665625 0.021865 0.03125
5 0.8609365 0.6634365 0.028125 0.046865
4 0.86015625 0.66484365 0.0203125 0.0296865
4 0.83828125 0.6953125 0.0265625 0.090625
6 0.68125 0.865 0.1625 0.25
5 0.6890625 0.865 0.168125 0.25