6 0.3365 0.2046865 0.0625 0.409365
1 0.3063366420830416 0.10256854632083909 0.01666839600562696 0.04228649394986581
0 0.2866861894095864 0.052464008191423515 0.046066116008908666 0.06588862041330898
0 0.1390625 0.04453125 0.068125 0.0890625
6 0.20068125 0.265 0.2046865 0.26865
5 0.29558160266095025 0.18531286962664196 0.06265898661226049 0.33633646569950324
5 0.1984365 0.2046865 0.221865 0.409365
3 0.593960626363135 0.1363515616166266 0.025526258662816865 0.04545694564526386
3 0.6399641180368619 0.19656196511213215 0.016551126660908866 0.03134999394986581
6 0.5625 0.26568125 0.13125 0.2661865
0 0.6195683453612259 0.12402084562363691 0.060593149346544895 0.10503293364502549
0 0.5812683666852264 0.054460894024630546 0.069668154668545 0.08689996569950319
6 0.66568125 0.28046865 0.1265625 0.2568125
5 0.568125 0.20603125 0.165 0.4046865
5 0.68125 0.2390625 0.16865 0.340625
0 0.06411294605345206 0.45248625496996966 0.052289653341816656 0.06269998184962643
3 0.08341566806162438 0.5134646519449065 0.02681603866963616 0.022029536104353466
6 0.09856823864122368 0.6080868151666241 0.13652039635836255 0.1851566608808461
5 0.10156651664885981 0.6643514506152435 0.16194065639962416 0.48996153590696183
5 0.025 0.68984365 0.05 0.4984365
