3 0.4359365 0.065625 0.028125 0.028125
3 0.39628024860659364 0.019141684454033493 0.025254538669636162 0.022020445645263953
3 0.32615013594050264 0.022680395692156104 0.031540901336626246 0.025181806181592398
3 0.28515625 0.0109365 0.0265625 0.021865
3 0.22361546926266556 0.031088314311861024 0.026853401336626246 0.025154536104353652
3 0.16265625 0.00546865 0.0265625 0.0109365
3 0.121865 0.009365 0.025 0.01865
3 0.05390625 0.009365 0.0265625 0.01865
0 0.43515625 0.0161865 0.0296865 0.034365
6 0.046865 0.09296865 0.09365 0.1609365
6 0.01953125 0.0161865 0.0390625 0.034365
6 0.05603125 0.00625 0.0634365 0.0125
6 0.1161865 0.01865 0.090625 0.0365
6 0.11580243459582143 0.10649225390882486 0.09631244668999892 0.16242951190385662
6 0.16138026259609415 0.09669454616149845 0.06213063335454456 0.15665906615858266
6 0.20068125 0.01953125 0.0328125 0.0390625
6 0.21412165592666602 0.11606581128680893 0.10981244668999893 0.1625022346664938
6 0.28123606693604835 0.05565196102592524 0.061955654668545004 0.0868545240041051
6 0.31563869992841236 0.11169643694663366 0.1395544906906352 0.1663624515990065
6 0.3659314125955033 0.10832245912206862 0.10514312802354446 0.16403646369925485
6 0.4015625 0.1640625 0.096865 0.23125
5 0.02634365 0.1661865 0.0546865 0.334365
5 0.03828125 0.14665625 0.0665625 0.2953125
5 0.05546865 0.19609365 0.1109365 0.3921865
5 0.103125 0.1515625 0.146865 0.303125
5 0.1015625 0.1984365 0.140625 0.396865
5 0.14921865 0.184365 0.1234365 0.36865
5 0.18828125 0.161865 0.1161865 0.34365
5 0.196865 0.21161865 0.165625 0.4234365
5 0.25859365 0.1634365 0.1234365 0.346865
5 0.296865 0.228125 0.203125 0.45625
5 0.35859365 0.2140625 0.1609365 0.428125
5 0.36109365 0.26865 0.1568125 0.5365
1 0.8453125 0.44453125 0.309365 0.2603125
2 0.86634365 0.22265625 0.2453125 0.1603125
5 0.625 0.32265625 0.55 0.5140625
4 0.225 0.80390625 0.45 0.3921865
5 0.225 0.68984365 0.45 0.4203125
0 0.94609365 0.6661865 0.1068125 0.165
3 0.96953125 0.81696865 0.0609365 0.0634365
6 0.86161865 0.8634365 0.2665625 0.253125
5 0.83661865 0.68984365 0.3265625 0.4203125