1 0.2634365 0.08515625 0.4865 0.1603125
4 0.265 0.38046865 0.55 0.2984365
5 0.265 0.26484365 0.55 0.5296865
1 0.65859365 0.32634365 0.2161865 0.2515625
2 0.66328125 0.0953125 0.4265625 0.190625
4 0.665 0.4609365 0.45 0.1365
5 0.665 0.26484365 0.45 0.5296865
0 0.1680194191088901 0.6262631106506516 0.06620668298109546 0.10038169508134384
3 0.18241602661834236 0.6663003816269905 0.020621562208606952 0.053243164668035034
6 0.1065302384889268 0.6948282493126289 0.10082622266624522 0.14266928298109545
5 0.13468604869558128 0.6623356256660621 0.16518061416669294 0.19314198660335966
5 0.6296865 0.54296865 0.028125 0.0265625