1 0.2890625 0.15068125 0.48125 0.3015625
4 0.26484365 0.2859365 0.5296865 0.365625
5 0.26484365 0.234365 0.5296865 0.46865
3 0.6809884631100696 0.06196138009226851 0.056531801131468204 0.04909202800663594
0 0.81328125 0.0203125 0.1661865 0.040625
4 0.6390625 0.259365 0.268125 0.41865
5 0.634365 0.234365 0.409365 0.46865
5 0.60390625 0.234365 0.1484365 0.46865
5 0.1634365 0.55859365 0.2 0.1696865
5 0.6484365 0.69921865 0.2365 0.2140625
3 0.6302965958200286 0.8399203066313608 0.20058168298109564 0.1023262106938169
4 0.63046865 0.9453125 0.4015625 0.109365
5 0.66484365 0.6568125 0.4603125 0.484365