1 0.25068125 0.3365 0.5015625 0.31865
2 0.24665625 0.065 0.4953125 0.15
5 0.35 0.25 0.6 0.5
4 0.26421865 0.56568125 0.5484365 0.1515625
5 0.35 0.65 0.6 0.5
0 0.9381165816648626 0.646514963916322 0.02366465896699054 0.0393352200031816
0 0.8668416362259904 0.8028933545910488 0.022064986899651618 0.03462953866963616
0 0.962416624125642 0.6665365625695949 0.02522625896699054 0.039353401336626066
0 0.8328125 0.99365 0.021865 0.0125
6 0.882446322994264 0.8169013105904126 0.03626384328594586 0.058230660661545234
6 0.9568524253554062 0.684006446246004 0.058266108313060605 0.08036020934118149
6 0.9395336360295986 0.6624966825826666 0.046311336235821684 0.0655454400063634
5 0.98661865 0.62634365 0.0265625 0.2140625
5 0.9354319433093861 0.6061359859166402 0.0612396166261212 0.16019316000954512
5 0.9426581151486516 0.806826329248913 0.08968962862636923 0.12603633601209026
5 0.8668603983262386 0.8362664452568216 0.06152836334016534 0.1022615620082623
5 0.83515625 0.98984365 0.0359365 0.0203125