0 0.1669501089022356 0.06991356596219109 0.02664430618159231 0.031404536104353464
0 0.24266681664665698 0.06962944836655254 0.02199316466803503 0.020439665026114642
0 0.3051813619262968 0.06931181264063624 0.0110284035906962 0.015688632513556364
0 0.29041942515901436 0.0651629543294809 0.026644306181592396 0.031404536104353464
0 0.29260409386512104 0.09252033986810026 0.04553965896699045 0.03932612041330898
0 0.3693546601318996 0.08655610469601906 0.025145445645263666 0.025145445645263866
0 0.42265625 0.09665625 0.0328125 0.0421865
6 0.3999984363564586 0.16502256464459386 0.018886355386194254 0.023546584308955332
6 0.3642353680656169 0.16164658361968024 0.06304542154466602 0.09411361436318462
6 0.3141382054096354 0.1512413548952149 0.02395565046653818 0.08919885538619425
6 0.2836239965641131 0.14168909289316236 0.05821246569950315 0.06908634328594586
6 0.24308081684595386 0.14456664355609235 0.042669289031219634 0.08305693969514966
6 0.26949049463624684 0.1969163669954634 0.08209540339440444 0.14568519866214013
6 0.409365 0.21640625 0.059365 0.1609365
3 0.16448363905466085 0.09099368042356163 0.00691249394986581 0.016232951695398143
6 0.14936626864135192 0.13621982201231528 0.05681360226293632 0.09620225292686616
3 0.24164556582294431 0.10550615319801268 0.014144313231616586 0.014144313231616586
3 0.2955200156162898 0.12846602058625954 0.02042158430895542 0.01886816466803503
3 0.3684143288480064 0.11489530961646926 0.014144313231616586 0.014144313231616586
3 0.41655013310263253 0.1401180234149299 0.006930664668035032 0.020356951695398142
5 0.4 0.25546865 0.068125 0.3661865
5 0.3669666686395468 0.20233166610392194 0.0812146803253658 0.2629636083130604
5 0.31162626661653826 0.16294646935659554 0.0495101623613949 0.18465680113146804
5 0.2908825125912266 0.11985499950902065 0.06899666446164326 0.1504545169539809
5 0.23831150361423628 0.15861296246985345 0.05889425263046451 0.18626384328594586
5 0.15682456289606804 0.16126981898625318 0.06626265026114652 0.21918633623582168
5 0.246865 0.2515625 0.1865 0.365
1 0.09296865 0.634365 0.1859365 0.346865
4 0.16484365 0.92265625 0.3296865 0.1546865
5 0.19665625 0.61953125 0.3953125 0.5609365
6 0.8566251663684156 0.5156810986468949 0.039280668616910665 0.036626258966990544
5 0.8564018611988658 0.5165668939264346 0.05039996569950324 0.0690408914905469