1 0.221865 0.38125 0.265 0.115625
0 0.18661865 0.215625 0.3453125 0.21865
5 0.1696865 0.253125 0.359365 0.361865
3 0.45603125 0.1843526949831481 0.034365 0.02666248689965162
3 0.496865 0.14005334913966832 0.0234365 0.020448855386194252
3 0.5625 0.14266889422102225 0.0296865 0.023610216822512696
3 0.5984365 0.13048696246985346 0.0234365 0.022011355386194253
3 0.6568125 0.14880215612486896 0.0234365 0.023563855386194255
3 0.66696865 0.10266649345889646 0.01865 0.02042158430895542
3 0.6046865 0.11938636689626645 0.0234365 0.022011355386194253
3 0.646865 0.060256806592416165 0.0265625 0.022029536104353466
3 0.6515625 0.12591006666965606 0.0234365 0.022011355386194253
3 0.815625 0.05986653239192036 0.021865 0.020439665026114633
3 0.8140625 0.12314869203284066 0.025 0.025145445645263666
3 0.85234365 0.08821515583029135 0.0234365 0.023563855386194255
3 0.91696865 0.04162195091163529 0.025 0.025145445645263953
3 0.9661865 0.06694569622264325 0.0296865 0.025162616822512698
3 0.88828125 0.10863663408912259 0.0265625 0.026616036104353466
0 0.9625 0.03629352614540442 0.0421865 0.04243293969514968
0 0.91161865 0.01015625 0.0359365 0.0203125
0 0.88203125 0.0602628626528041 0.0421865 0.04243293969514968
0 0.846865 0.050683339563512666 0.0359365 0.04083406825883114
0 0.8125 0.026264601663661146 0.0328125 0.03612839654066192
0 0.8068125 0.08014358059652226 0.040625 0.04242384933606006
0 0.63984365 0.02506064996655888 0.0359365 0.03458406825883123
0 0.64365 0.0883646258642569 0.0390625 0.04241465896699036
0 0.60068125 0.08264589099956843 0.0390625 0.04085225896699045
0 0.6568125 0.06598965612486895 0.0359365 0.03660906825883123
0 0.646865 0.10655102361132163 0.0421865 0.04399543969514966
0 0.59296865 0.08904990622306482 0.0421865 0.039306939695149664
0 0.5546865 0.09820219242562418 0.0484365 0.048619301131468204
0 0.490625 0.09604823660335986 0.046865 0.050262610662388506
0 0.446865 0.12882495664913056 0.0568125 0.056586343285945865
6 0.959365 0.1546865 0.08125 0.159365
6 0.928125 0.0808435382456528 0.065625 0.06656929508134402
6 0.90234365 0.18662469632083908 0.11865 0.16412836629005096
6 0.82265625 0.20366643900666866 0.0921865 0.15053633118569648
6 0.853125 0.11612595100983121 0.05 0.06435339149054662
6 0.8109365 0.09969301131468153 0.0661865 0.059665885440423536
6 0.6546865 0.10952200838681526 0.0828125 0.09110668903121965
6 0.6568125 0.2181339391059645 0.090625 0.1614646408266168
6 0.60603125 0.21002600243588693 0.0661865 0.14560338544042355
6 0.668125 0.136420330692914 0.03125 0.0366818061815924
6 0.6661865 0.22854419826935663 0.103125 0.15996496369925485
6 0.6046865 0.162611833916162 0.059365 0.08159543364502539
6 0.56265625 0.22565048155503983 0.1296865 0.16636949980360816
6 0.5161865 0.22220266380661333 0.0984365 0.16151019262201594
6 0.4609365 0.2656816608808461 0.15625 0.2165340359069618
5 0.95390625 0.2234365 0.0921865 0.43125
5 0.94140625 0.190625 0.1161865 0.38125
5 0.91484365 0.23515625 0.1640625 0.4068125
5 0.861865 0.22639128531868663 0.1161865 0.4006816669309613
5 0.84140625 0.199860263316634 0.096865 0.3833661022629364
5 0.83661865 0.2484365 0.1515625 0.38125
5 0.66953125 0.20169586669906163 0.1390625 0.396684041958086
5 0.66953125 0.25068125 0.1328125 0.3665625
5 0.62568125 0.25 0.1161865 0.368125
5 0.690625 0.24196180366555086 0.109365 0.3928238251355633
5 0.6828125 0.259365 0.15625 0.359365
5 0.625 0.25 0.115625 0.368125
5 0.590625 0.253125 0.190625 0.361865
5 0.53203125 0.2515625 0.1515625 0.365
5 0.4828125 0.265625 0.221865 0.346865
1 0.31328125 0.69365 0.0921865 0.509365
1 0.125 0.65625 0.25 0.261865
