1 0.26953125 0.35859365 0.5390625 0.1421865
2 0.2046865 0.2640625 0.409365 0.096865
5 0.26953125 0.3140625 0.5390625 0.23125
6 0.32666520462626 0.615625 0.016551126660908866 0.03125
0 0.32649248462308834 0.5921865 0.006359088001262616 0.009365
5 0.33029066806162436 0.63125 0.026018154668545003 0.0865
5 0.26520546809354113 0.865625 0.04958292401336308 0.0984365
6 0.6586608514083146 0.68359365 0.18524869869508942 0.209365
0 0.6284642666345424 0.63125 0.08136836401962631 0.1453125
3 0.6618503980644512 0.6696865 0.02625339066462603 0.059365
5 0.646865 0.66953125 0.3125 0.4609365