1 0.39140625 0.084365 0.2546865 0.16865
4 0.2890625 0.2568125 0.459365 0.384365
5 0.259365 0.225 0.51865 0.45
3 0.9862433864223822 0.119215691836449 0.009438632513556366 0.010992042154466666
0 0.9856899606313366 0.10045660146636939 0.022064986899651618 0.03450226502611463
5 0.96890625 0.19140625 0.0421865 0.2161865
4 0.8490030430382405 0.11136994505690286 0.03156625292686635 0.056431806181592394
0 0.8406456423643105 0.06060494808296494 0.01631466502611463 0.021964993949865808
5 0.8542354436021604 0.15203666131468152 0.06662493344863355 0.18944429508134383
1 0.29921865 0.64665625 0.4390625 0.3359365
2 0.2865 0.46109365 0.4625 0.0421865
4 0.259365 0.85603125 0.51865 0.2859365
5 0.259365 0.625 0.51865 0.55
