1 0.2068125 0.1828125 0.415625 0.340625
2 0.209365 0.03515625 0.41865 0.0603125
4 0.3546865 0.3109365 0.609365 0.1365
5 0.3546865 0.18984365 0.609365 0.3696865
0 0.8598614663315334 0.26696865 0.036219301131468026 0.0484365
0 0.99296865 0.2046865 0.0140625 0.068125
6 0.8609365 0.3515625 0.0865 0.05625
3 0.8593265656666035 0.30859365 0.028288626463433165 0.028125
5 0.96015625 0.22634365 0.0696865 0.3046865
5 0.859365 0.265 0.18125 0.209365
0 0.053125 0.4265625 0.10625 0.09365
6 0.16450665895354933 0.66953125 0.19291566048806366 0.39365
5 0.16015625 0.68984365 0.3203125 0.6203125
3 0.9953125 0.65068125 0.009365 0.0265625
3 0.9551066982693568 0.61865 0.02355566466803521 0.0203125
3 0.8896135084860111 0.64140625 0.029832945645263666 0.025
3 0.8505464633064613 0.640625 0.02512626502611463 0.021865
3 0.6966259963856626 0.66568125 0.025136355386194253 0.0234365
3 0.663161806690613 0.63359365 0.020439665026114633 0.021865
3 0.6420608869645064 0.6609365 0.023564665026114632 0.021865
0 0.6340402193565956 0.6234365 0.039298849336060064 0.040625
0 0.6613665025340828 0.69365 0.036626258966990544 0.0390625
0 0.6950231611519936 0.63125 0.042451120413308986 0.0453125
0 0.8432652284316819 0.69665625 0.04242384933606006 0.040625
0 0.8846568428931624 0.6953125 0.050290891490546905 0.05
0 0.9460396682251263 0.665 0.048628391490546904 0.05
0 0.98515625 0.69365 0.0296865 0.05625
6 0.6203125 0.665625 0.021865 0.09365
6 0.63661865 0.8634365 0.0546865 0.165625
6 0.6665935836215844 0.85068125 0.06806016446164336 0.15
6 0.6641521349494442 0.66953125 0.03303965896699054 0.0390625
6 0.8121656402364426 0.8568125 0.10564198660335968 0.1640625
6 0.8568266981811609 0.68359365 0.059856689031219645 0.0828125
6 0.9056339330558503 0.8265625 0.13380334913966856 0.1603125
6 0.9546865 0.80625 0.090625 0.165625
6 0.96568125 0.84365 0.0484365 0.221865
5 0.640625 0.828125 0.0625 0.34365
5 0.65 0.8568125 0.08125 0.284365
5 0.665625 0.85 0.1125 0.3
5 0.69365 0.8365 0.109365 0.325
5 0.81696865 0.85234365 0.1568125 0.2953125
5 0.86161865 0.8359365 0.1161865 0.328125
5 0.90859365 0.8328125 0.1828125 0.334365
5 0.94453125 0.82265625 0.1109365 0.3546865
5 0.9609365 0.82890625 0.068125 0.3421865