3 0.00625 0.1203125 0.0125 0.025
3 0.045922595820028625 0.08009552439688856 0.02198408430895542 0.01886626502611464
3 0.11553111386220541 0.09296225341684556 0.028252265026114642 0.022038626463433086
3 0.1561196524358869 0.0864859040816655 0.02198408430895542 0.01886626502611464
3 0.21486612889932004 0.11426001561628983 0.022002265026114644 0.02200226502611463
3 0.2333544181269315 0.0662859313063344 0.01886816466803503 0.020421584308955333
3 0.26864602351312565 0.09051889822804302 0.02199316466803503 0.020439665026114642
3 0.3230163609453392 0.035513235660256416 0.02511816466803503 0.020456945645263865
3 0.3161608819243821 0.10508084609656486 0.02199316466803503 0.020439665026114642
3 0.3956261530998169 0.044465533963054193 0.02198408430895533 0.01886626502611464
3 0.3836180385402404 0.11162565683569112 0.02512626502611463 0.022020445645263953
3 0.4303156665381869 0.08098429606330256 0.02200226502611463 0.022002265026114644
3 0.5064322665611964 0.04146182328886152 0.023563855386194255 0.023563855386194255
3 0.5530129331540461 0.08630195286555258 0.028252265026114633 0.022038626463433166
3 0.46484985682208116 0.108128058163551 0.025145445645263666 0.025145445645263953
0 0.5551021530998168 0.04353831633693316 0.040852258966990366 0.039298849336060064
0 0.50546865 0.009365 0.0328125 0.01865
0 0.46533112596245385 0.05656101298401119 0.040861349336060066 0.040861349336060066
0 0.4300694262021169 0.040359296063302616 0.03460225896699054 0.03926248689965162
0 0.396865 0.0125 0.03125 0.025
0 0.3849169181269316 0.06640416646661151 0.036626258966990544 0.03928066861691084
0 0.321865 0.00625 0.034365 0.0125
0 0.31615328258831205 0.06446039226611466 0.03663634933606006 0.04084316861691084
0 0.2606635145361353 0.051442662689423605 0.03615566861691084 0.03660906825883123
0 0.22843511396040128 0.026469452384563268 0.03458406825883114 0.036136486899651616
0 0.20992600848601112 0.0689846866935286 0.03664543969514966 0.04240566861691084
0 0.15585613202256803 0.0411634040816655 0.03928066861691084 0.03662625896699045
0 0.11369590309981685 0.04610634366692516 0.0440136204133089 0.04556603005422928
0 0.04643568022616992 0.033996229216348654 0.04402261066238851 0.046129530054229284
0 0.01015625 0.06015625 0.0203125 0.0515625
6 0.58515625 0.20625 0.0296865 0.1865
6 0.54921865 0.1603125 0.1015625 0.15625
6 0.5115930466154266 0.08519909639116249 0.0596386143631848 0.0628454336450254
6 0.46669356656146013 0.19405192262493162 0.10099993949865692 0.16245668298109546
6 0.3802163034691592 0.1984662326333902 0.06643516446164336 0.1504454265949012
6 0.4265866885402404 0.1114656619610016 0.0441136143631848 0.06265453005422929
6 0.38425384269496655 0.08662121165615128 0.06436156220860696 0.05349660462226432
6 0.3241021369645064 0.08685244048061661 0.06606156010845856 0.0869454265949012
6 0.30914526936685826 0.2026860940615126 0.06282039634428025 0.16291815651666228
6 0.25660608059652233 0.1866853611006699 0.05086266446164336 0.15029089149054692
6 0.23826008664484234 0.10465866023009556 0.028343168616910842 0.03666362646343316
6 0.21225209864869896 0.20022569633444914 0.08686461662612102 0.15986496964936904
6 0.15482086284919582 0.13180649444085516 0.050463608313060425 0.06996839149054662
6 0.11292880951928339 0.18283418413600483 0.11656130698520055 0.16161018656189165
6 0.05426233664664646 0.16066506260149045 0.08062380698520064 0.16140110831306043
6 0.02634365 0.21696865 0.0546865 0.2140625
5 0.58125 0.2859365 0.0365 0.496865
5 0.54921865 0.24453125 0.1015625 0.4515625
5 0.509365 0.2015625 0.0625 0.403125
5 0.46892480034590116 0.2613911264453918 0.10588846916020386 0.46559996369925466
5 0.4280634510098311 0.23100246668146185 0.06182939695149692 0.4222204336450254
5 0.4 0.2 0.04365 0.4
5 0.3845361648062818 0.2695382568356911 0.09631348126045225 0.44116042154466604
5 0.3234365 0.19665625 0.0865 0.3953125
5 0.3134196889095826 0.2660456181638136 0.06601916196861146 0.444166246866642
5 0.2695424238824681 0.244425148228043 0.06182939695149664 0.4222204336450254
5 0.23500834259856468 0.21628138612669463 0.0539805355151683 0.41592498184962645
5 0.21636139060498085 0.2644161652562102 0.09950211366400953 0.45212610226293626
5 0.16391913666811462 0.21846624646591615 0.06482613192438219 0.4003636143631848
5 0.118125369626642 0.2603069130586659 0.13100664382823882 0.49605690944452866
5 0.05939526424154665 0.24621030152425164 0.090281649868363 0.46863406010845855
5 0.0365 0.30603125 0.065 0.5484365
4 0.8 0.41696865 0.4 0.3421865
5 0.8 0.29453125 0.4 0.5890625
0 0.4159032966136226 0.6029668594914108 0.03152261066238851 0.0460568061815924
0 0.24300615319801268 0.6625660941696086 0.05666624686664216 0.06366465292686635
6 0.4346810896616086 0.8419258203619953 0.06966621662612103 0.15966496569950323
6 0.25 0.8634365 0.109365 0.253125
3 0.4223896460496926 0.6435564980550924 0.025145445645263666 0.025145445645263953
5 0.259365 0.69453125 0.140625 0.4109365
5 0.44609365 0.8015625 0.1015625 0.396865
