1 0.30234365 0.46265625 0.5140625 0.2634365
2 0.221865 0.2328125 0.44365 0.2865
5 0.2696865 0.3296865 0.559365 0.559365
0 0.18485668903121964 0.6588316619686114 0.10989315046653826 0.0896988251355633
1 0.19485902380661333 0.6666986041330892 0.08166624082661669 0.09109669866214013
6 0.21328125 0.89609365 0.2234365 0.2068125
5 0.23203125 0.8046865 0.4640625 0.390625
1 0.83984365 0.9640625 0.1859365 0.061865
1 0.96568125 0.84921865 0.0484365 0.0890625
2 0.6 0.85390625 0.08125 0.1203125
2 0.86421865 0.85390625 0.2515625 0.1234365
2 0.94453125 0.6609365 0.1109365 0.084365
5 0.95603125 0.6984365 0.0859365 0.161865
5 0.80390625 0.88046865 0.3921865 0.2390625
5 0.60234365 0.8828125 0.0859365 0.196865
5 0.69609365 0.861865 0.2634365 0.25625