6 0.0140625 0.1859365 0.028125 0.103125
6 0.04160414832623894 0.215625 0.08198631908544911 0.1265625
6 0.1339189194034666 0.2109365 0.05850336629005069 0.11865
6 0.16646346668326602 0.24453125 0.086646541958086 0.1390625
6 0.2338680126866195 0.21696865 0.0646988251355633 0.109365
0 0.25308606592114016 0.1390625 0.03144998689965162 0.034365
0 0.18048082289606806 0.13046865 0.042451120413308986 0.0453125
0 0.14933990620503348 0.11161865 0.03303066861691084 0.0365
0 0.04544629264365285 0.109365 0.03144998689965162 0.034365
0 0.0290955848981306 0.1 0.026644306181592396 0.03125
3 0.04659105484390123 0.14365 0.016268403590696288 0.015625
3 0.15223310304850326 0.1515625 0.015696622862636886 0.0125
3 0.18099845248266908 0.16568125 0.015634084308955332 0.01865
3 0.2490126542681662 0.16696865 0.015606813231616664 0.0140625
5 0.021865 0.225 0.04365 0.284365
5 0.0453125 0.25068125 0.090625 0.3161865
5 0.1330558561616612 0.225 0.06030445140261463 0.2661865
5 0.19921865 0.2568125 0.1515625 0.303125
5 0.2320926989901688 0.25625 0.0681614935560923 0.2665625
2 0.940625 0.2890625 0.11865 0.134365
2 0.04609365 0.4296865 0.0921865 0.040625
2 0.01015625 0.45 0.0203125 0.08125
4 0.32265625 0.6 0.2140625 0.30625
4 0.20003584055546136 0.4640625 0.1300511143631846 0.0625
4 0.05859365 0.6453125 0.1161865 0.268125
4 0.3634365 0.66890625 0.1125 0.3359365
5 0.34365 0.6046865 0.161865 0.590625
5 0.2603125 0.6046865 0.31865 0.590625
5 0.19609365 0.6328125 0.1890625 0.446865
5 0.0921865 0.6046865 0.184365 0.590625
5 0.03359365 0.60625 0.0661865 0.5865
5 0.853125 0.43203125 0.059365 0.0453125
0 0.5369692451282261 0.9015625 0.03466589149054663 0.05
6 0.506515040306666 0.90068125 0.09121586334016515 0.1015625
5 0.5046865 0.92265625 0.103125 0.1546865
