3 0.5265625 0.05234365 0.00625 0.0203125
3 0.468125 0.00390625 0.025 0.0068125
3 0.4856254452542945 0.06696865 0.02200226502611463 0.021865
3 0.4046865 0.00859365 0.021865 0.0161865
3 0.41660214604969266 0.06568125 0.02512626502611463 0.021865
3 0.3606453398681003 0.04453125 0.02200226502611463 0.021865
3 0.290625 0.00859365 0.025 0.0161865
3 0.055146604895214954 0.06640625 0.034556806181592354 0.03125
3 0.11666545130441866 0.05068125 0.02668966502611464 0.021865
3 0.16160839604969266 0.06568125 0.026606945645263864 0.025
3 0.2449095416634984 0.05234365 0.02981466502611463 0.021865
3 0.3348614663315334 0.06265625 0.025145445645263666 0.025
0 0.0515625 0.0161865 0.05625 0.034365
0 0.11015625 0.0125 0.0421865 0.025
0 0.1658568459182245 0.02634365 0.04614661066238851 0.046865
0 0.2421865 0.0140625 0.040625 0.028125
0 0.334365 0.01953125 0.040625 0.0390625
0 0.36865 0.01161865 0.034365 0.0234365
0 0.41586148145684394 0.0296865 0.03663634933606006 0.040625
0 0.48616034591822444 0.02634365 0.03663634933606006 0.040625
0 0.52109365 0.01640625 0.0161865 0.0328125
6 0.0568125 0.165 0.115625 0.209365
6 0.11946463494944423 0.11015625 0.0692045169539809 0.068125
6 0.16140438485124836 0.165 0.11360902380661343 0.190625
6 0.24696292105369665 0.13661865 0.10405221662612103 0.159365
6 0.2860834061248689 0.05 0.06131020462226432 0.0640625
6 0.33381802643999203 0.16015625 0.10414312021691614 0.165
6 0.422122002336691 0.1640625 0.0690158551898024 0.153125
6 0.3646369422292324 0.0665625 0.044122604622264316 0.0640625
6 0.41666545130441863 0.05068125 0.06594316256668646 0.0546865
6 0.4684942013044188 0.05068125 0.06863406010845856 0.0865
6 0.49365 0.1661865 0.061865 0.165625
5 0.06865 0.26161865 0.1365 0.5234365
5 0.1161865 0.21640625 0.065625 0.4328125
5 0.16031003834384862 0.25546865 0.13418618598261656 0.5046865
5 0.246865 0.2203125 0.109365 0.440625
5 0.2890625 0.18661865 0.065625 0.3634365
5 0.3328125 0.23984365 0.10625 0.4696865
5 0.36265625 0.20625 0.0640625 0.4125
5 0.40068125 0.184365 0.0421865 0.36865
5 0.4194196040348932 0.23661865 0.09692143305585022 0.4484365
5 0.468125 0.18203125 0.0865 0.3640625
5 0.490625 0.23125 0.068125 0.453125
5 0.51640625 0.2125 0.0265625 0.425
