3 0.0109365 0.02421865 0.021865 0.0203125
3 0.08108693616910823 0.03138066844496025 0.029832945645263953 0.025162616822512698
3 0.12009134884509062 0.020996259466969654 0.02512626502611463 0.022020445645263863
3 0.18116520423128502 0.044080235463864606 0.025136355386194253 0.023582945645263955
3 0.19453125 0.003125 0.0203125 0.00625
3 0.23256406666685186 0.015655253614236263 0.023564665026114632 0.022011355386194253
3 0.28183636992232955 0.024643906303229305 0.023564665026114632 0.022011355386194253
3 0.348256255460949 0.026601316042345564 0.025136355386194253 0.023582945645263864
0 0.16265625 0.01015625 0.0421865 0.0203125
6 0.39921865 0.1 0.0390625 0.168125
6 0.3518822252103281 0.11262063632418631 0.08996244554888229 0.15520565046653826
6 0.38984365 0.02634365 0.0484365 0.0546865
6 0.3453125 0.01484365 0.06865 0.0296865
6 0.28661865 0.0265625 0.0828125 0.053125
6 0.2824100625443455 0.12318140630322931 0.08534666842151916 0.16666836939029934
6 0.22921688485124836 0.11166162951193634 0.061819264830622885 0.1519160240041051
6 0.2036532665381869 0.03222966525621021 0.029914658966990453 0.0392352168225126
6 0.18556686880112416 0.12921365956616563 0.09939198660335995 0.16463519262201592
6 0.12346542406885985 0.06551032864981058 0.05663168903121964 0.08313965292686634
6 0.08629358664664646 0.12041599636662132 0.12910665868059868 0.16949540944452862
6 0.0365 0.11161865 0.065 0.1661865
6 0.0203125 0.16640625 0.040625 0.2234365
5 0.39609365 0.2068125 0.0453125 0.415625
5 0.3859365 0.16568125 0.065625 0.3515625
5 0.3603125 0.15625 0.068125 0.3125
5 0.35603125 0.20234365 0.1234365 0.4046865
5 0.29453125 0.1568125 0.1203125 0.315625
5 0.290625 0.20390625 0.1125 0.4068125
5 0.24609365 0.1890625 0.0984365 0.368125
5 0.209365 0.16568125 0.0865 0.3515625
5 0.196865 0.21484365 0.1365 0.4296865
5 0.13984365 0.16568125 0.0984365 0.3515625
5 0.09665625 0.225 0.1603125 0.45
5 0.0515625 0.21328125 0.103125 0.4265625
5 0.04140625 0.225 0.0828125 0.45
4 0.03661865 0.8515625 0.0634365 0.296865
1 0.6698368605525556 0.8599950851926183 0.43869083098930566 0.22442030054229312
2 0.6640625 0.61328125 0.490625 0.2328125
4 0.609365 0.9161865 0.58125 0.165625
5 0.609365 0.63661865 0.58125 0.5265625