6 0.49453125 0.4665625 0.0661865 0.125
1 0.4625065152669116 0.40515663601598884 0.02064885200509069 0.036618164668035034
1 0.15928190396245628 0.26426352966144584 0.02525453866963625 0.022020445645263953
1 0.025669425286456605 0.33224084913966833 0.02361022000318166 0.023563855386194255
1 0.1426645619430481 0.40614592125018945 0.03316612666090888 0.0314408965406621
1 0.3589546399586382 0.29355209562363693 0.034620445336363515 0.029886486899651618
2 0.33643526064668265 0.12856199023644265 0.02043966933481808 0.011055664668035032
2 0.2263432293125464 0.14120682464268968 0.015652269334818082 0.0110284035906962
2 0.02265625 0.29365 0.0453125 0.04365
2 0.01015625 0.225 0.0203125 0.021865
2 0.043412003302046885 0.21649254691001435 0.031540901336626115 0.025181806181592398
2 0.1606813193030014 0.21114306484098563 0.05043635200509069 0.03669089149054663
2 0.13806033628518402 0.34226035499341085 0.08353965334181666 0.06298168903121983
2 0.36199836130013684 0.23340948116225632 0.06249316534054522 0.05354315651666246
4 0.3613995486155468 0.3655043636658136 0.06652623201681633 0.1316863362358216
4 0.3368438033100011 0.16060668541698245 0.025363626660908866 0.031395445645263864
4 0.2290591493066639 0.16638225546094904 0.028524989336999685 0.03453862646343313
4 0.18982283195418392 0.32538283684303815 0.06691586468162662 0.11131929508134401
4 0.09921865 0.4665625 0.0890625 0.125
4 0.06046259595800194 0.29650333603942994 0.05098169201145401 0.08466589149054663
4 0.01484365 0.40068125 0.0296865 0.1390625
4 0.019392600628592642 0.26635619252382004 0.03462953866963625 0.022064986899651618
5 0.021865 0.40625 0.04365 0.265625
5 0.01953125 0.24140625 0.0390625 0.0546865
5 0.06939260062859268 0.2666460840143668 0.08592041335136286 0.13330336939029935
5 0.12890625 0.421865 0.1603125 0.234365
5 0.1946648632893202 0.31212885692026606 0.1293986880330894 0.24448631908544902
5 0.22868642930459225 0.19981965546094902 0.03433963201681633 0.131440896540662
5 0.3424403966422639 0.16844655649422133 0.029234061346262 0.09546612646343313
5 0.3662961339513204 0.3465628846530525 0.1345226400381801 0.28201359016268684
5 0.503125 0.4365 0.0865 0.203125
0 0.484808066950366 0.35522591460908593 0.041243165340545215 0.05336134933606006
4 0.85 0.08661865 0.134365 0.1634365
5 0.83046865 0.2125 0.2515625 0.425
5 0.8015625 0.36421865 0.303125 0.3296865
4 0.60068125 0.50603125 0.1015625 0.0640625
0 0.3360069146244565 0.6600214562563462 0.041615880012626626 0.09398634933606006
0 0.40060643264641 0.598661666439992 0.11369996801399936 0.10366950585363234
6 0.415625 0.861865 0.165 0.25625
5 0.31634842194463896 0.8566828266668519 0.06186618936981646 0.2691499656995032
4 0.3191360662640482 0.8856062584860111 0.054661320019090044 0.14093406220860696
5 0.41484365 0.6603125 0.1828125 0.459365