6 0.01015625 0.22634365 0.0203125 0.1328125
6 0.01865 0.18816599339590618 0.0359365 0.08010566066154532
6 0.059365 0.25625 0.11865 0.203125
6 0.12421865 0.20502823341022366 0.05 0.10839430266345414
6 0.153125 0.2389583380808144 0.0953125 0.136046561346262
6 0.2484365 0.2455361494260866 0.0603125 0.1258181600095451
6 0.28984365 0.2858616046660409 0.103125 0.15119996801399935
6 0.33515625 0.2640625 0.0484365 0.11865
0 0.303125 0.16882864610116618 0.046865 0.05054544000636341
0 0.265 0.1458452320963591 0.0365 0.04262385200509069
0 0.16865 0.1305464014162689 0.0359365 0.03948066066154524
0 0.15234365 0.11941699641404163 0.0296865 0.03315694533636351
0 0.096865 0.11866256006316846 0.053125 0.05364316534054513
0 0.0234365 0.12260553639654254 0.021865 0.028369538669636252
0 0.01161865 0.10859365 0.0234365 0.0421865
0 0.00390625 0.0865 0.0068125 0.01865
3 0.015625 0.13188963062881532 0.00625 0.009446625334181811
3 0.0046865 0.14665625 0.009365 0.0140625
3 0.08984365 0.16103449406222399 0.0203125 0.026698856336090696
3 0.1661865 0.1664656200826234 0.01865 0.016405666002545434
3 0.26265625 0.18644296009604106 0.015625 0.01424431333545435
3 0.3 0.21566638343408626 0.01865 0.020530666002545434
5 0.00390625 0.0953125 0.0068125 0.0365
5 0.02109365 0.21015625 0.0421865 0.2068125
5 0.0203125 0.240625 0.040625 0.3125
5 0.1 0.20464642264026938 0.0328125 0.08688180800445425
5 0.06865 0.3125 0.1365 0.459365
5 0.12109365 0.24561686064313285 0.0921865 0.29482269866918126
5 0.1484365 0.29281004408016813 0.1365 0.36566245635199915
5 0.246865 0.26036161809354114 0.0984365 0.2666069240133631
5 0.2828125 0.34921865 0.153125 0.4203125
5 0.32421865 0.303125 0.0603125 0.2865
3 0.16865 0.61015625 0.228125 0.1015625
4 0.1696865 0.66953125 0.359365 0.2203125
5 0.1696865 0.690625 0.359365 0.2625
3 0.06328125 0.94921865 0.1265625 0.1015625
2 0.0865 0.68984365 0.165 0.1484365
5 0.1696865 0.83661865 0.359365 0.3265625
4 0.85859365 0.6161826880628603 0.015625 0.02518181333545435
2 0.86328125 0.5953623320634966 0.0125 0.012645450668363622
5 0.85625 0.6093430160625422 0.0328125 0.04625680800445442