1 0.32634365 0.261865 0.4453125 0.29365
2 0.30603125 0.0296865 0.4859365 0.059365
5 0.265 0.2546865 0.55 0.509365
1 0.915625 0.368125 0.16865 0.2625
5 0.665 0.2546865 0.45 0.509365
3 0.28924923941654155 0.648061423980664 0.014462489336999685 0.03445681323161641
0 0.32069868664408636 0.6982566663416961 0.06209426068645366 0.15353406615858265
6 0.21608391206826916 0.6038986222834616 0.16192038669636233 0.21966621662612086
5 0.234365 0.6953125 0.253125 0.409365
4 0.665 0.6546865 0.45 0.490625
5 0.665 0.6546865 0.45 0.490625