1 0.2 0.11696865 0.4 0.2359365
4 0.2 0.24365 0.4 0.090625
5 0.2 0.14453125 0.4 0.2890625
1 0.6453125 0.1068125 0.490625 0.215625
4 0.6 0.19665625 0.6 0.1828125
5 0.6 0.14453125 0.6 0.2890625
0 0.925 0.3953125 0.15 0.196865
0 0.46328125 0.5515625 0.1265625 0.203125
6 0.91865 0.815625 0.1625 0.36865
6 0.69365 0.6568125 0.31865 0.684365
6 0.52421865 0.903125 0.2484365 0.19365
3 0.459365 0.664320322624361 0.0865 0.091643154668545
3 0.66640625 0.33046865 0.0921865 0.0828125
3 0.93661865 0.6096184601224944 0.090625 0.10886601634563562
5 0.828125 0.64665625 0.34365 0.6046865
5 0.6921865 0.64453125 0.4625 0.6109365
5 0.51328125 0.6234365 0.2265625 0.553125