1 0.18661865 0.35603125 0.3634365 0.2453125
2 0.19140625 0.0828125 0.3828125 0.165625
5 0.26484365 0.23984365 0.5296865 0.4696865
1 0.86109365 0.35546865 0.2568125 0.2484365
2 0.8640625 0.1015625 0.261865 0.15625
5 0.66484365 0.24665625 0.4603125 0.4640625
5 0.6890625 0.63984365 0.31865 0.5203125
5 0.903125 0.63984365 0.19365 0.5203125
4 0.69296865 0.66890625 0.2140625 0.4421865
4 0.92109365 0.69365 0.1568125 0.4125
1 0.89921865 0.54453125 0.1421865 0.1296865
1 0.6421865 0.5125 0.115625 0.065625