1 0.1984365 0.1421865 0.396865 0.284365
4 0.25 0.32421865 0.5 0.1515625
5 0.25 0.2 0.5 0.4
4 0.8328125 0.16696865 0.303125 0.3359365
5 0.55390625 0.2 0.1068125 0.4
5 0.92568125 0.2 0.1484365 0.4
5 0.82634365 0.2 0.3453125 0.4
0 0.6530365580653552 0.6609526680612695 0.04556603005422928 0.044266258662816864
0 0.6936206453993626 0.6612691426434509 0.03145906825883114 0.03630112666090888
0 0.8314160881195845 0.6281116446485416 0.04558521066238851 0.04640225866281686
0 0.94144052691293 0.6520496686634956 0.02832498689965162 0.03460226400381696
0 0.9596319916103806 0.6139666140992682 0.03145906825883114 0.03630112666090888
3 0.8452695098606531 0.6642128666504506 0.01258181323161641 0.014206950668363622
3 0.6904092930382405 0.6932640300663602 0.01886816466803503 0.020530666002545434
3 0.6621615631906656 0.6140305160625421 0.020439665026114633 0.0221113563360908
6 0.6296566184684014 0.6666202986348606 0.06589085518980258 0.15399660401018136
6 0.690063859393215 0.6526390300663601 0.052262456649130664 0.12091248400699966
6 0.8385831626249316 0.639140151416269 0.06263859016268803 0.13208634134309039
6 0.9296894406653042 0.6916662594286664 0.03328519866214012 0.08163180800445424
6 0.9620433985226306 0.6366602266663591 0.06652494554888193 0.15545111600890885
5 0.95859365 0.6953125 0.0828125 0.409365
5 0.9363692209266294 0.8129509160964046 0.0816691922292326 0.35863964801081665
5 0.84453125 0.8 0.1015625 0.4
5 0.69140625 0.81865 0.0603125 0.3625
5 0.63984365 0.8234365 0.1109365 0.353125
5 0.51328125 0.83046865 0.0265625 0.3265625