1 0.3125 0.1484365 0.265 0.296865
4 0.225 0.409365 0.45 0.4
5 0.225 0.3046865 0.45 0.609365
1 0.60068125 0.24609365 0.5015625 0.3328125
2 0.665625 0.05625 0.43125 0.1125
4 0.625 0.46161865 0.55 0.2953125
5 0.625 0.3046865 0.55 0.609365
2 0.325343350121636 0.6613328440483614 0.01628649394986581 0.016386494668999894
3 0.32910415436636314 0.696368296382225 0.006866132513556366 0.011028406666626354
4 0.3305212086310892 0.6213964686156605 0.042469301131468205 0.04892839600562614
5 0.3445291664666115 0.6309351106166695 0.08989881303532464 0.14468633601209046