0 0.01161865 0.26015625 0.0234365 0.0390625
0 0.09416961916020368 0.40243166105369663 0.02363648689965162 0.03451135538619425
0 0.009365 0.38125 0.01865 0.040625
0 0.1661865 0.58661865 0.021865 0.0265625
0 0.23046865 0.590625 0.0203125 0.01865
6 0.22568125 0.58828125 0.0421865 0.0234365
6 0.09190668239192036 0.4164805355151683 0.03683634328594586 0.05803066861691084
6 0.021865 0.3953125 0.04365 0.08125
6 0.01953125 0.28515625 0.0390625 0.0665625
5 0.03125 0.3161865 0.0625 0.159365
5 0.0390625 0.41640625 0.068125 0.1265625
5 0.09982936660086569 0.43526598631056643 0.06465336334016515 0.10193520462226432
5 0.16640625 0.58359365 0.0390625 0.0328125
5 0.22634365 0.5865 0.0453125 0.025
2 0.8352583264632643 0.16651339353365122 0.08166815651666254 0.06234669866214012
4 0.8406326644144983 0.43606636943135026 0.14559534289316253 0.3180238130353249
1 0.8623561586589618 0.2588554296380046 0.026906933645025396 0.05952953610435348
5 0.68046865 0.3625 0.2661865 0.465
0 0.12226653844204456 0.662696484481906 0.025263620413308895 0.04545694564526366
4 0.12323959562363686 0.6939510296614458 0.03669998184962643 0.05168066861691084
5 0.12259015583029136 0.616602634481906 0.06499880698520064 0.16131020462226432
