1 0.28125 0.18515625 0.365 0.3603125
0 0.3 0.02421865 0.3365 0.0484365
4 0.234365 0.36265625 0.46865 0.2328125
5 0.234365 0.24453125 0.46865 0.4890625
0 0.48661865 0.26568125 0.0359365 0.0453125
0 0.9045123215213359 0.23046865 0.05028180113146803 0.0484365
0 0.8606486859826166 0.228125 0.03616465896699054 0.0390625
0 0.8168623305965224 0.2046865 0.05029998184962643 0.0515625
0 0.6146912913689108 0.2515625 0.03303066861691084 0.0365
0 0.6880288034691592 0.2161865 0.03616465896699054 0.0390625
0 0.6516918425003689 0.3 0.0361193061815924 0.03125
3 0.468125 0.31640625 0.01865 0.0234365
3 0.8116162943939629 0.24296865 0.014153403590696286 0.015625
3 0.861086643164309 0.259365 0.020439665026114633 0.021865
3 0.9032043515655653 0.26421865 0.023563855386194255 0.0234365
6 0.9511833093228916 0.3296865 0.09311461662612085 0.159365
6 0.8854901316296944 0.31696865 0.06635222862636959 0.125
6 0.8346906009116353 0.31484365 0.088309041958086 0.1390625
6 0.6566560160602181 0.38515625 0.044240869390299345 0.084365
6 0.6129566014663694 0.3390625 0.08364880698520064 0.1609365
6 0.6656048685065366 0.39140625 0.06335449365348396 0.146865
6 0.51161865 0.38984365 0.0859365 0.1609365
5 0.5359365 0.36640625 0.134365 0.2453125
5 0.6634365 0.384365 0.1 0.209365
5 0.61696865 0.33984365 0.1609365 0.2984365
5 0.653125 0.35859365 0.125 0.2609365
5 0.84453125 0.33203125 0.1515625 0.3140625
5 0.9 0.3453125 0.115625 0.2865
5 0.93828125 0.34365 0.1234365 0.290625
0 0.05634298611418466 0.859365 0.05026362041330892 0.0453125
0 0.46161865 0.81328125 0.0140625 0.0484365
0 0.43631118598261656 0.8109365 0.03616465896699054 0.0390625
0 0.3934248305965222 0.6865 0.05029998184962643 0.0515625
0 0.2913536913689108 0.834365 0.03303066861691084 0.0365
0 0.2645913034691592 0.8 0.03616465896699045 0.0390625
0 0.22835434250036895 0.8828125 0.0361193061815924 0.03125
3 0.053454336450254634 0.9 0.023563855386194266 0.0234365
3 0.3881686943939629 0.82568125 0.014153403590696286 0.015625
3 0.446649243164309 0.8421865 0.020439665026114633 0.021865
6 0.4484365 0.9 0.040625 0.125
6 0.4112532009116353 0.89665625 0.088309041958086 0.1390625
6 0.33359365 0.9625 0.0453125 0.065
6 0.2890625 0.9203125 0.084365 0.159365
6 0.24140625 0.95 0.0640625 0.1
6 0.08661865 0.94609365 0.0890625 0.1068125
5 0.10390625 0.91328125 0.1515625 0.1634365
5 0.25 0.93125 0.1 0.1365
5 0.29453125 0.88661865 0.1609365 0.2265625
5 0.3296865 0.90546865 0.125 0.1890625
5 0.40603125 0.86890625 0.1234365 0.2421865
5 0.44365 0.8921865 0.05 0.215625
6 0.6355896046988232 0.84296865 0.016323855386194253 0.0234365
5 0.6346629029034251 0.83515625 0.023610210662388506 0.046865
