4 0.0828125 0.303125 0.165625 0.31865
4 0.26265625 0.34609365 0.1546865 0.3265625
0 0.06265625 0.5003066105525556 0.0859365 0.09893646964936905
5 0.2453125 0.28203125 0.209365 0.4568125
5 0.11328125 0.23515625 0.2265625 0.4603125
1 0.16696865 0.1922663624564124 0.0634365 0.08166624686664198
1 0.340625 0.1859365 0.01865 0.05625
2 0.5546865 0.02216654449216865 0.0265625 0.023592036104353464
2 0.48203125 0.16253509269496654 0.0453125 0.0643261204133089
2 0.668125 0.26133218285945854 0.0365 0.028343168616910842
2 0.6015625 0.5269362882456528 0.05625 0.04095225292686635
3 0.66953125 0.29550093588452064 0.0203125 0.01630566466803503
4 0.661865 0.3564520614231401 0.053125 0.09562156220860696
4 0.5359365 0.09394246018321332 0.0609365 0.1112920240041051
4 0.4546865 0.2380010115110632 0.0921865 0.1630363311856965
5 0.44453125 0.3203125 0.1890625 0.396865
5 0.5328125 0.1516366694650541 0.1265625 0.2944863190854491
5 0.64921865 0.4015625 0.1634365 0.315625
5 0.68046865 0.52634365 0.1984365 0.0640625
1 0.63359365 0.8666566914661066 0.4568125 0.26516346521032806
0 0.6625 0.65068125 0.465 0.1828125
4 0.665 0.93359365 0.65 0.1328125
5 0.665 0.6696865 0.65 0.440625