4 0.1859365 0.228125 0.361865 0.24365
1 0.3161865 0.25068125 0.384365 0.1984365
2 0.29365 0.06484365 0.43125 0.1296865
5 0.2546865 0.165 0.509365 0.35
0 0.52421865 0.084365 0.0296865 0.06865
4 0.634365 0.18515625 0.25 0.1953125
5 0.6546865 0.18661865 0.490625 0.3265625
0 0.1365 0.58515625 0.065 0.0953125
0 0.45234365 0.565625 0.1140625 0.19365
0 0.2634365 0.6046865 0.0696865 0.0890625
2 0.02890625 0.609365 0.0568125 0.059365
2 0.38125 0.59296865 0.0568125 0.065
3 0.01640625 0.6015625 0.0328125 0.0625
3 0.1453125 0.66640625 0.040625 0.0365
3 0.2859365 0.68984365 0.0421865 0.0453125
3 0.409365 0.69665625 0.04365 0.0546865
3 0.46568125 0.6859365 0.0546865 0.0568125
4 0.4421865 0.85603125 0.05625 0.2859365
4 0.30625 0.82634365 0.1140625 0.2568125
4 0.146865 0.803125 0.125 0.2421865
4 0.01953125 0.85859365 0.0390625 0.2828125
5 0.06640625 0.6859365 0.1328125 0.428125
5 0.1515625 0.665625 0.203125 0.46865
5 0.32109365 0.66568125 0.1859365 0.4484365
5 0.43046865 0.66421865 0.1546865 0.4515625
5 0.45625 0.63046865 0.10625 0.5390625
