1 0.26161865 0.16484365 0.5234365 0.3068125
4 0.36484365 0.38125 0.6296865 0.265
5 0.36484365 0.259365 0.6296865 0.51865
6 0.66161865 0.153125 0.0640625 0.30625
5 0.68828125 0.259365 0.1161865 0.51865
6 0.39548850662340646 0.6664143893492484 0.12068640404199806 0.3100566669309613
6 0.23436828405462466 0.6635069463344492 0.08524869869508961 0.20985668903121965
0 0.36265625 0.53828125 0.0453125 0.0390625
0 0.23339594460081662 0.6119399011549093 0.04460452266663593 0.06369203005422928
5 0.2296865 0.659365 0.159365 0.48125
5 0.36265625 0.659365 0.3068125 0.48125
4 0.91484365 0.62265625 0.1603125 0.4068125
5 0.69665625 0.659365 0.1359365 0.48125
5 0.86890625 0.659365 0.2421865 0.48125