1 0.2696865 0.13828125 0.540625 0.2665625
4 0.265 0.32421865 0.55 0.4296865
5 0.265 0.26953125 0.55 0.5390625
6 0.8065965133662612 0.22618394939526992 0.15183640936299816 0.29391462668681623
0 0.8014999600164992 0.10603565539463355 0.09253404002226165 0.16511601634563583
5 0.6890625 0.268125 0.209365 0.521865
2 0.4286266233846604 0.911960666112313 0.06444430800445425 0.0335569346653633
2 0.14862894866918126 0.6220339200646693 0.1069954346653633 0.06529883068109026
4 0.46953125 0.9661865 0.0890625 0.065625
4 0.1684516500238626 0.6058458460663146 0.16518290802036266 0.15201812802354446
3 0.15468859201940816 0.6628688046421683 0.06220226400381698 0.028961341343090464
3 0.4233953306208612 0.9322196314449039 0.03303066600254508 0.019131808004454243
5 0.44921865 0.94609365 0.2015625 0.1068125
5 0.16929608203362568 0.6685020960663146 0.2888294266186339 0.3861215026052608
