0 0.269423358605844 0.1016953519683486 0.03663634933606006 0.04084316861691084
0 0.3616056865953328 0.220204968333586 0.028360439695149665 0.04235112646343318
0 0.4098456151486516 0.36902598631056646 0.02520906825883114 0.03608294564526368
0 0.3311938952029809 0.33481692416605566 0.029932939695149663 0.042360216822512696
3 0.28629098224241084 0.129861258584206 0.01626931323161659 0.01416249394986581
6 0.4035183460965648 0.392260865864258 0.042532933645025396 0.05962043969514959
6 0.3350001512531051 0.35202615006465466 0.06455336939029934 0.08464660462226431
6 0.36609613602959863 0.2443919120668063 0.0551420169539809 0.06844316256668665
6 0.2884665605994369 0.1586811441228264 0.08345691549465283 0.11141928903121964
5 0.2906239582383058 0.19082602966144582 0.1200135599120669 0.21686836629005096
5 0.36668194330938696 0.2669902062563461 0.09000689634428025 0.16301815046653818
5 0.34569665068636104 0.366309532588312 0.10232609016268694 0.13184086334016516
5 0.40564392242853985 0.41259601141286636 0.06092155405833438 0.10509656615858266
5 0.08868823263519428 0.8653510205862595 0.04111586939029935 0.08461134933606006
5 0.8515625 0.56696865 0.296865 0.1359365