1 0.16640625 0.40603125 0.3046865 0.2696865
2 0.18661865 0.13125 0.2640625 0.259365
4 0.159365 0.52890625 0.31865 0.1203125
5 0.159365 0.29453125 0.31865 0.5890625
6 0.89665625 0.0609365 0.1609365 0.121865
5 0.8484365 0.2359365 0.303125 0.461865
0 0.16202242588323263 0.886565695233959 0.009520450668363623 0.012609088001262539
6 0.16018620588005093 0.9110314665665046 0.012881808004454242 0.03295695066836362
5 0.16695311686866836 0.9204428392345954 0.021256929344363193 0.08148635633609096
6 0.546865 0.6625 0.065 0.146865
6 0.48828125 0.62634365 0.1421865 0.2665625
5 0.4828125 0.69453125 0.203125 0.4109365
5 0.53661865 0.69453125 0.1390625 0.4109365