1 0.14453125 0.28515625 0.2890625 0.2828125
2 0.14453125 0.04296865 0.2890625 0.0859365
5 0.14453125 0.21484365 0.2890625 0.4296865
0 0.6833634968586006 0.1568125 0.16298168903121982 0.0828125
3 0.6634365 0.0046865 0.046865 0.009365
3 0.6086956686650558 0.21953125 0.03144998689965162 0.034365
4 0.43008539226611464 0.0515625 0.06916624686664198 0.0634365
4 0.58125 0.0890625 0.2125 0.168125
4 0.63125 0.32265625 0.234365 0.2140625
5 0.440625 0.0515625 0.0865 0.103125
5 0.60603125 0.14140625 0.2515625 0.2828125
5 0.66568125 0.26568125 0.3661865 0.3068125
3 0.6056964288614465 0.95603125 0.05968406615858266 0.0603125
2 0.6082861394464443 0.68046865 0.09893646964936905 0.0859365
5 0.56953125 0.86484365 0.3640625 0.2603125