1 0.1890625 0.20625 0.368125 0.265625
5 0.234365 0.16953125 0.46865 0.3390625
0 0.1915109592616396 0.6180285532602302 0.06556362133990895 0.04931020401018138
4 0.18529622624382228 0.8493330962608666 0.1628396053628168 0.21916926535645336
5 0.18359365 0.8390625 0.2421865 0.321865
0 0.8295656652864566 0.46666492659932124 0.01649658266026243 0.02666249466899989
0 0.6608628362851841 0.4666216266062655 0.016468401336626244 0.025199994668999894
3 0.8293484086161385 0.48619616659932124 0.006359088001262539 0.009446625334181811
4 0.8393319359484568 0.5019216469312659 0.031622614662181594 0.04098862666090888
4 0.6601529659452653 0.5262664052653209 0.024146562008262214 0.0612102200031816
5 0.6560461462688206 0.5246512669424118 0.05143632535009015 0.12401930266345432
5 0.8312921692691388 0.5215439045990031 0.059394266018453596 0.13661020934118148