5 0.1634365 0.55603125 0.346865 0.3234365
6 0.5941636919319123 0.2565899619128222 0.06981586401962632 0.1462215666662623
1 0.5818096899426299 0.16605601324695846 0.02386385200509069 0.0366626200031816
1 0.04858066129854605 0.016659119986263264 0.025290901336626113 0.025290901336626066
1 0.06634365 0.00390625 0.0265625 0.0068125
1 0.2984365 0.01161865 0.028125 0.0234365
1 0.16445066195895644 0.06239836063813661 0.025290901336626158 0.025290901336626066
1 0.2663651199465024 0.14556430195636558 0.03466498933699969 0.03466498933699969
1 0.48632566195895643 0.058653005926666024 0.03688180800445442 0.03324885200509069
2 0.1609616632962644 0.025625063962001295 0.061501121339908664 0.049146562008262396
2 0.2604360326225465 0.08381826995604645 0.0866192963424542 0.06818646334499946
2 0.4953125 0.015625 0.065 0.03125
4 0.4894136519494114 0.12892005259391243 0.08904541335136286 0.13383065466854482
4 0.3221268019563656 0.06228069595004666 0.06630905601526208 0.11336260401018136
4 0.21463083060154846 0.23913303596436525 0.10844994135899881 0.19029883068109026
4 0.20068125 0.0365 0.0568125 0.065
4 0.1346989662835932 0.12669621530862836 0.06036813868554459 0.13986246866599956
4 0.165625 0.00625 0.034365 0.0125
4 0.06159099996022911 0.05410514998409166 0.06351815466854491 0.08822625334181666
4 0.02568125 0.06953125 0.0515625 0.0953125
5 0.0453125 0.19140625 0.090625 0.3828125
5 0.06696865 0.1665625 0.1234365 0.353125
5 0.1161865 0.20625 0.14365 0.4125
5 0.21328125 0.03661865 0.0984365 0.0634365
5 0.24290128393541205 0.23489952196054628 0.20666033338636115 0.3929885633609068
5 0.32634365 0.0921865 0.1515625 0.184365
5 0.496865 0.12634365 0.1625 0.2546865
5 0.5984866652610034 0.2866854269121858 0.12656466261481592 0.35612382535009013
0 0.5995336392823205 0.1306632685689586 0.045948846664090583 0.05521465866281686
4 0.84453125 0.6328125 0.3109365 0.161865
2 0.846865 0.13661865 0.30625 0.2296865
5 0.84453125 0.359365 0.3109365 0.61865
3 0.84453125 0.48661865 0.3109365 0.3515625
