1 0.234365 0.14296865 0.46865 0.2859365
4 0.234365 0.43046865 0.46865 0.0984365
5 0.234365 0.23984365 0.46865 0.4696865
1 0.83046865 0.43984365 0.1603125 0.0696865
1 0.5645216452656658 0.41610516588643635 0.08836260401018138 0.06550906010845856
1 0.6543651332650026 0.34861826541989804 0.09466624801081664 0.08023292154466601
2 0.6639228559436845 0.33313819028432495 0.26366360534690836 0.10152618032536561
2 0.6819921506206384 0.2568386293155446 0.13054202266663584 0.06419199980360833
2 0.5359365 0.2665625 0.134365 0.090625
5 0.5421865 0.35603125 0.146865 0.2453125
5 0.6486968452816843 0.2994358668562166 0.1580316606864535 0.1540340359069618
5 0.634365 0.36568125 0.53125 0.2068125
6 0.065 0.56109365 0.146865 0.1828125
6 0.1421865 0.50546865 0.061865 0.0515625
6 0.1953125 0.56328125 0.121865 0.1661865
6 0.26696865 0.534365 0.1109365 0.109365
6 0.35234365 0.54665625 0.1109365 0.1359365
6 0.43203125 0.54140625 0.0634365 0.1234365
5 0.090625 0.68984365 0.18125 0.4203125
5 0.14453125 0.64296865 0.0890625 0.3265625
5 0.196865 0.668125 0.159365 0.396865
5 0.2603125 0.64365 0.13125 0.328125
5 0.309365 0.609365 0.0865 0.259365
5 0.3546865 0.66015625 0.13125 0.3609365
5 0.39296865 0.62568125 0.0859365 0.2921865
5 0.41865 0.60390625 0.065625 0.2484365
5 0.42265625 0.64665625 0.0921865 0.3359365
