1 0.1625 0.26484365 0.325 0.3390625
4 0.18984365 0.36953125 0.3696865 0.1696865
5 0.18984365 0.2296865 0.3696865 0.459365
5 0.98046865 0.03203125 0.0390625 0.0640625
1 0.16161865 0.9661865 0.2546865 0.065625
1 0.31640625 0.93661865 0.1265625 0.1265625
6 0.6085694000636334 0.6624342426002656 0.12362150260526099 0.2856649626829992
6 0.8468666100562601 0.6239320132469584 0.08816380402608954 0.19318646334499946
0 0.6634365 0.4661865 0.04365 0.015625
0 0.8140625 0.49140625 0.04365 0.0640625
5 0.8640625 0.6234365 0.165 0.528125
5 0.6453125 0.6296865 0.321865 0.540625
