1 0.21953125 0.3953125 0.4390625 0.309365
2 0.21953125 0.09296865 0.4390625 0.1859365
4 0.21953125 0.461865 0.4390625 0.15625
5 0.21953125 0.265 0.4390625 0.55
3 0.80390625 0.54609365 0.0109365 0.0068125
0 0.6890625 0.5359365 0.01865 0.028125
0 0.6414864239635921 0.15363144965409866 0.026035214662181596 0.040669536104353465
6 0.6328103106301836 0.22699565144949688 0.03855451634563563 0.09084316861691084
3 0.6403324566359105 0.18566624483363856 0.01111931333545435 0.015688632513556364
5 0.6322285069566292 0.2669956514494969 0.05650662803945263 0.29093406220860693
4 0.93046865 0.61640625 0.0390625 0.1328125
4 0.9634365 0.6484365 0.053125 0.196865
4 0.85603125 0.61484365 0.0859365 0.1296865
4 0.66640625 0.63125 0.0921865 0.1625
4 0.6125 0.63515625 0.1 0.1603125
4 0.515625 0.65 0.10625 0.2
5 0.52568125 0.665 0.1390625 0.45
5 0.62109365 0.665 0.1265625 0.45
5 0.66328125 0.665 0.1161865 0.45
5 0.8625 0.64665625 0.103125 0.3953125
5 0.94665625 0.6265625 0.0984365 0.353125
5 0.9625 0.665 0.065 0.45