2 0.2866226803488169 0.026515485562060535 0.03609203610435348 0.02666156825883123
4 0.29250916598563215 0.08896912412564209 0.06561814441641406 0.10668633623582169
5 0.2603125 0.15234365 0.161865 0.3046865
3 0.6311166261508042 0.262268866966422 0.023564665026114555 0.022011355386194253
3 0.6430944523845633 0.22666944028432484 0.01886816466803503 0.02042158430895542
3 0.6681552536142363 0.24386115620503346 0.02199316466803503 0.020439665026114552
3 0.8230136565411034 0.18636208196126433 0.02512626502611463 0.022020445645263953
3 0.8249802566392994 0.2521921964326449 0.021993164668035208 0.020439665026114633
3 0.8909669613615636 0.18664690135130098 0.021993164668035208 0.020439665026114642
3 0.8866035518188391 0.251051866249 0.023563855386194255 0.023563855386194255
3 0.925961494539051 0.21623086826200958 0.02200226502611463 0.02200226502611463
3 0.98984365 0.16109365 0.0203125 0.0234365
3 0.9609950246914662 0.23812008519261818 0.025154536104353652 0.026606945645263954
0 0.98515625 0.13359365 0.0296865 0.0359365
0 0.9558035306434045 0.19049565144949686 0.040860439695149585 0.04242384933606006
0 0.9214921631569618 0.16965813934924845 0.03616465896699054 0.03926156825883123
0 0.8888251089022358 0.1549490368899204 0.03301248689965162 0.03456589654066192
0 0.8838239915139889 0.20888255696615924 0.039298849336060064 0.040852258966990366
0 0.8166495396203949 0.15223664822804303 0.03456498689965162 0.03456498689965162
0 0.8189438800666605 0.2155098068689634 0.03663634933606006 0.04084316861691084
0 0.6660205818630685 0.2069462926436529 0.036618168616910844 0.036618168616910844
0 0.6346143258229443 0.19100068625926265 0.03459316861691084 0.03669998689965162
0 0.621982521666414 0.23091616013189962 0.040869530054229285 0.04398634933606006
6 0.98515625 0.2109365 0.0296865 0.065625
6 0.95603125 0.31640625 0.0859365 0.1603125
6 0.8924899435056686 0.3306030158126816 0.08834540339440444 0.14582156010845856
6 0.9256933228960681 0.24613611826200956 0.04623861436318469 0.06266261066238851
6 0.8852628620254936 0.22840461660806962 0.06595225292686635 0.056631695081344014
6 0.8289819554096354 0.2356632205349459 0.0802056504665381 0.08952610831306043
6 0.8265634606331416 0.34358026561448563 0.08528403590696181 0.15664086939029951
6 0.6666325569661592 0.3336149062050334 0.06332622266624513 0.1425511143631848
6 0.6514926596643615 0.26121319330938696 0.02989656825883114 0.0361102168225126
6 0.64296865 0.3515625 0.0859365 0.15625
5 0.96890625 0.3125 0.0421865 0.39365
5 0.953125 0.36109365 0.09365 0.4161865
5 0.9400006466605048 0.3554256598606532 0.10542486084614326 0.39591246369925486
5 0.910466864223938 0.326463466683266 0.08656486689626646 0.36861586939029934
5 0.90234365 0.3828125 0.1390625 0.39365
5 0.8393831242239369 0.32688608802138855 0.1262625896699046 0.39135222862636943
5 0.83661865 0.38515625 0.1203125 0.3890625
5 0.69453125 0.38359365 0.1046865 0.3921865
5 0.6602632506855669 0.3650649011549093 0.09600440905164512 0.388045421544666
5 0.66015625 0.3921865 0.1203125 0.365
5 0.62265625 0.3634365 0.0453125 0.365
5 0.62265625 0.38515625 0.0453125 0.3890625
