2 0.049991430521666556 0.0606535639322304 0.03666362646343316 0.02856135200509069
4 0.04099822560311139 0.13648665193350304 0.0686613251355633 0.11028406666626224
5 0.04921865 0.1665625 0.0984365 0.353125
3 0.6415663630455866 0.16936342461013896 0.03154998184962643 0.05192612666090888
6 0.56696865 0.19296865 0.1568125 0.1696865
0 0.6669106044266666 0.13156434193986638 0.061519282981095456 0.1006090620082624
5 0.5953125 0.268125 0.2125 0.440625
0 0.15653842983439645 0.6824632232654566 0.004623861436318444 0.006304544000636269
6 0.15429921896381202 0.8004592452656659 0.009502265026114632 0.02198408800126254
5 0.15268216065921016 0.8082899265993213 0.016532933645025395 0.05956499466899989
0 0.55546865 0.5828125 0.1328125 0.165625
3 0.51015625 0.62421865 0.0421865 0.0603125
6 0.56634365 0.8296865 0.1665625 0.340625
5 0.6161865 0.65 0.25625 0.5