5 0.24955211064894643 0.581544632633906 0.040996604622264314 0.0645352146621816
2 0.948285046419035 0.5839612080680868 0.05346134328594586 0.05843066534054504
0 0.9112521591499411 0.39526168639654255 0.08164086939029953 0.08532042934436306
0 0.6234365 0.36161865 0.065625 0.0640625
0 0.6125 0.36640625 0.046865 0.0634365
3 0.59921865 0.46953125 0.0203125 0.0609365
3 0.6163068186926656 0.4562603606033619 0.04401362041330899 0.0458215663392625
3 0.8969620114128663 0.49196406462686086 0.045621562208606954 0.053652258662816865
4 0.968125 0.621865 0.04365 0.3125
4 0.903125 0.8359365 0.15625 0.328125
6 0.8645526316296946 0.6666913446246692 0.16133851656119638 0.3393544960216353
6 0.691540143630043 0.6301891286998621 0.1596032946885605 0.32683631468808994
6 0.61328125 0.65603125 0.0484365 0.3568125
5 0.95068125 0.69609365 0.0984365 0.6068125
5 0.90068125 0.66865 0.1984365 0.4625
5 0.8546865 0.66953125 0.25 0.6609365
5 0.69609365 0.66484365 0.2140625 0.6603125
5 0.63125 0.66484365 0.084365 0.6603125