1 0.453125 0.009365 0.0365 0.01865
1 0.38661865 0.009365 0.0140625 0.01865
1 0.69921865 0.00859365 0.0203125 0.0161865
4 0.6953125 0.0640625 0.05625 0.128125
5 0.69609365 0.06640625 0.0568125 0.1328125
5 0.88515625 0.2 0.1640625 0.4
5 0.6665625 0.2 0.184365 0.4
5 0.56161865 0.2 0.1568125 0.4
5 0.38515625 0.040625 0.0109365 0.08125
5 0.43515625 0.2 0.1109365 0.4
4 0.43339262033855414 0.065 0.06265666088084606 0.134365
4 0.58359365 0.1015625 0.0953125 0.203125
4 0.6953125 0.11161865 0.11865 0.2234365
4 0.88046865 0.14296865 0.1161865 0.2859365
1 0.26696865 0.646865 0.2234365 0.16865
4 0.225 0.89453125 0.309365 0.2109365
2 0.26015625 0.4515625 0.2390625 0.103125
5 0.18984365 0.6 0.3696865 0.6
1 0.6140635311343838 0.63828125 0.4566316345801019 0.2365
2 0.684386062896068 0.46953125 0.458403363340165 0.1015625
4 0.68984365 0.91865 0.6203125 0.1625
5 0.68984365 0.60390625 0.6203125 0.5921865