6 0.8565069916103806 0.292698122651 0.15641466822512634 0.2966649455488821
6 0.6190342626866195 0.2862106611519936 0.0916066526304645 0.1864646408266168
0 0.8015023609042882 0.06830836982413362 0.06660565046653836 0.08945338544042354
0 0.6026966113615636 0.14101692620211668 0.03152261066238851 0.0460568061815924
5 0.63046865 0.334365 0.1921865 0.46865
5 0.81865 0.284365 0.3625 0.56865
1 0.23984365 0.846865 0.4696865 0.30625
2 0.165 0.64665625 0.35 0.1568125
5 0.28984365 0.684365 0.5696865 0.43125
6 0.8240262898166866 0.62819165669864 0.03312156220860695 0.0533158965406621
6 0.99140625 0.61484365 0.0161865 0.0359365
6 0.9631359555068314 0.6468098860906436 0.034646610662388506 0.04606498689965162
0 0.99365 0.63046865 0.0125 0.0203125
0 0.9695541261508043 0.618939998526062 0.014161584308955686 0.018831813231616586
0 0.8289228680656168 0.6922815288658689 0.012590903590695932 0.015696622862636886
5 0.8268860880213886 0.6360269836963391 0.053624963699254856 0.10343406220860696
5 0.98828125 0.6265625 0.0234365 0.0625
5 0.9684439103282916 0.6485638660135046 0.056604516953981085 0.06845225292686635