5 0.6625 0.42421865 0.434365 0.5890625
4 0.61640625 0.5640625 0.2359365 0.309365
4 0.9265625 0.49665625 0.146865 0.4421865
3 0.9456154643866258 0.2866496419080496 0.06439884328594588 0.0585569346653633
0 0.928125 0.12890625 0.14365 0.2161865
0 0.6388651058661636 0.2390586686028211 0.15561461056599684 0.16836245202099904
5 0.90234365 0.3603125 0.1953125 0.696865
3 0.6310348139190866 0.3682029846036656 0.05186156220860695 0.053624984006999665
1 0.16265625 0.66265625 0.3453125 0.1068125
4 0.209365 0.86015625 0.41865 0.2696865
5 0.209365 0.859365 0.41865 0.28125