0 0.3843598018188391 0.6161553019165946 0.0816136083130606 0.0806329293443632
0 0.31089048556206056 0.6234685645942306 0.058194295081344015 0.06629660934118148
0 0.15228664520298094 0.6268864699490933 0.05821246569950324 0.06942260934118148
0 0.0668944644848216 0.6309932619605463 0.05188066256668665 0.055286484006999666
3 0.3504342536124332 0.6645664505888218 0.016360216822512698 0.02988649466899989
3 0.30511620853289336 0.6658859592616396 0.0314226168225126 0.030051126660909055
3 0.14812686514865165 0.6606819332829569 0.029851126463433166 0.028460445336363516
3 0.06361550361243315 0.6669136252944108 0.029842036104353466 0.026906945336363515
4 0.05 0.86421865 0.1 0.1609365
4 0.13486691052468315 0.8996336339513204 0.11209196560311139 0.19962836468162662
4 0.28515625 0.89921865 0.1234365 0.2015625
4 0.36568125 0.8984365 0.1265625 0.203125
5 0.34609365 0.834365 0.1859365 0.33125
5 0.2640625 0.840625 0.196865 0.31865
5 0.12568125 0.84296865 0.1828125 0.3140625
5 0.05625 0.8484365 0.1125 0.303125
4 0.8515625 0.809365 0.296865 0.38125
5 0.69665625 0.809365 0.4046865 0.38125