5 0.50234365 0.69665625 0.1546865 0.6046865
5 0.36953125 0.661865 0.1640625 0.45625
5 0.28984365 0.56865 0.034365 0.0921865
5 0.38046865 0.56890625 0.015625 0.0568125
4 0.38046865 0.5921865 0.015625 0.03125
4 0.28515625 0.5865 0.0140625 0.0328125
2 0.29140625 0.53125 0.025 0.0265625
2 0.38125 0.5661865 0.0161865 0.01865
2 0.340625 0.5828125 0.0865 0.08125
2 0.2634365 0.65603125 0.1046865 0.0921865
2 0.1296865 0.534365 0.03125 0.0328125
2 0.121865 0.64140625 0.09365 0.0828125
2 0.05234365 0.50859365 0.028125 0.0265625
1 0.0484365 0.55625 0.025 0.0365
1 0.02265625 0.596865 0.0453125 0.1625
1 0.1328125 0.5665625 0.021865 0.025
1 0.1125 0.63125 0.0568125 0.08125
1 0.3515625 0.668125 0.059365 0.0890625
1 0.29921865 0.66421865 0.068125 0.1109365
4 0.5203125 0.81865 0.11865 0.3625
4 0.38203125 0.85603125 0.1068125 0.2859365
4 0.29453125 0.92265625 0.2068125 0.1546865
4 0.13515625 0.8696865 0.1546865 0.240625
4 0.06161865 0.6265625 0.0359365 0.06865
4 0.690625 0.853125 0.1234365 0.1296865
2 0.66421865 0.66484365 0.04365 0.021865
5 0.6828125 0.86568125 0.168125 0.2484365
5 0.6661865 0.36568125 0.128125 0.1515625