1 0.45234365 0.030591306406668393 0.061865 0.04146134134309046
1 0.0609365 0.06134938335454448 0.0625 0.0554146533418168
1 0.46161865 0.16445039540895105 0.068125 0.06340906666626228
1 0.43203125 0.3491049500615866 0.0661865 0.06640669634245421
1 0.2609365 0.4080515940483614 0.0546865 0.05688634666409058
1 0.2546865 0.15954136861416965 0.06865 0.06111246866599956
1 0.146865 0.15281810669954393 0.0696865 0.08216624801081665
2 0.0125 0.128125 0.025 0.1
2 0.06265625 0.0109365 0.0603125 0.021865
2 0.15390625 0.056024922600498435 0.0828125 0.06346361066690855
2 0.259365 0.06053341261481596 0.0828125 0.06033861066690856
2 0.26265625 0.31053160404995223 0.0890625 0.09634883601209036
2 0.4421865 0.253910628639633 0.08125 0.0681329293443631
2 0.453125 0.08138164806445111 0.096865 0.08081464266981659
4 0.390625 0.10621689463263332 0.059365 0.1522533906646269
4 0.425 0.01161865 0.146865 0.0234365
4 0.2640625 0.028125 0.1365 0.05625
4 0.0568125 0.16965052068645358 0.10625 0.15269883068109026
4 0.03125 0.3603125 0.0625 0.259365
4 0.1296865 0.34453125 0.20625 0.3109365
4 0.28828125 0.24966601638540666 0.10625 0.12936133068109026
5 0.5665625 0.0453125 0.065625 0.090625
5 0.5665625 0.1546865 0.065625 0.309365
5 0.45234365 0.35603125 0.2421865 0.2859365
5 0.46328125 0.26484365 0.2603125 0.4603125
5 0.44609365 0.1265625 0.2234365 0.253125
5 0.43984365 0.0484365 0.2234365 0.096865
5 0.2609365 0.06421865 0.221865 0.1484365
5 0.26161865 0.21196693461513414 0.1953125 0.34133516669318065
5 0.23203125 0.36568125 0.2828125 0.2484365
5 0.0609365 0.28828125 0.121865 0.4234365
5 0.12568125 0.25546865 0.2453125 0.4890625
5 0.0661865 0.12890625 0.134365 0.2568125
5 0.06634365 0.059365 0.1546865 0.11865
1 0.26015625 0.6933826560868596 0.2068125 0.28523061636154426
2 0.32634365 0.565625 0.1696865 0.13125
5 0.24665625 0.65 0.4953125 0.5
4 0.82109365 0.8668208034293136 0.1634365 0.20983062802354446
0 0.69453125 0.6133866206590412 0.1390625 0.06411813868554468
3 0.6421865 0.6510588960852689 0.0365 0.03636385200509069
2 0.6390625 0.53046865 0.059365 0.0609365
5 0.6640625 0.83359365 0.309365 0.3328125