5 0.26421865 0.34665625 0.1109365 0.6046865
5 0.15546865 0.365625 0.3109365 0.56865
2 0.146865 0.1665866260526083 0.1603125 0.1665533491396683
4 0.1546865 0.6046865 0.26865 0.090625
1 0.18203125 0.4633205939633169 0.1625 0.25563289634428024
1 0.5625 0.256048449456606 0.2068125 0.24495901665658924
4 0.62890625 0.46015625 0.4328125 0.3696865
5 0.66484365 0.325 0.6603125 0.65
6 0.0359365 0.65546865 0.028125 0.0109365
5 0.034365 0.65603125 0.034365 0.0140625
1 0.69921865 0.6966132598606533 0.2015625 0.23242265632126063
5 0.6015625 0.825 0.596865 0.35