1 0.4603125 0.4430183669185493 0.0890625 0.06916133601209055
1 0.25603125 0.55625 0.0696865 0.046865
1 0.02265625 0.365 0.0453125 0.05
1 0.3640625 0.0419109485996394 0.0640625 0.0648069346653633
1 0.1068125 0.1368614363010924 0.0568125 0.0609852093411815
1 0.39921865 0.36562061859486693 0.059365 0.06319089066462686
1 0.5265625 0.0954888399109132 0.053125 0.05530566534054522
2 0.51328125 0.02421865 0.0859365 0.0484365
2 0.4 0.26805526692809425 0.09365 0.08859088001262682
2 0.46568125 0.3413922332511401 0.1068125 0.08094201201463562
2 0.0125 0.2828125 0.025 0.053125
2 0.128125 0.03515625 0.096865 0.0603125
4 0.52109365 0.2953125 0.1161865 0.35
4 0.48661865 0.525 0.1859365 0.109365
4 0.3696865 0.46204163526418506 0.1046865 0.16840564934654454
4 0.1661865 0.3332642966263655 0.15 0.33924540802036256
4 0.0161865 0.2625 0.034365 0.246865
4 0.0484365 0.43666106696581926 0.0890625 0.06603633601209055
4 0.04296865 0.51484365 0.0859365 0.1296865
2 0.26015625 0.46812000628041153 0.08125 0.0650069293443632
5 0.053125 0.22568125 0.10625 0.4515625
5 0.06568125 0.4125 0.1515625 0.334365
5 0.0634365 0.44140625 0.146865 0.2665625
5 0.10234365 0.1 0.2046865 0.2
5 0.15 0.28984365 0.26865 0.5696865
5 0.26015625 0.5015625 0.2109365 0.15625
5 0.4609365 0.4359365 0.2365 0.2865
5 0.38046865 0.3925012945964123 0.168125 0.33956266202418063
5 0.3453125 0.190625 0.2365 0.38125
5 0.33203125 0.12109365 0.2640625 0.2421865
5 0.49665625 0.28984365 0.1640625 0.5696865
1 0.953125 0.28984365 0.09365 0.2421865
5 0.896865 0.28984365 0.20625 0.5696865
1 0.34453125 0.61865 0.4603125 0.268125
4 0.28984365 0.903125 0.5696865 0.19365
5 0.28984365 0.68984365 0.5696865 0.4203125
