1 0.18125 0.00603125 0.053125 0.0140625
1 0.19448063214421502 0.11600314891541408 0.06439884328594588 0.058185204622264315
1 0.2568125 0.26640625 0.021865 0.0661865
1 0.015625 0.4568125 0.03125 0.059365
1 0.01865 0.209365 0.0365 0.061865
1 0.11118189693345543 0.2000686869466338 0.08163168903121965 0.08328519866214013
2 0.24665625 0.16953125 0.0421865 0.0953125
2 0.18006686455956646 0.04030825632666044 0.06220225292686636 0.05666815651666242
2 0.10080800019639166 0.10326632046019113 0.08465669508134401 0.06611586939029935
2 0.01865 0.1203125 0.0365 0.0625
2 0.01696865 0.36015625 0.0359365 0.0984365
4 0.0296865 0.05390625 0.059365 0.1068125
4 0.20015803952219906 0.2144042864690956 0.11183644554888228 0.15533291549465283
4 0.23203125 0.4265625 0.0634365 0.2865
4 0.13410981694414968 0.4218126863808998 0.22093168616910805 0.3662626502611464
4 0.01328125 0.3 0.0265625 0.13125
4 0.06953125 0.55068125 0.1390625 0.1359365
5 0.05390625 0.10068125 0.1068125 0.2015625
5 0.05 0.26161865 0.1 0.3453125
5 0.0953125 0.45859365 0.190625 0.3203125
5 0.1828125 0.52109365 0.161865 0.1953125
5 0.19921865 0.35625 0.1390625 0.461865
5 0.134365 0.33661865 0.26865 0.5640625
5 0.1921865 0.15390625 0.153125 0.3015625
5 0.1161865 0.028125 0.084365 0.05625
5 0.18125 0.08359365 0.165 0.1661865
2 0.9112066063681529 0.34681268638089966 0.011010222862636888 0.012563632513556365
5 0.9118843162386362 0.36466699220136 0.02528180113146803 0.048582945645263666
4 0.22586111182910196 0.8301343464893583 0.009484084308955332 0.018804542154466486
4 0.22505804556232328 0.8356066426688981 0.02060339149054663 0.05011816466803485
1 0.5046865 0.69665625 0.4365 0.3568125
5 0.634365 0.809365 0.63125 0.38125