5 0.25390625 0.25066501610626916 0.090625 0.3364646408266168
5 0.3125 0.2063553666416835 0.08125 0.3082851986621401
5 0.1828125 0.28828125 0.365625 0.4234365
2 0.128125 0.16936554001316838 0.159365 0.16655221662612102
2 0.22634365 0.09846580221162264 0.0161865 0.02509999394986581
2 0.296865 0.06682128123256966 0.01865 0.02354658430895542
4 0.30546865 0.13608368425664168 0.046865 0.09861021066238851
4 0.240625 0.1968360341594459 0.046865 0.12214661066238851
1 0.18359365 0.40390625 0.1359365 0.1921865
4 0.05 0.646865 0.1 0.29365
5 0.14921865 0.65 0.2984365 0.5
1 0.6484365 0.99296865 0.053125 0.0140625
3 0.553125 0.66161865 0.028125 0.0515625
1 0.69365 0.52109365 0.061865 0.0421865
1 0.95068125 0.509365 0.0696865 0.01865
1 0.968125 0.65546865 0.04365 0.0661865
1 0.62890625 0.6635938256265525 0.0625 0.0653636143631848
2 0.56640625 0.66640625 0.0546865 0.0921865
2 0.58046865 0.96568125 0.0828125 0.0484365
2 0.62109365 0.9181263104030462 0.0546865 0.055005662566686464
2 0.646865 0.655666686496136 0.103125 0.06616246369925486
2 0.96640625 0.5625 0.0661865 0.06865
4 0.64140625 0.54453125 0.1696865 0.0890625
4 0.69665625 0.89296865 0.1661865 0.2140625
4 0.6 0.8828125 0.121865 0.234365
5 0.64609365 0.56640625 0.2609365 0.1328125
5 0.5603125 0.561865 0.0625 0.14365
5 0.54365 0.66161865 0.009365 0.2953125
5 0.63828125 0.80546865 0.1984365 0.3890625
5 0.68359365 0.9365 0.2109365 0.125
5 0.66161865 0.96696865 0.2453125 0.0640625
5 0.60068125 0.665625 0.2640625 0.33125
5 0.6665625 0.69921865 0.296865 0.4015625
5 0.921865 0.66015625 0.15625 0.4696865
5 0.9046865 0.68359365 0.190625 0.3661865