5 0.259365 0.26953125 0.4 0.5390625
5 0.4953125 0.26953125 0.26865 0.5390625
4 0.24365 0.34665625 0.25 0.3828125
4 0.50546865 0.365 0.2484365 0.328125
1 0.4921865 0.121865 0.159365 0.24365
1 0.234365 0.065 0.13125 0.15
2 0.6661865 0.1609365 0.065 0.1865
5 0.61640625 0.29453125 0.1634365 0.4890625
4 0.18984365 0.5984365 0.1890625 0.11865
3 0.08624903386485831 0.5946461419468206 0.05364314441641408 0.10686816534054522
5 0.29921865 0.66568125 0.5984365 0.2634365
0 0.8161536002198329 0.9669669063042641 0.022093168616911016 0.03665453866963616
4 0.8265625 0.9921865 0.03125 0.015625
5 0.828125 0.98046865 0.059365 0.0390625