1 0.41015625 0.01328125 0.0603125 0.0265625
1 0.13515625 0.10146469203531656 0.0661865 0.06696929634245412
1 0.3696865 0.13690382063516868 0.065 0.06336260401018139
1 0.38359365 0.30435552406904226 0.065625 0.06482611600890866
1 0.11696865 0.34656619636631665 0.059365 0.06256589066462603
2 0.14453125 0.02265625 0.0665625 0.0453125
2 0.15625 0.2509288900381801 0.096865 0.06456464266981654
2 0.3865 0.21455622640290586 0.0696865 0.06811464801081666
2 0.40234365 0.052229950061586615 0.09365 0.08066838001262662
4 0.0546865 0.0296865 0.109365 0.059365
4 0.190625 0.0953125 0.161865 0.190625
4 0.45625 0.08645095606890546 0.0625 0.14446625334181666
4 0.49296865 0.23515625 0.0328125 0.1265625
5 0.26890625 0.01953125 0.1140625 0.0390625
5 0.2 0.1161865 0.25 0.234365
5 0.05859365 0.06109365 0.1161865 0.1421865
5 0.03203125 0.1 0.0640625 0.2
5 0.0546865 0.29453125 0.109365 0.2484365
5 0.12421865 0.2046865 0.2484365 0.409365
5 0.1359365 0.30603125 0.261865 0.2234365
5 0.3453125 0.29296865 0.25 0.2515625
5 0.359365 0.209365 0.268125 0.41865
5 0.403125 0.11161865 0.2125 0.2234365
5 0.4140625 0.0365 0.190625 0.065
5 0.484365 0.20546865 0.05 0.3296865
1 0.6625 0.3109365 0.203125 0.215625
2 0.665625 0.046865 0.20625 0.09365
5 0.6546865 0.209365 0.490625 0.41865
5 0.38046865 0.6365856640531339 0.0140625 0.039226132001908984
6 0.64921865 0.8650032164162233 0.01865 0.023655666002545433
5 0.64609365 0.8619981046501324 0.0296865 0.05346044533636352
