5 0.06634365 0.225 0.1546865 0.45
5 0.246865 0.225 0.39365 0.45
5 0.3984365 0.225 0.221865 0.45
3 0.365 0.0234365 0.065 0.046865
2 0.15 0.03046865 0.165625 0.0609365
4 0.2515625 0.390625 0.265625 0.11865
4 0.42265625 0.23984365 0.1634365 0.4203125
1 0.16953125 0.25 0.159365 0.2453125
2 0.54453125 0.25390625 0.0109365 0.0109365
5 0.546865 0.2603125 0.0234365 0.0453125
2 0.4203125 0.840625 0.0046865 0.0046865
2 0.39609365 0.83203125 0.003125 0.0046865
2 0.3859365 0.8484365 0.003125 0.0046865
2 0.38203125 0.8546865 0.003125 0.0046865
2 0.35068125 0.8265625 0.00625 0.0046865
4 0.3515625 0.84296865 0.009365 0.01865
4 0.396865 0.84296865 0.0046865 0.0125
4 0.42421865 0.8515625 0.0068125 0.009365
4 0.396865 0.85390625 0.0068125 0.0109365
5 0.4203125 0.85603125 0.0161865 0.0365
5 0.3984365 0.83984365 0.009365 0.01865
5 0.3921865 0.85859365 0.01865 0.03125
5 0.38661865 0.85234365 0.0068125 0.0109365
5 0.38125 0.86015625 0.0109365 0.01865
5 0.36328125 0.8625 0.00625 0.021865
5 0.353125 0.8546865 0.01865 0.0640625
5 0.85546865 0.61015625 0.2890625 0.3203125