1 0.14415141621041465 0.442861649214433 0.10419669866918126 0.09268646369925486
1 0.16328125 0.0140625 0.0665625 0.028125
1 0.4568125 0.03359365 0.06865 0.0661865
1 0.2023462625563232 0.34319354632083906 0.06116602266663584 0.06384656615858266
1 0.0161865 0.08661865 0.034365 0.0640625
2 0.16856442190486801 0.2383606015655652 0.10901246801399936 0.1036522346664936
2 0.11560024689150501 0.3364390323919203 0.12456464266981654 0.09659313836629006
4 0.06865 0.30603125 0.1365 0.3921865
4 0.13359365 0.49296865 0.2203125 0.0515625
4 0.2453125 0.43125 0.128125 0.165
4 0.44094624323682263 0.25004403190094104 0.19656920138445208 0.36668061416669294
4 0.5484365 0.33046865 0.021865 0.0890625
2 0.36415609054646005 0.41685428199913693 0.09306838534362664 0.06609883118569649
5 0.50603125 0.1603125 0.1046865 0.340625
5 0.509365 0.3 0.1 0.365625
5 0.5161865 0.33125 0.084365 0.3
5 0.4161865 0.253125 0.284365 0.50625
5 0.3696865 0.4390625 0.234365 0.159365
5 0.14365 0.3953125 0.2865 0.246865
5 0.228125 0.3453125 0.225 0.346865
5 0.20859365 0.16890625 0.3046865 0.3568125
5 0.1859365 0.10390625 0.3365 0.2068125
5 0.09365 0.259365 0.1865 0.51865
3 0.9413269565563688 0.4496156432625046 0.08366611066690838 0.08329428903121965
2 0.9121496285805494 0.2613089360809124 0.12638168134945361 0.11946622862636941
5 0.8665625 0.3365 0.246865 0.3625
5 0.2696865 0.659365 0.559365 0.48125
4 0.24665625 0.8665625 0.4484365 0.246865
1 0.1663131939449561 0.6626810533609634 0.23913641460399826 0.26636264422102226