5 0.268125 0.28984365 0.24365 0.5696865
5 0.134365 0.28984365 0.26865 0.5696865
4 0.32568125 0.36265625 0.1484365 0.4140625
4 0.1234365 0.4046865 0.246865 0.35
1 0.13180606454639812 0.13830241325515666 0.1608021863654999 0.24623961662612104
1 0.3568125 0.08046865 0.084365 0.1609365
5 0.8239026609556019 0.24595128669162456 0.09499536919390669 0.214606921544666
5 0.9625 0.221865 0.065 0.225
4 0.8056648456218328 0.20152456592114015 0.03153180113146803 0.048619306181592394
4 0.9681901951560986 0.16630134124284246 0.0363011143631848 0.06260906825883114
0 0.803066465308524 0.15622561145965955 0.022029536104353386 0.02668966502611464
3 0.8086406644369395 0.16416264520298091 0.0062954516953983215 0.006848861436318444
3 0.9668566831540462 0.1458916685668599 0.004632951695398321 0.006839661066238922
0 0.9600631681269315 0.12400304303824046 0.022011355386194253 0.023564665026114642
5 0.24365 0.68984365 0.3125 0.4203125
2 0.31640625 0.60859365 0.1661865 0.0568125
1 0.32568125 0.61865 0.1484365 0.221865
2 0.6095669393023663 0.6462103620254936 0.01259090359069611 0.015696622862636886
3 0.6135368218159235 0.6561251361266946 0.006856951695398143 0.006856951695398143
4 0.6160396530998169 0.6844552505891652 0.023682939695149664 0.04232385538619425
5 0.6191101109453392 0.6650620698610159 0.033256926594901204 0.06665339654066192