1 0.8415664148062816 0.16354240865615661 0.18350336629005086 0.11981356201231528
1 0.5158810926966606 0.043682864068596116 0.16453519866214011 0.08220448660335968
2 0.5158088906049809 0.16555331888905628 0.15030906220860696 0.053996664461643366
2 0.8921865 0.0568125 0.215625 0.115625
5 0.8015625 0.215625 0.396865 0.43125
5 0.5515625 0.03828125 0.28125 0.0665625
5 0.6234365 0.16890625 0.446865 0.3568125
1 0.284365 0.6865 0.23125 0.253125
4 0.2 0.94365 0.4 0.1125
2 0.26109365 0.6328125 0.2568125 0.0865
5 0.2 0.69453125 0.4 0.4109365