4 0.86484365 0.2161865 0.2603125 0.365625
5 0.86484365 0.2 0.2603125 0.4
0 0.6109365 0.4421865 0.0365 0.084365
0 0.6619946363105665 0.4890625 0.058156933645025396 0.059365
0 0.5086362192583996 0.46568125 0.08485668903121965 0.0828125
0 0.4392549601832133 0.5015625 0.06132838544042354 0.0661865
0 0.283250399868363 0.54365 0.05968406615858266 0.0603125
0 0.20136914080316662 0.56953125 0.05188965292686626 0.05625
0 0.11635369136891068 0.59365 0.05188965292686626 0.05625
0 0.05368106849626384 0.58125 0.06068519866214013 0.08125
3 0.6660665354169824 0.54609365 0.020466036104353465 0.0265625
3 0.49104461916020366 0.540625 0.016360216822512698 0.0296865
3 0.44636198621238053 0.55390625 0.032994306181592394 0.03125
3 0.29054062511213214 0.58828125 0.0298602168225126 0.0296865
3 0.21024014665510508 0.6161865 0.031413626463433164 0.028125
3 0.10950434855050313 0.625 0.020456945645263865 0.025
3 0.06642664665510508 0.6161865 0.03303066861691084 0.0365
4 0.14913954116251906 0.6234365 0.06194652985683653 0.1634365
4 0.08846111640628815 0.66696865 0.12952491529826116 0.240625
4 0.22165033936612096 0.615625 0.10621356806243946 0.165625
4 0.3139514649156404 0.61696865 0.11680664668035032 0.203125
4 0.46535489363184606 0.690625 0.1268896924256241 0.228125
4 0.562206166634148 0.68661865 0.13906354166169416 0.26865
4 0.68359365 0.6640625 0.0921865 0.196865
5 0.665625 0.615625 0.128125 0.528125
5 0.559365 0.61161865 0.21865 0.5665625
5 0.46640625 0.63046865 0.2046865 0.5390625
5 0.32568125 0.65 0.1921865 0.5
5 0.22634365 0.66696865 0.1634365 0.4640625
5 0.14140625 0.68046865 0.1609365 0.4390625
5 0.1015625 0.66484365 0.203125 0.4603125