1 0.18661865 0.25625 0.3634365 0.2865
2 0.19921865 0.0634365 0.3984365 0.146865
5 0.3 0.2 0.6 0.4
5 0.99453125 0.11328125 0.0109365 0.1015625
2 0.96015625 0.20068125 0.0696865 0.1140625
2 0.8562120154198981 0.05283990526532083 0.036626258966990544 0.03949885200509069
2 0.8300222806434044 0.16096148694559345 0.11152836334016506 0.10285336468162653
2 0.6828125 0.01328125 0.034365 0.0265625
2 0.6046865 0.05390625 0.009365 0.0640625
1 0.6604569039835696 0.06009896928609306 0.033056939695149585 0.04256930800445442
1 0.608538166083828 0.09519213196213813 0.13065106201231528 0.18432155068426196
1 0.8522645305452086 0.09586319926595618 0.026635216822512696 0.02999658266026261
1 0.8036136898166866 0.2518864699490933 0.06554542154466602 0.09462260401018139
1 0.96696865 0.32634365 0.0640625 0.1296865
4 0.6828125 0.33515625 0.234365 0.1296865
4 0.60068125 0.2453125 0.2015625 0.309365
4 0.6615830666466569 0.1350806869535466 0.048882926594901204 0.06612612133990866
1 0.2296865 0.69609365 0.459365 0.3140625
2 0.21640625 0.4859365 0.4328125 0.161865
4 0.2603125 0.84921865 0.540625 0.3015625
5 0.3 0.6 0.6 0.6
1 0.6921865 0.86421865 0.184365 0.2515625
1 0.86265625 0.88359365 0.2546865 0.2328125