3 0.26811164464854166 0.3635126845286883 0.1483295066836355 0.12585449365348415
3 0.06235045138445216 0.14813193120913856 0.0221113563360908 0.020439665026114642
2 0.0648636586125888 0.10989158682499686 0.03686362666090888 0.03146816861691084
2 0.22634365 0.0634365 0.2068125 0.146865
5 0.35361808261004346 0.08945986139526659 0.06320223634881644 0.11448065651666245
5 0.0866044026291335 0.23164841315696183 0.16265662803945263 0.291552216626121
5 0.234365 0.33984365 0.46865 0.6696865
4 0.290625 0.525 0.35625 0.309365
4 0.08035385538666938 0.16449262941364046 0.06631589066462685 0.059656695081343926
6 0.84921865 0.11328125 0.3015625 0.2265625
5 0.68828125 0.33984365 0.4234365 0.6696865
3 0.1958510386094061 0.9510246061616613 0.06625339066462603 0.05982042659490121
2 0.1664626613621805 0.8486808501216361 0.14998291335136288 0.13366608411256366
5 0.18203125 0.88661865 0.3640625 0.2265625
3 0.9603125 0.8359365 0.059365 0.1125
5 0.865 0.83984365 0.25 0.3203125