3 0.46421865 0.14463316866505568 0.0234365 0.022011355386194253
2 0.61640625 0.03364960599881055 0.0328125 0.029868396540662008
2 0.46953125 0.10626044965229465 0.0390625 0.033039658966990366
2 0.3015625 0.11292516335335354 0.209365 0.16309310811666865
5 0.1890625 0.16451616920608601 0.0665625 0.1160604265949012
5 0.4859365 0.225 0.161865 0.2865
5 0.63125 0.1563195965865542 0.128125 0.2960569094445286
5 0.653125 0.21328125 0.053125 0.2603125
5 0.34921865 0.184365 0.6984365 0.36865
4 0.63828125 0.1686686909616959 0.0859365 0.16299996964936896
4 0.461865 0.16349681421366518 0.06865 0.06289996569950324
1 0.6265625 0.06806561866469308 0.0265625 0.023592036104353464
