3 0.2808524858566481 0.20211856454639812 0.15065449980360833 0.13056016446164336
5 0.13359365 0.0696865 0.1661865 0.159365
5 0.2696865 0.26953125 0.559365 0.5390625
4 0.26161865 0.36865 0.4140625 0.340625
6 0.8495984615569555 0.6482895925985646 0.12355661642962936 0.2896615480082102
6 0.6084649223303441 0.6005919151018694 0.08606369488495234 0.19581246964936905
0 0.88359365 0.54365 0.0453125 0.009365
0 0.63984365 0.56865 0.0453125 0.059365
5 0.690625 0.66953125 0.165 0.4609365
5 0.8109365 0.66953125 0.321865 0.4609365
