3 0.18984365 0.2656833626323151 0.1453125 0.12200336401962649
3 0.38203125 0.01255092665840488 0.021865 0.01900453866963625
5 0.08125 0.01640625 0.065625 0.0328125
5 0.36568125 0.125 0.1421865 0.25
5 0.23984365 0.24453125 0.4696865 0.4890625
4 0.1828125 0.38359365 0.365625 0.2109365
4 0.365 0.030436860656450343 0.065625 0.05856611600890866
3 0.5068125 0.096865 0.05625 0.06865
6 0.56890625 0.29453125 0.1984365 0.3890625
5 0.63984365 0.24453125 0.5203125 0.4890625
1 0.20625 0.809365 0.4125 0.253125
2 0.18661865 0.5696865 0.3634365 0.18125
5 0.23984365 0.64453125 0.4696865 0.5109365
4 0.23984365 0.94453125 0.4696865 0.1109365
5 0.8484365 0.64453125 0.2 0.5109365
5 0.6625 0.64453125 0.228125 0.5109365
5 0.5203125 0.64453125 0.08125 0.5109365
3 0.6634365 0.49609365 0.053125 0.0140625
4 0.503125 0.60234365 0.046865 0.4265625
4 0.66109365 0.692418598066496 0.165625 0.3868646213558161
4 0.84921865 0.6506412600906666 0.1328125 0.3062329133513629