2 0.21681804006204258 0.24505303524826662 0.08056020401018138 0.06592624801081666
4 0.0161865 0.23125 0.034365 0.25625
5 0.13046865 0.34665625 0.2609365 0.3421865
5 0.02634365 0.2359365 0.0546865 0.453125
0 0.3665625 0.69296865 0.084365 0.0921865
6 0.1125 0.93828125 0.096865 0.1234365
1 0.10642600662340645 0.8603065639169129 0.028615896005626136 0.04251466400381696
1 0.3863044106256336 0.8834593652132682 0.04126952800663594 0.056622614662181596
1 0.01640625 0.6328125 0.0328125 0.0365
2 0.022356352681408392 0.5618689125955033 0.02205681333545435 0.01586953866963616
2 0.034365 0.66265625 0.06865 0.0603125
4 0.03203125 0.809365 0.0640625 0.15
4 0.016489160685862814 0.5946541369296851 0.03166816066154533 0.03630112666090888
5 0.02265625 0.603125 0.0453125 0.103125
5 0.05859365 0.69140625 0.1161865 0.3140625
5 0.115625 0.8984365 0.165625 0.203125
5 0.3046865 0.859365 0.228125 0.28125
0 0.1266363853834966 0.8216155352482666 0.05383406200826239 0.06155566534054495
6 0.31953125 0.9390625 0.1890625 0.121865
1 0.8140625 0.62421865 0.361865 0.2109365
2 0.61640625 0.56015625 0.2068125 0.0828125
4 0.609365 0.846865 0.58125 0.30625
5 0.609365 0.659365 0.58125 0.48125