3 0.3116583993863156 0.32109365 0.02525453866963625 0.021865
2 0.12952660461036165 0.2453125 0.034620445336363424 0.0296865
2 0.30494466538190684 0.28125 0.04100680800445442 0.0328125
5 0.309365 0.4140625 0.140625 0.3125
5 0.15061235862849615 0.36890625 0.11665331060962532 0.3161865
5 0.0296865 0.4859365 0.059365 0.290625
5 0.26568125 0.390625 0.2068125 0.51865
4 0.01015625 0.52634365 0.0203125 0.1161865
4 0.1460965813961689 0.39365 0.08160562802354438 0.1634365
4 0.31891691605663365 0.340625 0.0610569346653633 0.0640625
1 0.12841863804899662 0.284365 0.028396620003181603 0.0234365
5 0.91696865 0.065 0.1359365 0.15
5 0.459365 0.26865 0.159365 0.5365
