3 0.961865 0.00390625 0.028125 0.0068125
3 0.869631395202981 0.014926504006020686 0.021993164668035208 0.020439665026114633
3 0.68359365 0.00625 0.0203125 0.0125
3 0.621865 0.009365 0.025 0.01865
3 0.64609365 0.00603125 0.0234365 0.0140625
6 0.596865 0.0661865 0.034365 0.134365
6 0.6425263049420962 0.08261094340658268 0.10094539634428025 0.16308168298109546
6 0.6229541483262388 0.08926403991498259 0.06638962266624522 0.1426329265949012
6 0.68203125 0.01696865 0.0421865 0.0359365
6 0.621865 0.00546865 0.0625 0.0109365
6 0.66634365 0.0140625 0.0634365 0.028125
6 0.6885426868899204 0.09514224483363858 0.06266585518980258 0.15354315651666245
6 0.8368433501216369 0.08069339852263061 0.05081813231616552 0.14091589149054663
6 0.85603125 0.01161865 0.0265625 0.0234365
6 0.8691666868899204 0.09461500400602069 0.08525666483062289 0.15205336939029953
6 0.934365 0.034365 0.05 0.06865
6 0.95603125 0.06890625 0.0859365 0.1546865
5 0.5984365 0.16953125 0.0365 0.3390625
5 0.60859365 0.13984365 0.0568125 0.2696865
5 0.6365 0.1890625 0.1125 0.368125
5 0.66568125 0.1568125 0.0634365 0.315625
5 0.60390625 0.13828125 0.0546865 0.2665625
5 0.61640625 0.18046865 0.1046865 0.3609365
5 0.66421865 0.1365 0.0953125 0.265
5 0.6828125 0.18046865 0.084365 0.3609365
5 0.8234365 0.165625 0.061865 0.33125
5 0.85603125 0.1515625 0.0640625 0.303125
5 0.86109365 0.1865 0.1068125 0.365
5 0.9234365 0.15 0.061865 0.3
5 0.94665625 0.18984365 0.1046865 0.3696865
5 0.98515625 0.1828125 0.0296865 0.365625
0 0.2359365 0.41865 0.0865 0.068125
3 0.20201596619228656 0.44213996468121336 0.022138620413308985 0.045439665026114634
4 0.0859365 0.5140625 0.161865 0.26865
5 0.13046865 0.68984365 0.2609365 0.6203125
0 0.66109365 0.62109365 0.1828125 0.4068125
5 0.659365 0.6046865 0.359365 0.590625