1 0.5568125 0.25234365 0.25625 0.2515625
2 0.61484365 0.05390625 0.5603125 0.1068125
5 0.61484365 0.28984365 0.5603125 0.5696865
4 0.61484365 0.46865 0.5603125 0.221865
1 0.24609365 0.65603125 0.3661865 0.1953125
4 0.21484365 0.8828125 0.4296865 0.140625
5 0.21484365 0.665625 0.4296865 0.361865
0 0.865 0.8009882446354428 0.068125 0.033266016953980994
0 0.93203125 0.6826866966290366 0.05 0.028415891490546906
3 0.9359365 0.8068836206313365 0.0359365 0.011146568258831141
3 0.89296865 0.826664955606026 0.025 0.014206945645263666
6 0.9390625 0.8646680400131684 0.0859365 0.08956246964936905
6 0.8515625 0.886280850121636 0.11865 0.11631586629005069
5 0.865 0.890625 0.16865 0.21865
5 0.94140625 0.88203125 0.1161865 0.2359365
0 0.8665625 0.6439469043663632 0.009365 0.004642042154466844
6 0.8665625 0.6533229043663631 0.015625 0.012590903590696286
5 0.865 0.6562382446354426 0.021865 0.03293966502611463
0 0.88125 0.6604831332991242 0.009365 0.004642042154466844
6 0.8665625 0.6814469043663632 0.0161865 0.01416249394986581
5 0.86890625 0.6853405188366436 0.021865 0.03450226502611463