4 0.06696865 0.328125 0.1359365 0.265625
5 0.16484365 0.23984365 0.3296865 0.4696865
6 0.6829526913986698 0.45234365 0.025454533338636055 0.0390625
6 0.9039640680553612 0.368125 0.025526258662816865 0.0453125
6 0.64921865 0.0140625 0.0234365 0.028125
4 0.6803254886014529 0.2265625 0.023910214662181594 0.040625
0 0.6660192493634531 0.1921865 0.01649658266026261 0.0265625
0 0.9042453413828614 0.33515625 0.015896620003181602 0.0234365
5 0.653125 0.04921865 0.046865 0.0984365
5 0.6812430986030438 0.23828125 0.05305336935062642 0.128125
5 0.90823395462626 0.409365 0.05354426535645338 0.1603125
5 0.6852055346310425 0.44453125 0.0382454346653633 0.0640625
0 0.02265625 0.65234365 0.0453125 0.1161865
0 0.284365 0.61328125 0.090625 0.0890625
4 0.284365 0.84140625 0.090625 0.2640625
5 0.0609365 0.84609365 0.121865 0.3068125
5 0.2625 0.68125 0.134365 0.4365
3 0.29921865 0.6984365 0.0609365 0.053125
