3 0.36865 0.03359365 0.140625 0.0661865
4 0.24140625 0.10390625 0.3953125 0.2068125
5 0.21953125 0.12109365 0.4390625 0.2421865
3 0.33984365 0.440625 0.1984365 0.168125
2 0.33125 0.23125 0.215625 0.14365
5 0.22421865 0.32109365 0.4296865 0.4161865
0 0.39296865 0.55546865 0.0696865 0.0515625
3 0.36696865 0.5660225141433519 0.0328125 0.06206589654066191
0 0.3125 0.5696060563960255 0.0390625 0.05803965896699036
6 0.33984365 0.6049213866699186 0.0865 0.19425906010845856
6 0.3696865 0.665625 0.11865 0.334365
5 0.359365 0.66484365 0.159365 0.4603125
5 0.3515625 0.66484365 0.165 0.4603125
2 0.59665625 0.615625 0.3161865 0.361865
5 0.61953125 0.66484365 0.5609365 0.4603125