3 0.06865 0.26640625 0.1365 0.1665625
2 0.068125 0.05 0.15625 0.1
4 0.1696865 0.396865 0.359365 0.065625
5 0.1696865 0.21484365 0.359365 0.4296865
0 0.6012363305965223 0.26869183609163215 0.0940954336450254 0.06046588001262664
0 0.8200682341863184 0.2856986164410859 0.13821813836628962 0.12503645635199914
3 0.6358614058302913 0.31362306542963196 0.03936156220860695 0.053569533338636055
3 0.6899185563960255 0.3364054660900413 0.051662486899651616 0.03496498400699968
4 0.661865 0.40390625 0.165625 0.0515625
5 0.665625 0.3203125 0.44365 0.21865
5 0.59921865 0.33203125 0.2953125 0.1953125
6 0.14394246018321333 0.5910191826259518 0.05188066256668665 0.055286484006999666
5 0.14620439695149663 0.5669839546262601 0.05048168903121965 0.08339430266345413
5 0.48203125 0.5390625 0.2453125 0.21865