4 0.2140625 0.16696865 0.25 0.2265625
5 0.16953125 0.15 0.3390625 0.3
3 0.28661865 0.496865 0.1046865 0.10625
2 0.2865 0.325 0.103125 0.1125
5 0.1865 0.3984365 0.303125 0.303125
1 0.65603125 0.46865 0.3609365 0.1625
2 0.63828125 0.1421865 0.4161865 0.284365
5 0.66953125 0.265 0.6609365 0.55
6 0.2828125 0.98046865 0.028125 0.0390625
4 0.23046865 0.98984365 0.0109365 0.0203125
5 0.2109365 0.96865 0.065625 0.0625
6 0.8646802646896619 0.6084684256481896 0.00945681323161641 0.014116042154466666
0 0.8646529966623089 0.5959684256481895 0.006286361436318444 0.006286361436318444
5 0.8654651603282914 0.6061201305686496 0.012690896540662096 0.032885222862636885
5 0.36094962414918315 0.9840426810126468 0.014244306181592396 0.03133181323161641