1 0.8453331423643105 0.16050656858691266 0.16620668298109545 0.10192622135581611
1 0.9859365 0.06109365 0.028125 0.0696865
1 0.5309802616646098 0.08969610629631986 0.15193520462226432 0.06582608935390813
1 0.36890625 0.06865 0.1390625 0.065
2 0.5396825851926182 0.20531201929504622 0.14085225896699036 0.040698820019090046
2 0.5640625 0.02265625 0.25 0.0453125
2 0.89296865 0.05625 0.2140625 0.103125
5 0.965 0.05 0.05 0.1
5 0.8161865 0.19665625 0.365625 0.3953125
5 0.559365 0.05390625 0.25625 0.1068125
5 0.561865 0.1828125 0.525 0.365625
5 0.2843668504162246 0.668200695233959 0.03626384328594586 0.058230660661545325
6 0.66109365 0.51640625 0.1203125 0.2140625
6 0.5609365 0.5109365 0.125 0.203125
5 0.5625 0.6984365 0.18125 0.568125
5 0.65859365 0.603125 0.1828125 0.5865