1 0.08125 0.2865 0.1625 0.265625
4 0.1359365 0.3953125 0.265625 0.228125
5 0.134365 0.2546865 0.26865 0.509365
3 0.6286180853655435 0.14232593890958263 0.03344884666409058 0.05486839654066192
6 0.8186254646119525 0.16550488455666066 0.19280666002545326 0.18860902380661344
0 0.6000294613601346 0.10231856244614965 0.06686133068109026 0.10663169508134393
5 0.8096146413908155 0.25528954622264324 0.2881941646294515 0.46414535499341065
1 0.134365 0.85625 0.26865 0.2865
2 0.134365 0.63203125 0.26865 0.2453125
5 0.134365 0.6546865 0.26865 0.490625
5 0.3390625 0.5365 0.0865 0.05625