5 0.28046865 0.26484365 0.2984365 0.5296865
4 0.33203125 0.384365 0.1953125 0.290625
1 0.38984365 0.1603125 0.0696865 0.25
1 0.5961038216195318 0.2026648890546608 0.11466154800821018 0.12253859621281223
1 0.93203125 0.059365 0.1359365 0.11865
3 0.69609365 0.015625 0.0421865 0.03125
3 0.6591225534691592 0.2533865368899204 0.06543633623582169 0.06543633623582169
2 0.68046865 0.06640625 0.1665625 0.1328125
2 0.62634365 0.04665625 0.1265625 0.0953125
4 0.69365 0.39365 0.303125 0.261865
4 0.90546865 0.26484365 0.1890625 0.5296865
4 0.5665625 0.3859365 0.2625 0.2865
5 0.48046865 0.26484365 0.1015625 0.5296865
5 0.66265625 0.0296865 0.1068125 0.059365
5 0.59453125 0.26484365 0.3296865 0.5296865
5 0.665625 0.26484365 0.45 0.5296865
5 0.9 0.26484365 0.2 0.5296865
