5 0.334365 0.24453125 0.66865 0.4890625
4 0.3603125 0.28828125 0.459365 0.4015625
1 0.31484365 0.065 0.2359365 0.15
4 0.40026516242853966 0.8262230654296318 0.059664965699503235 0.06944089066462695
2 0.36556060909862644 0.6651509240929048 0.028252265026114633 0.022202264003816963
3 0.38093026468966195 0.6939645586603138 0.023546584308955332 0.019022620003181605
5 0.4068922296083281 0.8599066320963592 0.10121810811666866 0.21053860534690863
0 0.6984365 0.86696865 0.059365 0.1015625
4 0.61484365 0.96161865 0.0921865 0.0665625
3 0.6996393621236896 0.9295526820256616 0.03663634933606006 0.041061352005090514
5 0.68046865 0.89921865 0.2234365 0.2015625