1 0.06015625 0.06568125 0.1203125 0.1515625
5 0.13046865 0.31484365 0.2609365 0.6296865
3 0.98828125 0.05390625 0.0234365 0.0203125
1 0.8110824248644266 0.08134232348525323 0.06060338544042362 0.06659656615858281
1 0.5819943666828344 0.11392406109041624 0.0621466106623885 0.046293156516662416
3 0.9506200851926182 0.535983850809008 0.06063965292686635 0.05665906615858266
1 0.9828125 0.40603125 0.034365 0.0661865
1 0.8184989633636163 0.2836360665103153 0.06229315651666229 0.06229315651666246
1 0.5641622564429066 0.2499024666062655 0.06850669508134384 0.0660695169539809
1 0.5248120849963265 0.4086680188366436 0.06914996569950324 0.06914996569950324
1 0.6655365580653551 0.5245610583599426 0.06293633623582168 0.0653636143631848
2 0.428125 0.13046865 0.01865 0.0640625
2 0.46640625 0.6046865 0.0953125 0.05
2 0.5831983193800366 0.041263265910866436 0.09421360831306061 0.08023292154466606
2 0.8200160633299123 0.022698566510315344 0.06886626502611463 0.02226496569950318
2 0.8346466690106944 0.19360142291951916 0.08010565651666229 0.06233860831306052
2 0.99296865 0.33046865 0.0140625 0.0640625
2 0.9484365 0.446865 0.103125 0.09365
2 0.6566615216646099 0.42149060051442044 0.10202610831306061 0.08026836334016515
2 0.545633645104685 0.32115984416960866 0.08323065651666229 0.06235668903121964
2 0.5662529069104458 0.1608308663461959 0.09892836939029935 0.08494669262201593
4 0.961865 0.23203125 0.05625 0.2634365
4 0.9365 0.1609365 0.125 0.234365
4 0.6664381560086416 0.2245019610259252 0.1890999031980126 0.2660908430895541
4 0.51521541296056 0.168362901351301 0.06262949365348414 0.14629315651666236
4 0.634365 0.05390625 0.096865 0.1068125
4 0.56640625 0.05546865 0.1546865 0.1109365
4 0.4546865 0.0625 0.061865 0.125
4 0.43828125 0.30068125 0.0390625 0.1296865
4 0.68515625 0.584365 0.1828125 0.090625
4 0.90546865 0.58125 0.1890625 0.096865
5 0.62421865 0.09453125 0.1234365 0.1890625
5 0.8805318616326102 0.09500030250621025 0.09926381303532456 0.14432269262201589
5 0.6634365 0.20234365 0.265 0.4046865
5 0.92568125 0.1953125 0.1484365 0.328125
5 0.946865 0.23661865 0.10625 0.3921865
5 0.96640625 0.44365 0.0661865 0.2865
5 0.8661865 0.5046865 0.265625 0.25
5 0.8046222986936662 0.3688695945624921 0.2806602944921686 0.456305583916162
5 0.6046865 0.49365 0.33125 0.261865
5 0.54453125 0.45234365 0.2515625 0.3546865
5 0.56696865 0.359365 0.2984365 0.515625
5 0.56696865 0.1661865 0.2453125 0.334365
5 0.565 0.09296865 0.234365 0.1859365
5 0.46265625 0.1068125 0.1068125 0.215625
5 0.45546865 0.26328125 0.0634365 0.3359365
3 0.20859365 0.64296865 0.0421865 0.0265625
4 0.09365 0.60390625 0.1865 0.1484365
5 0.1515625 0.6984365 0.303125 0.3365
