2 0.28125 0.18984365 0.265625 0.3696865
5 0.23984365 0.31484365 0.4696865 0.6296865
4 0.28203125 0.503125 0.3953125 0.253125
1 0.2646888442669046 0.46184564539936256 0.18214085518980241 0.15416948165323558
5 0.53828125 0.0828125 0.1161865 0.165625
6 0.525 0.021865 0.090625 0.04365
6 0.8839143642239369 0.26422806623863626 0.18166010186015298 0.35629539129415605
0 0.8484682644950843 0.04569169066610832 0.06864315046653809 0.0895160169539809
5 0.81484365 0.31484365 0.3603125 0.6296865
5 0.3609365 0.81484365 0.2365 0.3603125
1 0.84609365 0.934365 0.3068125 0.13125
2 0.84453125 0.659365 0.3109365 0.184365
5 0.63984365 0.821865 0.5203125 0.35625