5 0.10625 0.23984365 0.2125 0.4696865
0 0.60322603561156 0.12145892600562606 0.10038169508134384 0.06620668298109554
0 0.4109365 0.13203125 0.121865 0.0696865
0 0.6636686320225681 0.1616094388113869 0.11661464686664198 0.06411926693096135
4 0.6686356166008658 0.3443465020431035 0.166696662361395 0.18533856806243946
4 0.566809502336691 0.28066484562183266 0.1430965359069618 0.15606622266624522
4 0.4125 0.28828125 0.125 0.1546865
3 0.4169481681269315 0.19615386909561165 0.06113648689965162 0.034629524004105096
3 0.6051566952542945 0.18464926636480564 0.046093168616910665 0.03666261066238851
3 0.6405856560266831 0.2324105834251926 0.04863648689965162 0.034656801131468115
5 0.428125 0.28203125 0.15625 0.3953125
5 0.39296865 0.23984365 0.0859365 0.4696865
5 0.609365 0.28125 0.265625 0.396865
5 0.665625 0.3046865 0.225 0.35