5 0.2921865 0.2546865 0.29365 0.509365
4 0.35603125 0.32634365 0.1640625 0.3640625
1 0.3634365 0.1015625 0.13125 0.203125
2 0.059609259662556386 0.6624123629463916 0.01628649394986581 0.01628649394986581
3 0.06268426883664366 0.6982118036655509 0.006866132513556366 0.010982951695396966
4 0.0625296326333902 0.624664303665551 0.040906801131468204 0.048663849336060066
5 0.06653314539936268 0.6350123668962665 0.08834540339440444 0.14582156010845856
5 0.16966603669352866 0.555861198082965 0.034846698662140125 0.08144998689965162
5 0.63125 0.6546865 0.5365 0.490625
4 0.69921865 0.868125 0.4015625 0.24365
1 0.6609365 0.56890625 0.190625 0.1390625