1 0.028125 0.109365 0.05625 0.21865
4 0.11161865 0.340625 0.2234365 0.4365
5 0.11953125 0.2696865 0.2390625 0.559365
5 0.4325464169305396 0.15695041802863566 0.08616469846564829 0.21143646964936905
5 0.5808839239806639 0.14162650214129932 0.08566583098930565 0.22236586939029934
5 0.9264690642518104 0.36238546149689485 0.0492101805216662 0.13309430113146803
3 0.9258111254814645 0.34596013113881514 0.011028403590696288 0.015688632513556364
0 0.9286634086589616 0.31630081185696445 0.029914658966990186 0.0392352168225126
4 0.4166623426966606 0.11332826443693946 0.029969301131468028 0.048610216822512695
4 0.5884328035663552 0.09635945393669646 0.034638614363184696 0.06269998689965162
0 0.4156164622834616 0.06801121925839962 0.020456945645263665 0.02511816466803503
3 0.42040951141286636 0.08600624033563853 0.006295451695398144 0.006848861436318444
3 0.5696562463856628 0.06505945696165956 0.004632951695398144 0.006839661066238922
0 0.5818828216166266 0.044660592500368935 0.020448855386194252 0.023555664668035032
5 0.825 0.609365 0.159365 0.3
6 0.8296334626662452 0.6561464838926308 0.12124880698520046 0.16163645664913068
6 0.50234365 0.9140625 0.1696865 0.161865
0 0.5060550166593933 0.6856345295632501 0.06864315046653809 0.08951601695398082
5 0.565625 0.86161865 0.403125 0.2665625