1 0.23294132666965606 0.21502962692014 0.20923059601642038 0.24616811636154426
4 0.21865 0.3365 0.4365 0.203125
5 0.26953125 0.21953125 0.5390625 0.4390625
0 0.32418044668836635 0.930661264560823 0.09588519262201593 0.099546561346262
0 0.360564568398068 0.8458508245544596 0.06854315651666228 0.06268406666626211
0 0.19169922501393621 0.8549638362454131 0.04399543969514959 0.04269656633926268
0 0.08968626606021814 0.9303634645926396 0.052035198662140126 0.08184998400699968
0 0.028125 0.92421865 0.05625 0.0890625
6 0.2234365 0.95068125 0.0865 0.0984365
6 0.4161865 0.95546865 0.09365 0.0890625
3 0.3666531856863246 0.8996934362215506 0.03296612646343282 0.028506808004454244
3 0.20369523096586466 0.9024836262438223 0.028288626463433165 0.02845226400381696
5 0.40859365 0.9015625 0.1515625 0.196865
5 0.3365 0.93661865 0.19365 0.1265625
5 0.2161865 0.91161865 0.140625 0.1665625
5 0.109365 0.940625 0.128125 0.11865
5 0.0625 0.93828125 0.125 0.1234365
0 0.859266999214433 0.6388922998886415 0.03143180618159256 0.031613626660909056
0 0.5603191286029283 0.6616860965945488 0.04556603005422928 0.044266258662816864
3 0.5421865 0.6865 0.00625 0.01865
3 0.566658318398068 0.6040200499284124 0.020430664668035033 0.020548856336090698
1 0.858666646655105 0.6616138905554142 0.021993164668035208 0.020566038669636162
6 0.8606826360159886 0.6369836805538234 0.06160109621281222 0.1146615620082624
6 0.6066242068635636 0.6621410852562308 0.06900666483062289 0.1524615666662621
6 0.55625 0.64453125 0.034365 0.1203125
5 0.56640625 0.815625 0.0546865 0.36865
5 0.60546865 0.8161865 0.1234365 0.365625
5 0.8616486315315986 0.6694991185550961 0.11436352361132159 0.32162155601526186