4 0.16484365 0.421865 0.3296865 0.25625
5 0.26484365 0.265 0.5296865 0.55
1 0.1188260093889065 0.23808868981668666 0.2029090133662612 0.2511635659621911
2 0.146865 0.02568125 0.24365 0.0515625
2 0.6856964280612695 0.1036663866186639 0.023628401336626246 0.025136355386194253
3 0.6829623294069966 0.12869456633693313 0.016386494668999894 0.01628649394986581
4 0.6826446034134054 0.16854286251646296 0.028696609341181486 0.05696612646343318
5 0.6610804946485418 0.18189229020956018 0.06666039635836263 0.18465669508134385
3 0.2661865 0.56890625 0.121865 0.0568125
4 0.0515625 0.8046865 0.103125 0.2865
4 0.28869525342135953 0.6439388140162835 0.35812366204008905 0.2963660115110632
6 0.06568125 0.61640625 0.1515625 0.1328125
5 0.30068125 0.665 0.4568125 0.45
5 0.09296865 0.665 0.1859365 0.45
