2 0.11953125 0.28203125 0.2390625 0.3634365
5 0.161865 0.390625 0.34365 0.596865
4 0.1365 0.58661865 0.265 0.2046865
1 0.09481058946531666 0.5680348441696086 0.16261131303532491 0.14464993949865692
2 0.6422941226528041 0.415822383495516 0.012618164668035031 0.020385222862636888
3 0.6369344569616595 0.43460419965229464 0.010982951695396966 0.006866132513556366
4 0.6331009298343965 0.44612692564999363 0.02520906825883114 0.03608294564526368
5 0.6325651195295462 0.48931896082953346 0.04001698660335968 0.16428965896699036
0 0.2635066612164856 0.888551866249 0.040861349336060066 0.040861349336060066
0 0.2336140142415466 0.8801899314055304 0.02832498689965162 0.03453862646343318
0 0.19662609259856466 0.8514963048439014 0.040860439695149585 0.04242384933606006
0 0.09219412860292834 0.8686688589022358 0.025181806181592398 0.031395445645263664
0 0.0632350504440961 0.8428404432111911 0.02831589654066192 0.032966126463433165
0 0.025992411682219616 0.9142114491631194 0.031395445645263864 0.02518180618159222
3 0.18443162566686625 0.8866262666165383 0.012562622862636888 0.012562622862636888
3 0.2384833214231401 0.9114126603282914 0.01629658430895533 0.01884999394986581
3 0.26661640563209546 0.9299990338648584 0.01885908430895533 0.01885908430895533
6 0.30068125 0.95859365 0.0661865 0.0828125
6 0.24140625 0.95546865 0.0453125 0.0890625
6 0.19453125 0.94665625 0.0640625 0.1046865
6 0.11015625 0.9859365 0.0296865 0.028125
6 0.0665625 0.94365 0.05625 0.1125
6 0.02265625 0.9661865 0.0390625 0.065625
5 0.025 0.9484365 0.046865 0.103125
5 0.06953125 0.91161865 0.0828125 0.1665625
5 0.103125 0.93125 0.0625 0.1365
5 0.19140625 0.91328125 0.0634365 0.1634365
5 0.24296865 0.9296865 0.0484365 0.140625
5 0.29296865 0.93359365 0.0859365 0.1328125
