5 0.26634365 0.209365 0.5546865 0.41865
4 0.2603125 0.20859365 0.35625 0.4161865
1 0.80390625 0.25859365 0.3484365 0.3203125
5 0.81484365 0.209365 0.3603125 0.41865
6 0.4261594811622563 0.5202086612683212 0.16359993344863362 0.19095335868862636
0 0.54296865 0.46265625 0.0661865 0.1068125
3 0.5169350534691592 0.5064444945894581 0.022202252926866163 0.05650453866963616
5 0.4484365 0.653125 0.265625 0.46865
0 0.99453125 0.5109365 0.0109365 0.021865
0 0.9626919393023663 0.4866966106142651 0.03663634933606006 0.04106135200509069
0 0.9603125 0.540625 0.059365 0.061865
0 0.9115930466154266 0.5669841946212649 0.018886355386194254 0.023655666002545433
0 0.8904356651018694 0.5562921426241384 0.010992042154466844 0.00950226933481808
6 0.893692465308524 0.5699120299560464 0.012663626463433165 0.028260450668363624
0 0.8648015646426896 0.5559114559595928 0.023563855386194255 0.023610220003181602
0 0.8340620356133642 0.5384154206316643 0.029842036104353653 0.026906945336363515
0 0.6640112343836102 0.555521651963264 0.022011355386194253 0.02369203866963616
0 0.6310924813586481 0.5646153886456638 0.020439665026114552 0.0221113563360908
0 0.6695026102814093 0.5605268626526634 0.03609203610435348 0.026980660661545325
0 0.64609365 0.5603125 0.0328125 0.0365
6 0.6568125 0.6 0.05625 0.146865
6 0.6831140444921686 0.6440852599856826 0.0600022346664936 0.10850339066462685
6 0.6331140444921688 0.6435034563122282 0.056666240826616695 0.09126952800663595
6 0.6652688185944696 0.6391063113065012 0.03184086334016516 0.10192612666090888
6 0.8322600616195316 0.6298489426320926 0.056886325135563304 0.11002952800663595
6 0.8628659812604523 0.626813626959911 0.04585692154466601 0.09426625866281686
6 0.9080413216195318 0.6289661469551384 0.034838608313060605 0.08008648933699968
6 0.99609365 0.584365 0.0068125 0.068125
6 0.9430156644369396 0.596308066950366 0.04662040944452863 0.1286604400063634
6 0.96953125 0.6296865 0.0609365 0.240625
3 0.9984365 0.5359365 0.003125 0.0125
3 0.996865 0.590625 0.00625 0.028125
3 0.9132636222834616 0.5882685132866293 0.006866042154466843 0.009465906666626352
3 0.8656363608461433 0.58246486529282 0.012562622862636888 0.012645450668363622
3 0.8342446524358869 0.5681029206316644 0.018831813231616666 0.014280666002545433
1 0.6610180445903646 0.5682142646403649 0.006930664668035032 0.020403406666626165
3 0.632019166103922 0.589606296969001 0.015606813231616586 0.01424431333545435
3 0.6859345164630016 0.5916051463185916 0.01259090359069611 0.015660450668363623
3 0.6524180355151683 0.6053662959898186 0.01418066466803503 0.020466132001908988
5 0.665625 0.603125 0.061865 0.30625
5 0.6826191408031668 0.6933131006524553 0.059521486506968104 0.2944226093411816
5 0.6356614169305396 0.6801949353119101 0.06399081888905626 0.25696625334181666
5 0.664563122651 0.6690663306413194 0.06346581283893308 0.2642638413430906
5 0.8361965564942213 0.6626631486314561 0.06635216822512632 0.2966386160089086
5 0.8905265686926656 0.5629161426241384 0.016423849336060062 0.040824994668999894
5 0.8662191498683629 0.66526636529282 0.05454309601642038 0.24436816534054523
5 0.9096665384420444 0.658636466621593 0.03860901665658924 0.2082488520050906
5 0.9513600504440961 0.6886234112826386 0.06444656161953168 0.4430238413430905
5 0.99453125 0.561865 0.0109365 0.15
5 0.96640625 0.65068125 0.0661865 0.4984365