3 0.003125 0.56640625 0.00625 0.0484365
4 0.09609365 0.615625 0.1453125 0.328125
5 0.084365 0.625 0.16865 0.55
0 0.2 0.63203125 0.0625 0.0665625
6 0.42265625 0.82421865 0.061865 0.1453125
1 0.4421865 0.64296865 0.021865 0.0365
1 0.18046865 0.6161865 0.0234365 0.05
1 0.99365 0.61161865 0.0125 0.0234365
1 0.96265625 0.590625 0.0265625 0.0203125
1 0.64453125 0.58984365 0.0265625 0.0234365
1 0.86890625 0.65 0.025 0.0234365
1 0.66640625 0.6296865 0.034365 0.0328125
1 0.54921865 0.628125 0.0359365 0.03125
2 0.5640625 0.46484365 0.0203125 0.0125
2 0.6634365 0.461865 0.015625 0.0125
2 0.99296865 0.53828125 0.0140625 0.0161865
2 0.96568125 0.553125 0.0390625 0.03125
2 0.8859365 0.61328125 0.059365 0.0453125
2 0.8921865 0.5453125 0.025 0.021865
2 0.85625 0.53828125 0.0328125 0.0265625
2 0.64140625 0.5365 0.0515625 0.0390625
2 0.66865 0.665625 0.084365 0.0640625
2 0.54365 0.56696865 0.0634365 0.0546865
4 0.53984365 0.69921865 0.08125 0.13125
4 0.565625 0.49609365 0.025 0.03125
4 0.66265625 0.50603125 0.028125 0.034365
4 0.61640625 0.6515625 0.0603125 0.1125
4 0.8125 0.828125 0.096865 0.1865
4 0.84365 0.61640625 0.053125 0.0859365
4 0.90390625 0.61865 0.0609365 0.1390625
4 0.88203125 0.58661865 0.034365 0.025
4 0.961865 0.64665625 0.05625 0.0859365
5 0.98046865 0.661865 0.0390625 0.425
5 0.99453125 0.53661865 0.0109365 0.0265625
5 0.96161865 0.64365 0.0665625 0.415625
5 0.9140625 0.69453125 0.1125 0.4109365
5 0.88828125 0.56161865 0.0568125 0.0546865
5 0.8328125 0.5890625 0.090625 0.1359365
5 0.68359365 0.81328125 0.1828125 0.3634365
5 0.61161865 0.6390625 0.1359365 0.246865
5 0.6634365 0.5296865 0.0390625 0.1296865
5 0.56015625 0.50390625 0.034365 0.0953125
5 0.534365 0.68203125 0.14365 0.284365
5 0.41484365 0.8365 0.1015625 0.325
5 0.23984365 0.6890625 0.1421865 0.421865
0 0.428125 0.69453125 0.04365 0.053125
6 0.228125 0.8640625 0.11865 0.261865