4 0.2390625 0.134365 0.38125 0.26865
5 0.284365 0.134365 0.56865 0.26865
0 0.62568125 0.23661865 0.1140625 0.0640625
0 0.633668545668615 0.06456895560422296 0.11613406010845856 0.08816268656189166
0 0.8396685548439014 0.08915026830561346 0.0642352168225126 0.030060204622264318
3 0.6256115096643615 0.09116690649962106 0.042360216822512696 0.029932939695149586
4 0.8526634645830164 0.15546926025353664 0.06446246569950323 0.06912260462226431
4 0.60625 0.165 0.196865 0.1865
5 0.8433893681638136 0.1399088024080144 0.08042381908544911 0.12602610831306044
5 0.6828125 0.14140625 0.228125 0.2546865
1 0.66421865 0.6203125 0.2109365 0.261865
2 0.68828125 0.3640625 0.2390625 0.153125
4 0.668125 0.8696865 0.41865 0.240625
5 0.684365 0.6359365 0.43125 0.628125