4 0.184365 0.3 0.36865 0.459365
5 0.184365 0.26484365 0.36865 0.5296865
1 0.2603125 0.084365 0.196865 0.16865
5 0.56568125 0.33852318626630416 0.046865 0.08152261066238851
5 0.1015625 0.66161865 0.103125 0.2640625
5 0.04665625 0.6328125 0.0921865 0.20625
5 0.184365 0.66484365 0.36865 0.4603125
5 0.3068125 0.66484365 0.121865 0.4603125
2 0.22568125 0.58661865 0.1568125 0.1140625
4 0.05603125 0.55 0.0484365 0.040625
4 0.1161865 0.58515625 0.05 0.1109365
4 0.14921865 0.94665625 0.2661865 0.1046865
1 0.3453125 0.8696865 0.046865 0.240625
1 0.1609365 0.6951231651018695 0.1390625 0.20605904195808608
