4 0.4203125 0.5865 0.068125 0.0365
5 0.415625 0.58984365 0.090625 0.0421865
5 0.46568125 0.684365 0.1661865 0.43125
5 0.3453125 0.684365 0.34365 0.43125
5 0.21640625 0.684365 0.2984365 0.43125
5 0.01015625 0.60234365 0.0203125 0.0661865
5 0.103125 0.684365 0.20625 0.43125
4 0.06161865 0.62890625 0.0953125 0.1203125
4 0.2125 0.646865 0.140625 0.15625
4 0.32634365 0.64609365 0.1609365 0.1546865
4 0.49665625 0.66015625 0.1234365 0.1828125
5 0.040625 0.684365 0.08125 0.43125
3 0.59453125 0.584365 0.0515625 0.03125
6 0.640625 0.684365 0.1625 0.43125
5 0.6609365 0.684365 0.203125 0.43125