6 0.18359365 0.94665625 0.3661865 0.1046865
3 0.12634082696424365 0.862892448082965 0.14113406010845858 0.08831813231616552
0 0.1046865 0.63203125 0.209365 0.1265625
5 0.2 0.834365 0.4 0.33125
2 0.490625 0.92109365 0.168125 0.1568125
0 0.665 0.65234365 0.140625 0.1661865
2 0.92634365 0.6359365 0.1203125 0.134365
3 0.6061152062563461 0.8626350806946183 0.08165906615858266 0.06068519866214013
3 0.9349123629463916 0.855316818299882 0.0622204336450254 0.05969315651666228
4 0.925 0.909365 0.15 0.18125
4 0.621865 0.94665625 0.221865 0.1046865
5 0.5453125 0.91484365 0.290625 0.1603125
5 0.60603125 0.834365 0.3421865 0.33125
5 0.89296865 0.834365 0.2140625 0.33125