4 0.0390625 0.89140625 0.068125 0.2161865
4 0.08828125 0.896865 0.0953125 0.20625
4 0.14506406666685188 0.8698529159856321 0.11034666842151908 0.1668238251355633
4 0.2553156665381868 0.885618295660519 0.14023515632126062 0.202361541958086
4 0.42421865 0.8390625 0.1296865 0.321865
5 0.24453125 0.85859365 0.1661865 0.2828125
5 0.38828125 0.665 0.2015625 0.45
1 0.48046865 0.69665625 0.0161865 0.0828125
1 0.0203125 0.68046865 0.040625 0.0546865
1 0.054006285611560055 0.69616140681225 0.029968391490546628 0.050162616822512696
1 0.09228853561156006 0.6959386930146994 0.039298849336060064 0.040852258966990366
1 0.13908626665939328 0.6823846322424109 0.04241465896699045 0.039306939695149664
1 0.24380558391616196 0.6862444281840665 0.04400453005422929 0.04400453005422929
2 0.24896061652692512 0.6333063619262968 0.0439318061815924 0.031504530054229284
2 0.12939310509160666 0.6266516643968885 0.050162616822512645 0.029968391490546628
2 0.06946582696424362 0.6405426658864363 0.04861930618159235 0.03153180113146821
2 0.015625 0.61161865 0.03125 0.0421865
2 0.98125 0.62265625 0.0365 0.1109365
5 0.8625 0.66568125 0.265 0.4484365