4 0.1109365 0.14140625 0.146865 0.2828125
5 0.16634365 0.29453125 0.3546865 0.5890625
1 0.68515625 0.26865 0.4296865 0.33125
2 0.661865 0.05603125 0.45625 0.1140625
4 0.6296865 0.4640625 0.540625 0.25
5 0.6296865 0.29453125 0.540625 0.5890625
1 0.13984365 0.86953125 0.2696865 0.2609365
2 0.103125 0.66953125 0.20625 0.1609365
5 0.2296865 0.69453125 0.459365 0.4109365
0 0.46696865 0.60234365 0.0161865 0.0568125
0 0.6846316253639528 0.66484365 0.0960569346653633 0.0640625
3 0.46953125 0.63984365 0.0203125 0.0265625
3 0.6929986586125888 0.60390625 0.04091590133662606 0.025
6 0.6212696566234064 0.68359365 0.14894666202418064 0.168125
6 0.496865 0.83828125 0.065 0.1953125
5 0.51953125 0.834365 0.1203125 0.33125
5 0.64365 0.8109365 0.23125 0.368125