6 0.02265625 0.68984365 0.0453125 0.2634365
5 0.03661865 0.628125 0.0634365 0.54365
0 0.939258984481906 0.5860696954169052 0.0958488311856965 0.09329656134626218
0 0.9694863608461433 0.6693838906542686 0.0314408965406621 0.03316612666090888
0 0.8841402133064613 0.645580508066042 0.03616465896699054 0.03948066066154515
0 0.8316828266668518 0.6426266834022696 0.03930693969514994 0.04264203333863605
0 0.6011868126406362 0.619234542051225 0.040861349336060066 0.041096614662181596
0 0.6660544211519935 0.6336964813812605 0.02521816861691084 0.036690901336626065
3 0.664038505460949 0.6525101186141696 0.011019313231616588 0.014189669334818081
3 0.6044663488450906 0.6458334046183156 0.011028403590696109 0.015652269334818082
3 0.8303930445903646 0.6622960020686241 0.01629658430895533 0.01894999466899989
3 0.9233208869645064 0.6663465414146681 0.04559430113146803 0.04896465866281686
3 0.6466811199223296 0.6498481953661343 0.012562622862636888 0.012645450668363622
5 0.6604350685944696 0.6312526366122606 0.059121511606465046 0.22566260934118158
5 0.6661918688011242 0.654090800046625 0.10025556181592362 0.3136454240133631
5 0.6266452944921688 0.6346661686068162 0.10314422246985336 0.2630566866804538
0 0.6559106641660556 0.624956283368406 0.03664543969514966 0.04262385200509069
0 0.3881641160936592 0.525654525342136 0.05344316256668665 0.05530566534054504
6 0.384365 0.6484365 0.090625 0.1625
5 0.3921865 0.61015625 0.10625 0.4296865
5 0.699652098648699 0.6666208653968152 0.1112466139604011 0.32314669334818116
5 0.8396594811622563 0.688021999403224 0.13466692620211686 0.3364829133513629
5 0.9695055415653024 0.6825088906542686 0.03621021066238851 0.04629316066154533
5 0.93515625 0.6640625 0.1296865 0.461865
5 0.86015625 0.66161865 0.2696865 0.4665625
6 0.6263680385402404 0.6861209286068163 0.05526019262201594 0.09906384666409058
6 0.6836906614128663 0.6002654566154523 0.06636131908544893 0.12632611600890866
6 0.809622002336691 0.6265203040658606 0.06319995664913066 0.12103965334181665
6 0.88515625 0.82265625 0.2265625 0.3546865
6 0.8561464421310366 0.6054185846389966 0.06924086939029916 0.08516496866599956
6 0.9661865 0.81328125 0.065625 0.3453125