3 0.259365 0.1814469043663631 0.0865 0.04894656010845856
0 0.2634365 0.08360984114464655 0.1665625 0.10258961056599683
6 0.0359365 0.3390625 0.061865 0.315625
6 0.23828125 0.34162686422393694 0.334365 0.30350683684303816
5 0.05603125 0.2921865 0.1140625 0.553125
5 0.21953125 0.28828125 0.4390625 0.5609365
5 0.36634365 0.284365 0.1234365 0.56865
0 0.99296865 0.09609365 0.0140625 0.0161865
5 0.9696865 0.1634365 0.040625 0.165
6 0.68203125 0.1811625998260494 0.034365 0.06426248689965161
6 0.5609365 0.29358585265561964 0.03125 0.0454943061815924
6 0.51484365 0.3086966682485685 0.0365 0.06896816861691084
6 0.5359365 0.3616000484009936 0.0390625 0.06053965896699054
0 0.5203125 0.2563222019916898 0.01865 0.02198408430895533
0 0.565625 0.2513610815684809 0.0203125 0.02511816466803503
0 0.6890625 0.12866694321119113 0.01865 0.023546584308955332
5 0.6696865 0.21086363536566866 0.05625 0.19563965292686636
5 0.55625 0.33111312363295865 0.0515625 0.18669998184962643
5 0.5328125 0.3929682291191529 0.0665625 0.1895069265949012
5 0.5068125 0.3431136648644266 0.0625 0.2019261143631848
5 0.08661865 0.8369313316666668 0.025 0.05695694564526368
6 0.08661865 0.8408365816666668 0.01865 0.03448408430895533
