0 0.05 0.1625 0.1 0.203125
0 0.46696865 0.35625 0.1640625 0.209365
0 0.30625 0.0161865 0.159365 0.034365
6 0.22109365 0.353125 0.3640625 0.5125
3 0.440625 0.56161865 0.090625 0.0953125
3 0.26634365 0.11604685594368441 0.096865 0.09956464266981655
3 0.01953125 0.36109365 0.0390625 0.1109365
5 0.14365 0.33203125 0.2865 0.5546865
5 0.24665625 0.3046865 0.4953125 0.609365
5 0.3984365 0.42568125 0.303125 0.3661865
6 0.496865 0.89665625 0.10625 0.2046865
5 0.45 0.80546865 0.2 0.3890625
1 0.696865 0.63125 0.246865 0.04365
4 0.69453125 0.609365 0.4109365 0.2
5 0.6890625 0.61484365 0.421865 0.2109365