0 0.38489645206066994 0.28046865 0.144314616024816 0.1828125
6 0.15603125 0.39453125 0.2661865 0.6296865
6 0.34609365 0.621865 0.2265625 0.165
3 0.3880230940881323 0.48203125 0.0665069293443632 0.08125
3 0.1583141286998621 0.06634365 0.08369429201145401 0.084365
5 0.08661865 0.39140625 0.1634365 0.6359365
5 0.1634365 0.3546865 0.346865 0.609365
5 0.35390625 0.45068125 0.2109365 0.5161865
5 0.9890625 0.1161865 0.021865 0.090625
0 0.968125 0.0453125 0.04365 0.090625
5 0.96890625 0.3046865 0.0421865 0.609365
5 0.146865 0.69609365 0.096865 0.1634365
5 0.0625 0.8546865 0.125 0.290625
6 0.81015625 0.82568125 0.1421865 0.2328125
5 0.86015625 0.8546865 0.2390625 0.290625