0 0.29386091538031596 0.24635296394166538 0.16926016202418063 0.18006040268936264
4 0.390625 0.5203125 0.21865 0.259365
5 0.296865 0.38828125 0.40625 0.5234365
3 0.34389019139866965 0.3826268526018666 0.08206816000954512 0.06125692934436319
0 0.5825510600334065 0.15062451662954616 0.03326603333863605 0.03944430800445433
0 0.8636936806969986 0.1246664469233216 0.034884066339262325 0.04414998933699968
6 0.8815694533636344 0.1980331319223662 0.054234061346262 0.09593066534054513
3 0.8695169666011346 0.15508256325591266 0.014262494668999893 0.016351132001908985
5 0.8915180646135434 0.24636154392109452 0.11124866204008925 0.2965660120146356
3 0.588401618036862 0.18346338196213808 0.014280666002545433 0.018913632001908986
6 0.5960863960454969 0.2396415659611836 0.06553518801618106 0.12630693466536322
5 0.6035913606166695 0.28018464996022913 0.11915216860681625 0.3044604186823629
1 0.221865 0.69296865 0.44365 0.2859365
4 0.25 0.84921865 0.5 0.3015625
5 0.25 0.825 0.5 0.35