4 0.096865 0.31640625 0.19365 0.2453125
5 0.1603125 0.21953125 0.340625 0.4390625
2 0.5162569669344565 0.36068415691044586 0.06116602266663602 0.06384656615858266
5 0.56696865 0.3696865 0.2609365 0.11865
6 0.11368594859963939 0.6080149495559029 0.14693163336045263 0.26426381303532494
3 0.08661865 0.4609365 0.0390625 0.04365
5 0.12890625 0.61953125 0.2568125 0.5609365
6 0.9868064406429102 0.6025002268696566 0.006359088001262895 0.009411361436318443
6 0.9684688033100011 0.5994296690341354 0.011163856336090965 0.020366132513556365
2 0.8699313059655012 0.6085962116561513 0.006359088001262539 0.009411361436318443
2 0.9292500533100011 0.5996161153451434 0.006359088001262539 0.009411361436318443
2 0.9654983446451363 0.5861666996522946 0.004668406666626353 0.006839661066238644
5 0.8821205146403649 0.6218638261165318 0.019266258662816866 0.045421584308955334
5 0.9299222153086283 0.6090865601656035 0.016006808004454243 0.032903403590696285
5 0.9669608463106364 0.594651359393215 0.012826264003816963 0.028196622862636888
5 0.9868256219664555 0.6009366268696566 0.006966132001908809 0.014106951695396966
4 0.8828108569626366 0.629661680936992 0.012662620003181603 0.023510222862636886
4 0.9306489213080921 0.6136695249860636 0.01116385633609062 0.020366132513556365