0 0.028125 0.15234365 0.05625 0.0984365
0 0.2813631086066481 0.08340531411546933 0.08962610226293624 0.09639315046653823
3 0.264426686496136 0.2014104255516968 0.056604524004105095 0.06126465292686626
3 0.0234365 0.28125 0.046865 0.059365
6 0.26696865 0.2828125 0.2161865 0.161865
5 0.41015625 0.2125 0.1696865 0.3125
5 0.2421865 0.196865 0.340625 0.34365
5 0.06265625 0.2265625 0.1453125 0.284365
1 0.2365 0.6046865 0.465 0.234365
2 0.1696865 0.45859365 0.359365 0.0661865
4 0.25 0.90068125 0.5 0.1984365
5 0.25 0.6015625 0.5 0.596865
4 0.86865 0.95859365 0.253125 0.0828125
3 0.8436928463911624 0.8402365662156268 0.1263806323161655 0.1413613190854491
2 0.8643654643866258 0.5268462419066623 0.16146606596219092 0.2009908491396684
5 0.65 0.60859365 0.5 0.5828125