0 0.22265625 0.0234365 0.1603125 0.046865
4 0.1161865 0.33661865 0.234365 0.4640625
5 0.2109365 0.29453125 0.421865 0.5890625
3 0.1631963112666303 0.09356964483363858 0.08206816000954512 0.06068519866214013
4 0.98046865 0.08828125 0.0390625 0.1665625
4 0.95068125 0.06890625 0.0984365 0.1568125
4 0.89453125 0.053125 0.1140625 0.10625
4 0.68125 0.06109365 0.146865 0.1421865
4 0.5921865 0.0696865 0.165625 0.159365
6 0.92265625 0.33661865 0.1546865 0.2515625
6 0.60234365 0.38203125 0.2453125 0.4140625
1 0.6409286092456313 0.28268315144949685 0.023964658662816866 0.045448855386194253
0 0.6368683652530491 0.2288041625266356 0.05552384134309048 0.06219316256668666
0 0.5234365 0.184365 0.028125 0.103125
6 0.55859365 0.43359365 0.0984365 0.3109365
5 0.608669542568459 0.3609899586310892 0.11962489336999685 0.34442268656189163
5 0.5665625 0.36015625 0.134365 0.4568125
5 0.6546865 0.38125 0.35 0.415625
5 0.8953125 0.4015625 0.209365 0.365
5 0.68984365 0.06890625 0.1634365 0.1568125
5 0.62890625 0.08515625 0.2390625 0.1603125
5 0.20302161861066536 0.8660950942669045 0.016134066339262322 0.04384090359069629
3 0.91865 0.6359365 0.1625 0.09365
6 0.646865 0.69453125 0.465 0.4109365
5 0.6546865 0.69453125 0.490625 0.4109365