3 0.2909669302261699 0.18068482904439813 0.08148634933606006 0.04109669866214012
3 0.0203125 0.21328125 0.040625 0.0328125
3 0.565 0.11865 0.06865 0.040625
0 0.55625 0.0296865 0.10625 0.059365
0 0.289635613502863 0.08625812422393693 0.16611586939029934 0.08533856806243946
0 0.028125 0.13125 0.05625 0.068125
6 0.0640625 0.3828125 0.128125 0.284365
6 0.29568221613514166 0.3360121031466991 0.30466945140261465 0.2689510296614458
6 0.5296865 0.30390625 0.159365 0.3203125
5 0.08125 0.4 0.1625 0.6365
5 0.28515625 0.3634365 0.3890625 0.690625
5 0.5140625 0.359365 0.190625 0.61865
5 0.6808248366466465 0.44656384426690446 0.05544199980360816 0.13000566256668665
1 0.159365 0.96865 0.26865 0.0625