5 0.34140625 0.26484365 0.2359365 0.5296865
6 0.4828125 0.38046865 0.046865 0.2984365
3 0.461865 0.16328125 0.025 0.0484365
2 0.48515625 0.05603125 0.0515625 0.1140625
5 0.5625 0.26484365 0.20625 0.5296865
0 0.21015625 0.565625 0.1046865 0.061865
1 0.1934585866286051 0.6686606484244346 0.0802238311856965 0.0926511083130606
6 0.1625 0.84665625 0.234365 0.3046865
5 0.221865 0.66484365 0.44365 0.4603125
1 0.66568125 0.6390625 0.4484365 0.21865
4 0.6296865 0.825 0.540625 0.35
5 0.6296865 0.66484365 0.540625 0.4603125