0 0.15694368932580633 0.06484365 0.08962610226293624 0.096865
3 0.15334666203565636 0.18359365 0.05504202400410509 0.0609365
3 0.38125 0.2859365 0.015625 0.059365
4 0.36484365 0.43203125 0.0484365 0.2665625
6 0.1365 0.390625 0.2125 0.41865
5 0.159365 0.30546865 0.31865 0.5890625
5 0.32265625 0.34453125 0.1328125 0.5109365
3 0.4089516664219506 0.16484365 0.023692030054229284 0.04365
3 0.546819416083828 0.2359365 0.01580680618159222 0.03125
6 0.40625 0.31953125 0.034365 0.3046865
0 0.53464666296056 0.1625 0.05684086334016516 0.1015625
0 0.4140625 0.08203125 0.05 0.0859365
6 0.5619825216664141 0.3421865 0.11886830668880888 0.290625
5 0.41640625 0.31640625 0.0546865 0.5661865
5 0.56328125 0.35625 0.1515625 0.4865
6 0.86640625 0.6640625 0.1984365 0.328125
5 0.86484365 0.8 0.2161865 0.4