0 0.396865 0.04665625 0.165 0.0953125
6 0.0603125 0.2696865 0.140625 0.240625
6 0.19140625 0.2 0.3603125 0.4
6 0.4390625 0.31015625 0.3 0.1696865
3 0.43389126019346606 0.1911116314210415 0.09116042154466602 0.09480451634563563
5 0.14365 0.2 0.2865 0.4
5 0.22890625 0.2 0.4568125 0.4
5 0.41865 0.2 0.340625 0.4
5 0.5140625 0.2 0.15 0.4
6 0.89453125 0.29453125 0.2109365 0.2109365
0 0.9130959394005622 0.22861282610594963 0.11203643344863355 0.19035336468162653
5 0.86568125 0.25859365 0.2484365 0.2828125
4 0.51015625 0.53125 0.1568125 0.2625
6 0.23661865 0.58359365 0.2696865 0.3661865
4 0.04365 0.621865 0.0865 0.44365
5 0.12568125 0.6 0.2515625 0.6
5 0.26421865 0.6 0.4634365 0.6
5 0.45625 0.6 0.265625 0.6
