3 0.06536203258831212 0.28383536660568465 0.08666362041330898 0.046330654668544914
3 0.35234365 0.25 0.0328125 0.046865
0 0.33828125 0.14140625 0.0609365 0.1015625
0 0.08203125 0.1828125 0.1640625 0.096865
6 0.11015625 0.434365 0.2203125 0.26865
6 0.29140625 0.42109365 0.1546865 0.2953125
5 0.12568125 0.340625 0.2515625 0.45625
5 0.265625 0.32265625 0.20625 0.4921865
3 0.1210362253085239 0.6958904612662652 0.09869203005422929 0.044895424013362994
2 0.1605345416634984 0.6360518462608665 0.13001465292686618 0.056659050684261965
4 0.121865 0.89296865 0.24365 0.2140625
5 0.184365 0.84296865 0.36865 0.3140625