2 0.41615516286236425 0.11484365 0.08646383118569649 0.0921865
0 0.25140644301469945 0.1359365 0.1036613251355633 0.109365
0 0.0109365 0.10546865 0.021865 0.1068125
3 0.01328125 0.22265625 0.0265625 0.0661865
3 0.25846089803165134 0.26640625 0.06444429508134383 0.065625
3 0.4383564662904825 0.23046865 0.056613614363184694 0.0625
6 0.4234365 0.3328125 0.13125 0.3125
4 0.29365 0.36568125 0.165625 0.2265625
6 0.08203125 0.34665625 0.1640625 0.2828125
5 0.14665625 0.259365 0.2953125 0.459365
5 0.29609365 0.26265625 0.3859365 0.4328125
5 0.40625 0.26865 0.165625 0.440625
2 0.69140625 0.128125 0.4161865 0.168125
3 0.80546865 0.365625 0.3890625 0.2365
5 0.64453125 0.24453125 0.5109365 0.4890625
6 0.05859365 0.64665625 0.1161865 0.5046865
5 0.1265625 0.64453125 0.253125 0.5109365
0 0.61015625 0.50546865 0.1828125 0.0328125
4 0.83828125 0.55625 0.3234365 0.134365
3 0.62890625 0.50390625 0.1015625 0.0296865
5 0.6568125 0.63359365 0.484365 0.4890625