0 0.2953125 0.06640625 0.146865 0.1328125
6 0.2921865 0.40546865 0.165 0.2890625
6 0.109365 0.265 0.21865 0.55
3 0.05546865 0.01015625 0.0828125 0.0203125
3 0.29899811962593686 0.24164116944161295 0.08336610226293642 0.09635668903121965
5 0.2125 0.265 0.334365 0.55
5 0.14140625 0.265 0.2828125 0.55
0 0.6062868635666166 0.6185202693668582 0.004614661066238921 0.004614661066238921
6 0.6105164026060335 0.6365062100850165 0.006368164668035032 0.020348861436318443
5 0.6105583093228918 0.6435384600850165 0.01282625292686635 0.056322622862636885
