6 0.08984365 0.13125 0.1696865 0.2625
6 0.33515625 0.1 0.3068125 0.2
5 0.11161865 0.265 0.2234365 0.55
5 0.321865 0.265 0.39365 0.55
2 0.6300689063212606 0.06936260862928505 0.06121021066238851 0.04622952400410509
1 0.6562192255049156 0.14093146680446138 0.03311248184962643 0.05165339654066192
3 0.8015625 0.0390625 0.0625 0.068125
4 0.6346986495090206 0.20199623283158602 0.06084883118569649 0.09259656615858266
4 0.88046865 0.25859365 0.2390625 0.5161865
5 0.659365 0.265 0.48125 0.55
5 0.6328635386366321 0.15513032319066564 0.11526151665658923 0.20846609621281213
1 0.42421865 0.96568125 0.1515625 0.0484365
2 0.3912568216166266 0.8905224016458886 0.2505636022629364 0.09832945645263883
2 0.08359365 0.953125 0.1661865 0.09365
5 0.39296865 0.915625 0.2515625 0.16865
5 0.3203125 0.8984365 0.396865 0.203125
