3 0.2353083244482022 0.0943691655516968 0.20619539634428025 0.16369992639850953
4 0.225 0.284365 0.45 0.26865
5 0.225 0.209365 0.45 0.41865
3 0.5616648608461432 0.3039148194682325 0.03609203610435348 0.02666156825883123
3 0.6138004422292325 0.2661102924490653 0.023555664668035032 0.020448855386194252
3 0.6834406665381868 0.2844556614600223 0.029832945645263953 0.025162616822512698
3 0.6256055506404888 0.28030408166486265 0.02512626502611463 0.022020445645263863
3 0.6828266981811608 0.31268468366846656 0.025136355386194253 0.023582945645263955
3 0.8052203266668519 0.2663404634618121 0.01886626502611463 0.02198408430895542
3 0.8396453186926656 0.2929216355620605 0.023564665026114632 0.022011355386194253
3 0.8988156916634985 0.24023255191603505 0.02668966502611463 0.022029536104353466
3 0.8865061068220812 0.31061322961013216 0.023564665026114632 0.022011355386194253
3 0.9623396500646548 0.254649055040293 0.021993164668035208 0.020439665026114642
3 0.9546616855151683 0.3219410941696086 0.025145445645263666 0.025145445645263953
3 0.9953125 0.29296865 0.009365 0.0234365
0 0.99365 0.25234365 0.0125 0.0421865
0 0.9660413669954634 0.219460069142594 0.03458406825883114 0.036136486899651616
0 0.9599623699223295 0.26581552691292996 0.040860439695149585 0.04242384933606006
0 0.9001555668660468 0.20194221155695544 0.03614656825883114 0.03614656825883123
0 0.8888266133064614 0.2691968892510526 0.040869530054229105 0.04398634933606006
0 0.8442010145361353 0.2530506144848216 0.039298849336060064 0.040852258966990366
0 0.8034123880626023 0.22516206382089166 0.036626258966990544 0.03928066861691084
0 0.6816636364086623 0.2659143288480064 0.042451120413308806 0.04555693969514966
0 0.62924818022618 0.2349688558661636 0.04242384933606006 0.040860439695149665
0 0.6862839654066196 0.23600009065186306 0.04861930113146803 0.04861930113146812
0 0.6182196666363836 0.21998926136182642 0.04862839149054663 0.050281801131468205
0 0.5644453368430382 0.24295913866006326 0.05813965292686635 0.056586343285945865
6 0.94453125 0.36421865 0.0890625 0.0890625
6 0.9859365 0.32421865 0.028125 0.0661865
6 0.9569600896699043 0.29692645863108916 0.06909543364502539 0.059664965699503235
6 0.8960044090516453 0.2941569826351943 0.08335692154466602 0.09423168903121963
6 0.86265625 0.36109365 0.0859365 0.0953125
6 0.8203125 0.36484365 0.0625 0.1068125
6 0.8060009963856626 0.3048313831026325 0.03146625896699054 0.03924430618159231
6 0.6634365 0.3661865 0.1 0.103125
6 0.6211816610536966 0.3256438528521115 0.05830336939029935 0.08461134328594586
6 0.66421865 0.353125 0.1296865 0.13125
6 0.61484365 0.34609365 0.0921865 0.1453125
6 0.54296865 0.35390625 0.1546865 0.1296865
5 0.961865 0.32421865 0.05625 0.1890625
5 0.9640625 0.309365 0.061865 0.21865
5 0.9390625 0.33661865 0.121865 0.1640625
5 0.88828125 0.3 0.1161865 0.2365
5 0.86109365 0.33125 0.1068125 0.165
5 0.82890625 0.325 0.0921865 0.1865
5 0.69609365 0.31161865 0.0828125 0.2140625
5 0.6634365 0.3296865 0.13125 0.168125
5 0.6234365 0.3140625 0.09365 0.209365
5 0.66265625 0.3125 0.1661865 0.2125
5 0.615625 0.3046865 0.125 0.228125
5 0.5484365 0.3140625 0.196865 0.209365
