3 0.2665625 0.43203125 0.2 0.1140625
0 0.23359365 0.13661865 0.3109365 0.2634365
5 0.19453125 0.24453125 0.3890625 0.4890625
0 0.8346134328594585 0.4313115489901689 0.009402261066238922 0.004642042154466844
6 0.8346625201934659 0.44146669899016886 0.015696622862636886 0.012590903590696286
5 0.8360389960911652 0.4453604134515494 0.0220658965406621 0.03293966502611463
0 0.8300850141433518 0.45868256006640665 0.009402261066238922 0.004642042154466844
6 0.8340503514663694 0.46881609416960865 0.01626931323161641 0.01416249394986581
5 0.83125 0.461865 0.021865 0.034365
6 0.1696865 0.58515625 0.115625 0.1921865
5 0.168125 0.64453125 0.153125 0.5109365
