0 0.22640464695513836 0.28488145560422296 0.15505222135581612 0.1665158551898025
4 0.13661865 0.53984365 0.2421865 0.1696865
5 0.165 0.40859365 0.35 0.4421865
3 0.19141150926959388 0.4241439436039646 0.0663069346653633 0.0645069265949012
1 0.56640625 0.01696865 0.1515625 0.0359365
4 0.540625 0.1984365 0.35 0.396865
5 0.665 0.31484365 0.65 0.6296865
1 0.165 0.66265625 0.35 0.0859365
4 0.165 0.8203125 0.35 0.359365
5 0.165 0.81484365 0.35 0.3603125
6 0.6390625 0.65390625 0.3125 0.2484365
5 0.65 0.81484365 0.5 0.3603125