5 0.50546865 0.25641608811958444 0.05 0.09616589149054663
5 0.59665625 0.24806625693388695 0.025 0.05952044564526395
4 0.60068125 0.26054906621562666 0.0203125 0.03449316466803503
4 0.5046865 0.2651606332991243 0.0203125 0.03605566466803503
2 0.49921865 0.2163899495559029 0.0296865 0.0314226168225126
2 0.59609365 0.23556634629296661 0.01865 0.02198408430895542
2 0.55859365 0.2600132659108664 0.1015625 0.09646586334016516
2 0.50625 0.33515625 0.11865 0.0890625
2 0.3390625 0.2542592113615636 0.0359365 0.036609068258831144
2 0.3515625 0.3453125 0.10625 0.06865
2 0.25603125 0.24301660521324366 0.0328125 0.03144089654066192
2 0.13661865 0.16184266286236423 0.1665625 0.16658961056599685
2 0.06109365 0.365625 0.0359365 0.028125
2 0.09365 0.3484365 0.040625 0.0625
2 0.04296865 0.36328125 0.0390625 0.0328125
1 0.2625 0.29142338895646496 0.03125 0.040806806181592394
1 0.21696865 0.31640625 0.1234365 0.1265625
1 0.34921865 0.29482512402654624 0.025 0.028260445645263865
1 0.58828125 0.340625 0.0634365 0.068125
4 0.2890625 0.35068125 0.046865 0.0568125
1 0.24453125 0.6466592869881162 0.43125 0.2493839391059644
2 0.23046865 0.51328125 0.4609365 0.2661865
4 0.31953125 0.840625 0.6390625 0.31865
5 0.31953125 0.68984365 0.6390625 0.6203125
1 0.81953125 0.84365 0.3609365 0.3125
2 0.81953125 0.55859365 0.3609365 0.2953125
4 0.81953125 0.93661865 0.3609365 0.1265625
5 0.81953125 0.69365 0.3609365 0.6125