5 0.11953125 0.209365 0.2390625 0.41865
5 0.06640625 0.2453125 0.1328125 0.346865
1 0.21640625 0.10390625 0.0453125 0.1515625
4 0.14921865 0.2661865 0.1696865 0.303125
4 0.05390625 0.3328125 0.1068125 0.161865
1 0.81865 0.08984365 0.3625 0.1696865
4 0.6515625 0.2453125 0.696865 0.346865
5 0.61953125 0.209365 0.6609365 0.41865
3 0.12380409690018315 0.6333406398402268 0.03669998689965162 0.03459316861691084
3 0.06366056269688221 0.6296843686646931 0.028269536104353465 0.026626126463433166
3 0.015826960436649963 0.6620928646166215 0.028288626463433165 0.028288626463433165
0 0.11630521428843003 0.6694698416356258 0.05960225292686635 0.056595433645025395
0 0.06081363839063088 0.6836086993829523 0.04614661066238851 0.04614661066238851
0 0.01953125 0.61484365 0.0390625 0.0515625
6 0.14968481391908652 0.8331861036358642 0.1653351502611466 0.21960448660335966
6 0.06036911505055562 0.6852122120489348 0.06861586939029953 0.084829516953981
6 0.05 0.85390625 0.1 0.1984365
5 0.13515625 0.81865 0.2068125 0.3625
5 0.08661865 0.82890625 0.1359365 0.3421865
5 0.065 0.83984365 0.15 0.3203125
5 0.028125 0.8390625 0.05625 0.321865
6 0.66265625 0.6328125 0.4890625 0.534365
3 0.565625 0.46015625 0.1365 0.0828125
5 0.61953125 0.609365 0.6609365 0.58125