2 0.2816066226084526 0.023091024593280264 0.03636385200509069 0.03660906825883123
2 0.29624248462308834 0.13082625654110352 0.10636624266981655 0.0964931444164139
2 0.19921865 0.01328125 0.0328125 0.0265625
2 0.0161865 0.140625 0.034365 0.040625
2 0.03903851205440658 0.11646686060960065 0.0413522533418168 0.06263634933606006
1 0.00390625 0.16953125 0.0068125 0.0234365
1 0.20556148404666056 0.06025520218818156 0.031622614662181594 0.040806806181592394
1 0.16164930862054298 0.11285802642195065 0.12549199069063526 0.1662806383662898
1 0.2923446680464069 0.06443818625926266 0.025326264003816962 0.028260445645263865
1 0.3051095020686241 0.22140580464560548 0.06136601634563563 0.09103406615858265
4 0.190625 0.20390625 0.38125 0.1515625
4 0.23369603138922464 0.12628362090428824 0.04662952266663584 0.06361021066238851
5 0.353125 0.65625 0.1125 0.6865
5 0.24365 0.6 0.309365 0.6
5 0.11696865 0.61161865 0.2359365 0.5665625
3 0.02421865 0.56109365 0.0484365 0.0546865
3 0.18399592860681625 0.5266546629840111 0.056886346664090406 0.05501465292686635
3 0.3435066413669531 0.46125425116835035 0.05059998400699968 0.051853391490546626
2 0.35859365 0.36109365 0.1015625 0.0921865
2 0.16816129602958956 0.4425848613952666 0.06684202800663595 0.05664088544042354
2 0.02265625 0.46421865 0.0453125 0.0634365
4 0.08515625 0.6634365 0.1603125 0.390625
4 0.22189601263062435 0.69619568462518 0.16065104136490615 0.3062226684215192
4 0.3603125 0.661865 0.068125 0.39365
6 0.9625 0.3890625 0.065 0.21865
5 0.9359365 0.465625 0.128125 0.361865