1 0.296865 0.296865 0.165625 0.268125
2 0.2953125 0.04609365 0.16865 0.0921865
4 0.19453125 0.45390625 0.3603125 0.1109365
5 0.18984365 0.2546865 0.3696865 0.509365
6 0.64365 0.128125 0.128125 0.25625
6 0.4359365 0.1125 0.1125 0.225
5 0.44921865 0.2546865 0.1390625 0.509365
5 0.64453125 0.2546865 0.1859365 0.509365
5 0.08125 0.6546865 0.1625 0.490625
5 0.2015625 0.6546865 0.19365 0.490625
4 0.1865 0.66421865 0.121865 0.3296865
4 0.06109365 0.6068125 0.1421865 0.396865
0 0.6192943696830829 0.6518566800663602 0.029842036104353653 0.026906945336363515
6 0.6205069009585165 0.6120322114099056 0.06218406220860696 0.053961341343090466
5 0.6062983638311545 0.6993666600646694 0.10536836629005096 0.11996814934654489