1 0.29609365 0.1546865 0.2265625 0.309365
4 0.2046865 0.2568125 0.409365 0.103125
5 0.2046865 0.1546865 0.409365 0.309365
0 0.5396150611285526 0.9662300296596416 0.004605680618159222 0.0031522610662389216
6 0.5388692629239505 0.9640369845801019 0.004642042154466666 0.009402261066238922
5 0.5396832488216496 0.9669486696596416 0.006413626463433165 0.028161361436318443
5 0.9608014386149951 0.9568014688656161 0.009520445645263666 0.025054542154466843
0 0.905648610356164 0.9214866189638121 0.004605680618159399 0.0031522610662389216
5 0.9056895169620223 0.928516968963812 0.009484084308955332 0.018804542154466844
6 0.99665625 0.90234365 0.0046865 0.0068125
5 0.996865 0.90603125 0.00625 0.0203125
6 0.6426582518466118 0.9699549934588966 0.006866132513556366 0.010982951695398321
5 0.6428036036421098 0.9666664934588966 0.011155668616910841 0.03656363251355636
6 0.6053582456965866 0.9865061068220811 0.0063226228626368865 0.012536361436318444
5 0.60546865 0.9890625 0.0109365 0.021865
6 0.6680190409661263 0.9886100595192834 0.004642042154466844 0.009402261066238922
5 0.668809381335206 0.9902661046988231 0.006359084308955332 0.018686361436318445