4 0.209365 0.25546865 0.41865 0.3661865
5 0.209365 0.21953125 0.41865 0.4390625
3 0.096865 0.12109365 0.19365 0.2421865
3 0.003125 0.65068125 0.00625 0.0234365
3 0.020660916182023925 0.611851825946866 0.020439665026114642 0.0221113563360908
3 0.0494080848981306 0.6388592212662653 0.023564665026114632 0.022146620003181604
3 0.10901943423420066 0.6965433306015485 0.026698855386194254 0.02364658266026261
3 0.09068606986101596 0.6602524159363211 0.02512626502611463 0.022165901336626068
3 0.16363591920608603 0.6186638052594125 0.02200226502611463 0.022129538669636163
3 0.14995298556206055 0.6683115252625942 0.026606945645263954 0.02530908266026243
3 0.1985041150505556 0.6582166539226854 0.023563855386194255 0.023610220003181602
3 0.26665638006666045 0.6354325862454132 0.025145445645263666 0.025290901336626066
3 0.41484365 0.8046865 0.0068125 0.025
3 0.36313595550683124 0.8194615945655956 0.028288626463433165 0.02845226400381696
3 0.3108359434065828 0.6858138469064134 0.031395445645263664 0.025363626660908866
3 0.2256660568689634 0.68914848058564 0.026616036104353466 0.026861582660262433
0 0.3866661903825206 0.6663383032304592 0.051853391490546906 0.05059998400699959
0 0.32044264656411306 0.6458610099061406 0.04400453005422929 0.044259066339262326
0 0.2840056986955813 0.6968506612444586 0.03616465896699054 0.03948066066154515
0 0.23531831382089166 0.6413831425843664 0.04400453005422929 0.0442590663392625
0 0.2065302384889268 0.6214069962549582 0.03664543969514958 0.04262385200509069
0 0.18251602156821816 0.6865325569249125 0.03458406825883114 0.03633648933699968
0 0.15956888006666045 0.6366961862613215 0.04243293969514959 0.04266839600562696
0 0.11546396631349213 0.6623143552663666 0.03614656825883114 0.036355660661545146
0 0.09615069330938694 0.6234609406031394 0.040869530054229285 0.0442226146621816
0 0.05820182269688222 0.6043842239416654 0.039298849336060064 0.04106953333863605
0 0.02400408469993462 0.6643154632696652 0.03662625896699045 0.03949885200509069
0 0.01015625 0.60859365 0.0203125 0.0453125
6 0.396865 0.85859365 0.04365 0.0828125
6 0.35234365 0.90546865 0.1328125 0.1890625
6 0.29398881099222135 0.8616860019096405 0.12282039634428025 0.16391814401654468
6 0.2626092355620605 0.6668842905692668 0.06658646569950324 0.06953169634245421
6 0.21192564463544265 0.8682092619206662 0.12446461056599666 0.16699882535009023
6 0.1299626624285398 0.8564450419319122 0.09665666483062289 0.15268964266981655
6 0.18896548858612263 0.6864506419239569 0.051944295081343836 0.06622498400699958
6 0.15555354566861502 0.655591640595185 0.06910452400410509 0.06163646866599956
6 0.10014388310263255 0.6460808269360485 0.08648292154466602 0.09464996334499946
6 0.06516891940346666 0.8496058162640483 0.09625689634428025 0.1636090613462621
6 0.028125 0.82421865 0.05625 0.1453125
6 0.016331383102632502 0.646044438613956 0.031466258966990455 0.039426126660908866
6 0.01484365 0.8296865 0.0296865 0.1625
5 0.3634365 0.86696865 0.090625 0.2640625
5 0.32634365 0.8603125 0.1828125 0.259365
5 0.2696865 0.85603125 0.168125 0.2859365
5 0.24921865 0.8365 0.1328125 0.325
5 0.19665625 0.85546865 0.1696865 0.2890625
5 0.16696865 0.84665625 0.1328125 0.3046865
5 0.14665625 0.834365 0.1140625 0.33125
5 0.1203125 0.85625 0.16865 0.2865
5 0.0696865 0.81953125 0.153125 0.3609365
5 0.06484365 0.84665625 0.1296865 0.3046865
5 0.04365 0.83984365 0.0865 0.3203125
5 0.02634365 0.8265625 0.0546865 0.346865
5 0.0265625 0.840625 0.053125 0.31865
3 0.6288359886835144 0.810124599260049 0.20411584913966823 0.1626660633609066
0 0.696865 0.5609365 0.434365 0.24365
4 0.62265625 0.915625 0.4068125 0.16865
5 0.609365 0.61953125 0.58125 0.5609365