1 0.44921865 0.0984365 0.1609365 0.196865
4 0.3859365 0.36865 0.2865 0.4
5 0.2921865 0.284365 0.465 0.56865
0 0.334365 0.63984365 0.14365 0.1421865
6 0.12421865 0.684365 0.2484365 0.43125
6 0.32890625 0.93203125 0.2696865 0.1359365
3 0.3410662680861668 0.8163558605840492 0.06648964801081665 0.08056838534362692
5 0.06865 0.684365 0.1365 0.43125
5 0.15390625 0.684365 0.3068125 0.43125
5 0.36484365 0.684365 0.3296865 0.43125
6 0.88093684642995 0.9336541006126844 0.025345445336363513 0.029968401336626245
5 0.8630889846628592 0.9306200062804115 0.0426602146621816 0.04111589600562668