1 0.24665625 0.2890625 0.4953125 0.48125
4 0.26953125 0.38661865 0.5390625 0.2859365
5 0.26953125 0.26484365 0.5390625 0.5296865
6 0.91640625 0.18161560188566696 0.1568125 0.3612113146880899
6 0.58984365 0.20068125 0.1015625 0.2296865
0 0.6665625 0.15684393658500369 0.0921865 0.15419669866918126
3 0.9 0.023994005888005165 0.03125 0.04255112666090888
3 0.63828125 0.20438312925686614 0.03125 0.06286362666090888
5 0.62890625 0.28661865 0.1696865 0.4859365
5 0.88984365 0.26484365 0.2203125 0.5296865
1 0.259365 0.86161865 0.51865 0.2665625
2 0.26953125 0.63125 0.5390625 0.203125
5 0.26953125 0.66484365 0.5390625 0.4603125
0 0.63125 0.6362046199236398 0.0296865 0.028460445336363516
5 0.63203125 0.6434456292568661 0.03125 0.039426126660908866