4 0.1546865 0.43125 0.309365 0.2365
5 0.1546865 0.265 0.309365 0.55
3 0.215625 0.234365 0.1865 0.361865
1 0.89296865 0.065 0.2140625 0.15
1 0.3365 0.16015625 0.05625 0.2068125
4 0.403125 0.41953125 0.1865 0.2609365
4 0.83046865 0.35390625 0.3390625 0.3921865
5 0.446865 0.265 0.265 0.55
5 0.603125 0.265 0.59365 0.55
3 0.21484365 0.5888600504440961 0.0421865 0.06055693969514959
6 0.21161865 0.6904043696259369 0.1661865 0.3306601684215192
5 0.196865 0.665 0.225 0.45
0 0.5161865 0.6446666314568439 0.03125 0.028306806181592396
6 0.52265625 0.8034032966136226 0.065 0.056686336235821685
5 0.534365 0.6894089654066196 0.1109365 0.12564541549465283