1 0.1390625 0.41865 0.268125 0.18125
2 0.1568125 0.16953125 0.315625 0.2515625
5 0.26953125 0.26328125 0.5390625 0.4921865
6 0.8421865 0.05234365 0.15625 0.1046865
5 0.83125 0.203125 0.19365 0.40625
5 0.25068125 0.66640625 0.0859365 0.3140625
5 0.19296865 0.640625 0.0665625 0.2625
5 0.34140625 0.6546865 0.3953125 0.490625
2 0.36109365 0.584365 0.1515625 0.15
2 0.2634365 0.51865 0.015625 0.01865
4 0.2012605039683646 0.5566114363010924 0.04484088001262664 0.0942590663392625
4 0.26390631663650136 0.6113438432925019 0.04355110001590834 0.11666839600562696
1 0.51484365 0.88359365 0.0484365 0.2328125
1 0.31928251694241165 0.8200461339513204 0.1304885633609068 0.2046158693506266
4 0.95390625 0.603125 0.0921865 0.3865
0 0.9359365 0.56421865 0.1 0.1296865
5 0.859365 0.6546865 0.28125 0.490625