5 0.1609365 0.2 0.25625 0.4
0 0.15603125 0.4198169866520415 0.0296865 0.03315694533636351
0 0.06696865 0.4046865 0.0359365 0.009365
0 0.01640625 0.40625 0.0328125 0.0125
3 0.015625 0.4220688260661688 0.0161865 0.01894999466899989
3 0.23046865 0.4125 0.0484365 0.025
3 0.109365 0.41640625 0.04365 0.0328125
5 0.01696865 0.54665625 0.0359365 0.2953125
5 0.04453125 0.55625 0.0890625 0.3125
5 0.1568125 0.4229520664188143 0.034365 0.04561248933699968
5 0.196865 0.6 0.184365 0.6
5 0.09921865 0.6 0.1984365 0.6
6 0.0125 0.4696865 0.025 0.121865
6 0.0921865 0.5696865 0.184365 0.359365
6 0.04453125 0.45522668063666956 0.065625 0.08356611600890866
6 0.215625 0.5609365 0.146865 0.321865
3 0.503125 0.43984365 0.15625 0.0696865
6 0.4109365 0.6 0.24365 0.6
5 0.56865 0.6 0.559365 0.6