1 0.346865 0.45546865 0.325 0.0890625
2 0.39296865 0.2453125 0.2328125 0.209365
5 0.2546865 0.31696865 0.509365 0.3640625
0 0.98984365 0.16484365 0.0203125 0.0828125
2 0.83661865 0.46568125 0.0546865 0.0484365
5 0.13519589662181564 0.6665625 0.018096566666262198 0.068125
6 0.13636601461990665 0.6625 0.011336489336999684 0.034365
0 0.1308986480505886 0.64296865 0.006921588001262616 0.009365
5 0.10516514065426868 0.915625 0.054143154668544914 0.0865
4 0.0880140034213596 0.91865 0.01604316066154524 0.0359365
5 0.88359365 0.51865 0.0603125 0.0365