4 0.09365 0.06890625 0.16865 0.1568125
5 0.13046865 0.23984365 0.2609365 0.4696865
5 0.16953125 0.23984365 0.3390625 0.4696865
5 0.309365 0.1859365 0.246865 0.361865
5 0.82109365 0.06015625 0.2609365 0.1203125
1 0.20603125 0.6484365 0.4140625 0.3365
4 0.2546865 0.86953125 0.509365 0.2609365
5 0.2546865 0.63984365 0.509365 0.5203125
1 0.61640625 0.62265625 0.4140625 0.3453125
2 0.68828125 0.51328125 0.3568125 0.0661865
4 0.6546865 0.90859365 0.490625 0.1828125
5 0.6546865 0.63984365 0.490625 0.5203125