1 0.4952028948101964 0.0609365 0.02529998184962643 0.0515625
1 0.33646666286236423 0.04665625 0.03936248184962643 0.0515625
2 0.340625 0.00546865 0.053125 0.0109365
4 0.10390625 0.14140625 0.1203125 0.2828125
4 0.32568930464650956 0.1921865 0.11601582493918146 0.2390625
4 0.49296865 0.24296865 0.0515625 0.3609365
5 0.4609365 0.3328125 0.115625 0.5125
5 0.42109365 0.29453125 0.1953125 0.5890625
5 0.09365 0.29296865 0.1865 0.5859365
5 0.328125 0.29453125 0.203125 0.5890625
2 0.6069149556060261 0.29921865 0.015652265026114632 0.021865
3 0.6116065661165319 0.31865 0.012554542154466665 0.009365
4 0.6139640580653552 0.33203125 0.02991465896699054 0.0390625
5 0.611361232831586 0.3665625 0.05626812021691614 0.165
3 0.1658665666495621 0.66265625 0.006885222862636886 0.0125
0 0.16285964131659613 0.65234365 0.02519089654066192 0.0328125
4 0.1608091932111911 0.809365 0.026962465699503238 0.06865
5 0.1683398920696229 0.8568125 0.06163059601642036 0.24365
0 0.842953030936992 0.93203125 0.1692863311856965 0.0921865
0 0.8368393258229444 0.63661865 0.13184086334016525 0.1015625
0 0.6143600095661656 0.6421865 0.06053066861691084 0.0365
3 0.8431353590004316 0.66640625 0.04863648689965162 0.034365
3 0.86484365 0.9890625 0.0328125 0.021865
4 0.5920950336666625 0.8109365 0.0623386083130606 0.0696865
4 0.6456922055068312 0.846865 0.22466368883482696 0.2125
5 0.6039092325369985 0.69453125 0.0945681323161656 0.140625
5 0.66953125 0.83515625 0.2634365 0.3296865
5 0.81484365 0.94296865 0.3603125 0.1140625