4 0.25390625 0.05625 0.1265625 0.1125
4 0.04140625 0.0484365 0.0828125 0.096865
5 0.23984365 0.209365 0.1984365 0.41865
5 0.053125 0.2140625 0.10625 0.428125
0 0.49296865 0.10068125 0.3068125 0.2015625
0 0.6089466113615636 0.1921865 0.16611811416669296 0.1921865
0 0.96865 0.26265625 0.0625 0.1421865
3 0.9661865 0.40859365 0.065625 0.0828125
3 0.610285966683266 0.36484365 0.10836601190385653 0.0953125
3 0.4359365 0.3859365 0.19365 0.128125
5 0.884365 0.32109365 0.23125 0.2568125
5 0.6140625 0.261865 0.36865 0.35625
5 0.49140625 0.225 0.3046865 0.45
2 0.68359365 0.49609365 0.1568125 0.0921865
3 0.655306064311861 0.61328125 0.11161018656189164 0.115625
4 0.65390625 0.8665625 0.2603125 0.246865
5 0.665625 0.625 0.46865 0.55