4 0.2421865 0.1365 0.396865 0.265
5 0.29453125 0.21484365 0.5890625 0.4296865
4 0.69453125 0.21484365 0.4109365 0.4296865
5 0.69453125 0.21484365 0.4109365 0.4296865
2 0.96953125 0.44609365 0.0609365 0.0328125
2 0.6469064099300032 0.5435566408031666 0.0601204346653633 0.0644069336450254
3 0.696865 0.45 0.05 0.040625
3 0.8568632126034563 0.49419296593864995 0.04122498400699968 0.05169884933606006
3 0.9494234565961396 0.5486355461244464 0.05225339066462603 0.059664981849626426
4 0.968125 0.83046865 0.04365 0.3390625
4 0.91953125 0.64921865 0.1609365 0.3515625
4 0.8226144112428669 0.694683318398068 0.16016616804581603 0.3384090359069618
4 0.68515625 0.81696865 0.1828125 0.3640625
6 0.66265625 0.62890625 0.1661865 0.3603125
5 0.9546865 0.62890625 0.090625 0.5421865
5 0.89453125 0.61484365 0.2109365 0.5603125
5 0.81640625 0.61484365 0.2603125 0.5603125
5 0.60546865 0.6453125 0.2328125 0.509365
5 0.68984365 0.61484365 0.2015625 0.5603125