4 0.10546865 0.159365 0.2109365 0.31865
5 0.225 0.284365 0.45 0.56865
0 0.8696865 0.5640625 0.05 0.009365
0 0.9256109886835144 0.44451969698466904 0.006839661066238922 0.004632951695396966
6 0.9256609918085665 0.45311344698466905 0.015696622862636886 0.012590903590696286
5 0.9269820159108664 0.4560333335233885 0.022056806181592566 0.03136626502611463
0 0.9224405430382404 0.4695015162666098 0.009402261066238922 0.004642042154466844
6 0.926850205604223 0.4696895835233885 0.01560681323161641 0.014153403590696286
5 0.9254882649860638 0.482800946984669 0.0220658965406621 0.03293966502611463
2 0.36865 0.86484365 0.1625 0.1203125
5 0.225 0.88984365 0.45 0.2203125
3 0.81161865 0.94365 0.1953125 0.1125
0 0.69296865 0.6865 0.4068125 0.2365
5 0.625 0.684365 0.55 0.43125