1 0.48203125 0.290625 0.2661865 0.196865
2 0.496865 0.0696865 0.268125 0.159365
5 0.38515625 0.19453125 0.5296865 0.3890625
5 0.15390625 0.19453125 0.3068125 0.3890625
5 0.825 0.19453125 0.35 0.3890625
2 0.6068261960398614 0.4460061954169052 0.06591589149054663 0.05066361600890866
2 0.18125 0.41484365 0.061865 0.0515625
1 0.15589495511504668 0.4665431306890444 0.029932939695149663 0.042532945336363334
1 0.22855016335335354 0.636156644032453 0.08001465292686626 0.05616624801081665
1 0.6228324602403583 0.5159480994191324 0.03625566256668665 0.05510566066154515
4 0.12636458499632648 0.6060596166852263 0.20385326048806365 0.39609539202636244
4 0.5881165816648626 0.5641418600811326 0.06613519262201593 0.09932838534362665
5 0.184365 0.459365 0.10625 0.140625
5 0.2161865 0.6359365 0.434365 0.528125
5 0.44609365 0.69453125 0.4068125 0.6109365
5 0.590625 0.52421865 0.11865 0.2203125
2 0.2403921540816655 0.5818152633662612 0.13696461056599685 0.1681442660184536