1 0.262685966683266 0.4621344448615112 0.1819408662900508 0.11980448165323558
1 0.50546865 0.36109365 0.0484365 0.0828125
1 0.42828606382089166 0.3231906404103933 0.10208065046653809 0.08965336334016516
2 0.01953125 0.56328125 0.0390625 0.0546865
2 0.03828125 0.34365 0.0665625 0.125
2 0.3165183168459539 0.33113442963620055 0.26262040944452864 0.12960662246985346
2 0.3842466932111911 0.23855656516662416 0.13699996964936906 0.0866364515990064
2 0.49365 0.22265625 0.061865 0.1068125
5 0.49296865 0.34365 0.0634365 0.346865
5 0.42466625049096923 0.2623866645126942 0.1628566586805986 0.1696499394986569
5 0.28515625 0.43515625 0.4890625 0.4068125
5 0.04140625 0.361865 0.0828125 0.2
5 0.1359365 0.4328125 0.261865 0.4125
4 0.621865 0.061865 0.384365 0.14365
5 0.66484365 0.259365 0.4603125 0.51865
