1 0.0696865 0.3546865 0.159365 0.090625
4 0.36568125 0.284365 0.2859365 0.23125
1 0.4035396530998169 0.18253618482336583 0.06046603610435348 0.02696156615858266
5 0.36953125 0.2696865 0.2984365 0.240625
5 0.21484365 0.2665625 0.4296865 0.246865
2 0.13828125 0.2234365 0.2665625 0.121865
5 0.9515625 0.2 0.096865 0.4
3 0.39603564392643464 0.46190421185254305 0.08011464686664216 0.0639011083130606
3 0.4953125 0.45625 0.046865 0.1125
4 0.38589919668836633 0.60635193462518 0.24806596916020386 0.4664261863654999
4 0.484365 0.65546865 0.06865 0.4390625
5 0.4125 0.65234365 0.2125 0.4953125
5 0.321865 0.6 0.39365 0.6
5 0.36265625 0.6 0.2921865 0.6
0 0.6188460114128663 0.5023199823406066 0.01628649394986581 0.01628649394986581
3 0.616411666439992 0.5242040626996864 0.011028403590696288 0.015688632513556364
6 0.6191606288011242 0.5562262323406066 0.034620433645025396 0.059564986899651616
5 0.6183602884420445 0.5546682665201466 0.05062622862636941 0.12529089149054663