1 0.0640625 0.36421865 0.128125 0.1109365
4 0.3603125 0.303125 0.3365 0.253125
1 0.386960104895215 0.1935464066960128 0.0636102168225126 0.030114646866641982
5 0.36328125 0.2984365 0.3515625 0.2625
5 0.20603125 0.29140625 0.4140625 0.2665625
2 0.1265625 0.23203125 0.253125 0.1328125
1 0.6102855985505031 0.26545464483363856 0.16564541549465282 0.11195562021691614
1 0.965625 0.24609365 0.06865 0.0696865
1 0.8941369029034252 0.16453833246224368 0.0989364696493686 0.08651019262201594
2 0.6861935926966606 0.15250931623863636 0.26630666693096126 0.11863286104353512
2 0.8632890616166266 0.08246900613026862 0.1332661083130606 0.08046018052166655
2 0.96265625 0.1125 0.0546865 0.10625
5 0.95859365 0.23359365 0.0828125 0.3421865
5 0.9040123516619569 0.12604164512822616 0.16500689634428026 0.16345448660335966
5 0.66953125 0.2515625 0.4609365 0.35625
5 0.6234365 0.21484365 0.16865 0.4296865
6 0.39296865 0.64365 0.1890625 0.428125
5 0.39665625 0.61484365 0.2828125 0.5603125
0 0.9261625958200285 0.5039228680656168 0.01884999394986581 0.01629658430895533
5 0.9151089330558502 0.5689955909482548 0.0588124394986581 0.16221134328594586