1 0.0234365 0.16953125 0.046865 0.1140625
1 0.2665625 0.1365 0.10625 0.065
2 0.26484365 0.25859365 0.1296865 0.0484365
2 0.23984365 0.04453125 0.1696865 0.0890625
5 0.0921865 0.2015625 0.184365 0.403125
5 0.2390625 0.068125 0.18125 0.15625
5 0.16484365 0.22109365 0.3296865 0.4421865
6 0.3625 0.12109365 0.065625 0.2421865
4 0.48515625 0.1140625 0.1568125 0.228125
6 0.66890625 0.15859365 0.2640625 0.3161865
5 0.90546865 0.309365 0.1890625 0.61865
5 0.6484365 0.309365 0.425 0.61865
5 0.496865 0.309365 0.334365 0.61865
5 0.365 0.303125 0.090625 0.60625
4 0.55625 0.84609365 0.3625 0.3068125
4 0.934365 0.86484365 0.13125 0.2603125
3 0.6116919998036082 0.666316018543156 0.10961134328594586 0.0584488251355633
3 0.96015625 0.6234365 0.0696865 0.053125
0 0.94665625 0.665625 0.1046865 0.09365
0 0.58359365 0.6359365 0.2140625 0.034365
5 0.61161865 0.809365 0.5640625 0.38125
5 0.8661865 0.809365 0.265625 0.38125