1 0.19840322208606004 0.16632400663929936 0.1599022408266168 0.09155221662612104
1 0.03984365 0.0661865 0.0696865 0.061865
1 0.48984365 0.11953125 0.0984365 0.0568125
2 0.4828125 0.23125 0.1125 0.03125
2 0.45234365 0.0328125 0.1634365 0.065625
2 0.1406946403356385 0.06124955464560548 0.24636496964936895 0.0863636666345696
2 0.06640625 0.0068125 0.1203125 0.015625
5 0.05234365 0.0453125 0.1046865 0.090625
5 0.196865 0.16953125 0.39365 0.3203125
5 0.453125 0.0640625 0.161865 0.128125
5 0.38125 0.16484365 0.315625 0.3296865
4 0.82265625 0.16484365 0.2859365 0.3296865
5 0.8 0.16484365 0.4 0.3296865
1 0.6603125 0.61953125 0.459365 0.2161865
2 0.60603125 0.40859365 0.3359365 0.1484365
4 0.66953125 0.861865 0.4609365 0.25625
5 0.66953125 0.66484365 0.4609365 0.6603125