1 0.03359365 0.39365 0.0661865 0.1125
4 0.33203125 0.2661865 0.4359365 0.365625
1 0.24386012606064966 0.1263636254814645 0.0604943061815924 0.03165906615858266
5 0.325 0.25859365 0.45 0.3828125
5 0.161865 0.296865 0.34365 0.30625
2 0.06953125 0.240625 0.1390625 0.14365
0 0.60625 0.44609365 0.05 0.0068125
0 0.634508893630043 0.3258924168323439 0.006839661066238922 0.004632951695398144
6 0.636116845525441 0.3336140081914235 0.015606813231616586 0.014153403590696286
5 0.6384833214231401 0.336633893630043 0.02519089654066192 0.032956945645263666
0 0.635431044295666 0.35011561301188366 0.009402261066238922 0.004642042154466844
6 0.6409543364502546 0.35952252926866235 0.016268403590696288 0.01562499394986581
5 0.6394100161684139 0.36263843890958265 0.02519998689965162 0.03452044564526368
2 0.44898396330646116 0.6984315349260032 0.06438965292686636 0.056622604622264314
2 0.31446615309981683 0.664993514045156 0.056586343285945865 0.05813965292686635
2 0.2166436350466401 0.6611441166026699 0.06596134328594586 0.05819429508134384
2 0.15528902634169616 0.9404680022394952 0.05504202400410509 0.06125566256668683
0 0.06445896238165663 0.6604140565924162 0.08488406010845856 0.08699086939029944
3 0.0690805294650541 0.8665896198241338 0.04619316256668665 0.05496021066238851
3 0.23531234864689488 0.8643636556320956 0.03668180113146821 0.048655668616910666
3 0.33308222823539013 0.8844630531645616 0.04866465292686635 0.056531801131468384
3 0.4636009691602036 0.9110133481566196 0.04561248184962643 0.05182612041330899
4 0.361865 0.95234365 0.15625 0.0953125
4 0.26696865 0.94609365 0.1515625 0.1068125
6 0.1068125 0.934365 0.168125 0.13125
5 0.4546865 0.86890625 0.190625 0.2421865
5 0.3634365 0.86696865 0.265625 0.2640625
5 0.26640625 0.86161865 0.2640625 0.2665625
5 0.12109365 0.859365 0.2421865 0.28125
