1 0.2109365 0.46634365 0.35625 0.3640625
2 0.18359365 0.096865 0.3661865 0.19365
5 0.19453125 0.3296865 0.3890625 0.659365
5 0.3953125 0.421865 0.0125 0.090625
5 0.8923123033609632 0.5633666300922685 0.01638648689965162 0.034564994668999895
5 0.858318056690613 0.3598608220868142 0.02529998184962643 0.05185340133662606
2 0.8496015868430382 0.3386660646533142 0.004623861436318444 0.006304544000636359
4 0.8496061259624538 0.35664582465331424 0.006939665026114632 0.021965906666626166
4 0.8906816196266419 0.568828198658623 0.01101931323161641 0.014189669334818081
2 0.8922304901392468 0.5493151300922685 0.006848861436318444 0.006340906666626353
4 0.19453125 0.8296865 0.3890625 0.340625
5 0.19453125 0.8296865 0.3890625 0.340625
