5 0.39609365 0.81865 0.3068125 0.3625
5 0.23046865 0.6953125 0.3546865 0.409365
5 0.10603125 0.64921865 0.2140625 0.5015625
3 0.0109365 0.66421865 0.021865 0.0484365
3 0.1498853286498106 0.6604382023845633 0.04256838544042354 0.06643293969514959
3 0.28664386605260834 0.6422899556060261 0.05960225292686635 0.056595433645025395
3 0.45481320238456335 0.661629686184508 0.05813965292686635 0.056586343285945865
2 0.4640540816648626 0.6661456028655525 0.06908634328594586 0.05821246569950324
2 0.3094012293155446 0.6452922356584523 0.08636464686664198 0.06393646964936905
2 0.138821084603543 0.5580063800666604 0.09898292154466602 0.09432269262201594
2 0.0234365 0.584365 0.046865 0.065
4 0.065 0.83515625 0.15 0.3296865
4 0.246865 0.8634365 0.225 0.253125
4 0.42421865 0.88828125 0.1696865 0.2234365