4 0.06402566893593951 0.9496944251590142 0.056631695081344014 0.06595225292686635
2 0.06982631604234558 0.8926313589022358 0.028243164668035033 0.020466126463433165
3 0.08205189236431054 0.9130302233636162 0.02353649394986581 0.016323855386194253
5 0.06634365 0.9390625 0.0890625 0.121865
0 0.665625 0.55068125 0.0865 0.1015625
0 0.9640625 0.5515625 0.061865 0.103125
0 0.8116358950065893 0.556060654464559 0.09120668298109546 0.10052624082661669
2 0.543503518543156 0.5856546510566134 0.08690906615858266 0.06082156010845856
2 0.9234365 0.5365 0.06865 0.065
3 0.5468360659211402 0.6841694251590142 0.04561246569950324 0.06901362041330898
3 0.6815029664116869 0.6333866542681662 0.04555693969514958 0.042451120413308986
3 0.8322160396185906 0.6442291846269841 0.04863648184962643 0.05184430113146821
3 0.9626065156162899 0.639563889643836 0.0519261143631848 0.06269998184962643
4 0.98359365 0.8265625 0.0328125 0.346865
4 0.8649680218628058 0.6860024919066622 0.1453862646343313 0.28208631303532483
4 0.6955058591968233 0.6668325458669109 0.15466945140261463 0.2680683551898025
4 0.5234365 0.84921865 0.159365 0.3015625
4 0.434365 0.81865 0.06865 0.3625
5 0.4609365 0.65 0.121865 0.5
5 0.56265625 0.66865 0.3046865 0.4625
5 0.60625 0.65 0.284365 0.5
5 0.8665625 0.65 0.246865 0.5
5 0.94296865 0.65 0.1140625 0.5