5 0.43359365 0.2140625 0.2603125 0.428125
0 0.9568125 0.028125 0.084365 0.05625
3 0.9562192255049154 0.11936358861056366 0.05500566256668683 0.05500566256668665
3 0.6864688962460844 0.0850041655516968 0.058166114363184696 0.06283634328594586
6 0.66890625 0.3 0.2203125 0.440625
4 0.92421865 0.32568125 0.1515625 0.4068125
5 0.86161865 0.26484365 0.2665625 0.5296865
5 0.6 0.26484365 0.2625 0.5296865
3 0.54296865 0.56568125 0.0515625 0.0921865
4 0.48515625 0.69921865 0.1661865 0.4015625
5 0.44609365 0.66484365 0.2453125 0.4603125
2 0.62265625 0.6365 0.3068125 0.234365
5 0.684365 0.80603125 0.43125 0.3859365