3 0.0859365 0.12890625 0.161865 0.2203125
0 0.06015625 0.128125 0.1203125 0.25625
6 0.1625 0.3546865 0.325 0.128125
5 0.25234365 0.209365 0.5046865 0.41865
0 0.2666828413828614 0.6820868656668662 0.18632040268936265 0.168260162361395
3 0.21352089139081548 0.8403043656660621 0.08833634134309029 0.06238406010845858
4 0.22265625 0.90546865 0.2921865 0.1890625
5 0.26161865 0.68515625 0.4921865 0.4296865
2 0.661865 0.4365 0.09365 0.0365
5 0.83125 0.63515625 0.3365 0.4328125
5 0.63984365 0.8665625 0.1609365 0.246865
4 0.69609365 0.50068125 0.2068125 0.1640625