2 0.9546865 0.19164666925526634 0.065625 0.052326116008908664
2 0.53359365 0.2614903886456636 0.061865 0.061663841343090466
1 0.52109365 0.3225633393141363 0.0296865 0.042532945336363515
1 0.98359365 0.25390625 0.0328125 0.0546865
4 0.96328125 0.31696865 0.0634365 0.1015625
5 0.5453125 0.30196902864418286 0.1068125 0.1543695120146356
5 0.66328125 0.3568125 0.4484365 0.103125
5 0.82890625 0.2046865 0.3421865 0.409365
5 0.9484365 0.26953125 0.103125 0.2234365
2 0.96484365 0.0365 0.0603125 0.065
2 0.628125 0.36640625 0.1365 0.0859365
1 0.11161865 0.61484365 0.2234365 0.2661865
2 0.18661865 0.4365 0.3634365 0.05625
5 0.21953125 0.6046865 0.4390625 0.590625
4 0.21953125 0.8234365 0.4390625 0.353125
2 0.6125 0.65 0.346865 0.41865
5 0.61953125 0.6046865 0.5609365 0.590625