1 0.24365 0.29665625 0.25 0.2640625
1 0.0421865 0.26015625 0.084365 0.4984365
0 0.98828125 0.15234365 0.0234365 0.0665625
6 0.6854359666080696 0.33125 0.06426462266624522 0.1421865
1 0.6602600306416004 0.25234365 0.02208406825883114 0.0359365
1 0.4821302021881816 0.09365 0.026698855386194254 0.0234365
1 0.4555661813063344 0.228125 0.03456589654066192 0.0328125
1 0.6693802163134921 0.13661865 0.0361193061815924 0.03125
2 0.3696865 0.03984365 0.021865 0.0265625
2 0.48689438885826913 0.04296865 0.05168965896699036 0.0390625
2 0.45592625049096935 0.16640625 0.08465669508134401 0.065625
2 0.6665245154198981 0.0696865 0.06366465292686635 0.05625
4 0.666006946334449 0.20625 0.08356609016268685 0.13125
4 0.659365 0.01161865 0.025 0.0234365
4 0.5546865 0.01640625 0.028125 0.0328125
4 0.5059989633636162 0.15390625 0.06252041549465282 0.1109365
4 0.41328125 0.321865 0.0890625 0.184365
4 0.38984365 0.115625 0.0421865 0.084365
5 0.40546865 0.0890625 0.0634365 0.134365
5 0.44921865 0.3161865 0.1609365 0.384365
5 0.5123216962362532 0.14140625 0.14204309601642036 0.24365
5 0.553125 0.05 0.04365 0.1
5 0.66328125 0.03125 0.0359365 0.0625
5 0.682352395104685 0.18984365 0.15006466426525153 0.2696865
5 0.68984365 0.34665625 0.1140625 0.3234365
5 0.94140625 0.303125 0.1161865 0.4125
0 0.6853864915139889 0.20546865 0.04405906220860695 0.053125
6 0.9546865 0.3665625 0.090625 0.265625
5 0.22265625 0.6546865 0.2609365 0.490625
5 0.11484365 0.6828125 0.2265625 0.346865