0 0.29296865 0.159365 0.1140625 0.31865
5 0.29296865 0.18984365 0.1140625 0.3696865
1 0.2421865 0.565625 0.09365 0.2140625
0 0.265625 0.4609365 0.16865 0.1625
6 0.29609365 0.83203125 0.1068125 0.2634365
6 0.13203125 0.69665625 0.2640625 0.6046865
5 0.165 0.68984365 0.35 0.6203125
5 0.29296865 0.6865 0.1140625 0.425
0 0.60068125 0.53828125 0.0296865 0.0365
0 0.403125 0.5828125 0.028125 0.0421865
6 0.4140625 0.6568125 0.0421865 0.09365
3 0.40546865 0.61484365 0.0109365 0.015625
5 0.415625 0.609365 0.065625 0.3
3 0.603125 0.56265625 0.0125 0.0161865
6 0.609365 0.63125 0.046865 0.125
5 0.6109365 0.6634365 0.061865 0.3068125