4 0.14921865 0.3453125 0.2984365 0.2865
5 0.21865 0.24453125 0.4365 0.4890625
1 0.68125 0.4390625 0.396865 0.1
2 0.68828125 0.16328125 0.4161865 0.3265625
5 0.63984365 0.24453125 0.5203125 0.4890625
0 0.39296865 0.89609365 0.009365 0.009365
6 0.3953125 0.9109365 0.0109365 0.0161865
5 0.39453125 0.90625 0.0140625 0.03125
0 0.2546865 0.96568125 0.009365 0.0068125
4 0.253125 0.990625 0.015625 0.01865
5 0.25625 0.98515625 0.028125 0.0296865
5 0.26953125 0.9828125 0.0296865 0.034365
0 0.26484365 0.961865 0.0109365 0.009365
0 0.2953125 0.961865 0.0125 0.0125
0 0.3015625 0.9640625 0.0109365 0.0125
5 0.296865 0.98203125 0.021865 0.0359365
5 0.30625 0.968125 0.021865 0.04365
6 0.29665625 0.9890625 0.0161865 0.021865
6 0.30603125 0.98661865 0.0161865 0.0265625
6 0.26696865 0.9890625 0.0234365 0.021865
6 0.83515625 0.61953125 0.034365 0.0625
3 0.8296865 0.68828125 0.009365 0.015625
0 0.82265625 0.66640625 0.025 0.0296865
