6 0.4015625 0.059365 0.203125 0.11865
5 0.40390625 0.1696865 0.3296865 0.359365
2 0.4661865 0.3603125 0.046865 0.021865
2 0.24296865 0.3634365 0.0390625 0.028125
2 0.13125 0.6106026133064613 0.0568125 0.04252384328594586
3 0.24296865 0.399633923980664 0.021865 0.01886626502611464
3 0.1265625 0.6583316922292324 0.0161865 0.01884999394986581
4 0.08046865 0.6916562666363836 0.0696865 0.1082661083130606
4 0.2203125 0.4580958636640095 0.0546865 0.09865566256668665
4 0.4603125 0.43203125 0.09365 0.1453125
5 0.46015625 0.53661865 0.2161865 0.3546865
5 0.425 0.4109365 0.13125 0.103125
5 0.225 0.5161865 0.168125 0.315625
5 0.11328125 0.6238694241660558 0.2046865 0.28612833603942986
5 0.66953125 0.404040143630043 0.034365 0.06519998689965162