6 0.4984365 0.1203125 0.140625 0.240625
6 0.15625 0.09665625 0.18125 0.1953125
0 0.28046865 0.0625 0.0828125 0.125
3 0.24605462365820383 0.0962430054105419 0.02846134328594586 0.05813966400381696
5 0.159365 0.209365 0.31865 0.41865
5 0.468125 0.209365 0.196865 0.41865
0 0.6136023890546608 0.6409653614194506 0.08000566256668648 0.05561464801081665
0 0.36543306069663366 0.6091682893856249 0.0941045240041051 0.06202838001262663
0 0.66015625 0.64609365 0.0390625 0.0265625
0 0.66421865 0.6328125 0.0109365 0.01865
3 0.6635468529503064 0.6681196640929046 0.012562622862636888 0.012645450668363622
3 0.5916001300666604 0.6696833326498143 0.039216036104353654 0.026016033338636053
3 0.35895125654110355 0.6489493140515431 0.040660445645263866 0.025462614662181596
6 0.334268898228043 0.6283550033815886 0.14164312021691613 0.16663632001908996
6 0.6015625 0.6665625 0.15625 0.19365
4 0.66568125 0.66568125 0.0068125 0.0359365
4 0.65390625 0.60234365 0.0515625 0.0634365
5 0.6568125 0.61161865 0.04365 0.1828125
5 0.6568125 0.66265625 0.04365 0.0696865
5 0.58359365 0.803125 0.1921865 0.39365
5 0.3128524404806166 0.6835683053686251 0.21498166802863566 0.42903516136218045
