0 0.90068125 0.06015625 0.1953125 0.1203125
2 0.9568125 0.284365 0.084365 0.09365
2 0.6625 0.12890625 0.18125 0.0828125
3 0.64921865 0.0125 0.0859365 0.025
3 0.9015625 0.146865 0.125 0.0828125
3 0.6365 0.23125 0.125 0.0665625
3 0.9546865 0.3859365 0.090625 0.08125
4 0.86015625 0.4640625 0.2696865 0.209365
4 0.61640625 0.38359365 0.3140625 0.3390625
6 0.865625 0.26953125 0.26865 0.2984365
4 0.646865 0.0634365 0.203125 0.146865
5 0.6328125 0.06568125 0.2865 0.1515625
5 0.6453125 0.309365 0.361865 0.51865
5 0.8068125 0.38125 0.384365 0.365
5 0.8359365 0.22890625 0.328125 0.4568125
4 0.828125 0.684365 0.34365 0.43125
5 0.6296865 0.684365 0.540625 0.43125
1 0.9296865 0.62568125 0.140625 0.1140625