4 0.5046865 0.34296865 0.115625 0.0515625
2 0.56640625 0.26886514660250295 0.0453125 0.053652258662816865
5 0.46015625 0.30603125 0.2609365 0.1234365
0 0.81640625 0.6354325862454132 0.0609365 0.0694590620082624
0 0.98203125 0.6661865 0.0359365 0.11865
0 0.60068125 0.9634966559266661 0.0265625 0.03312158266026243
0 0.42109365 0.9163662146324106 0.0390625 0.04106953333863605
2 0.33661865 0.9683580066438646 0.0265625 0.03468408266026243
6 0.40625 0.9665625 0.04365 0.046865
5 0.41484365 0.94665625 0.0603125 0.1046865
5 0.81484365 0.84921865 0.1359365 0.3015625
5 0.93203125 0.8015625 0.1359365 0.396865
4 0.94665625 0.8625 0.1046865 0.265
4 0.8234365 0.8931632612444586 0.090625 0.19324201634563563
4 0.61484365 0.6600518639258661 0.015625 0.036119313335454525
0 0.6140625 0.6319359645926396 0.0125 0.015660450668363623
5 0.6109365 0.6819623262596306 0.03125 0.11911362666090888