0 0.19030333401436665 0.09315494206508645 0.0693681444164139 0.10604996866599956
0 0.0890625 0.0265625 0.065 0.053125
3 0.08404424365528822 0.0903561113939962 0.02519998689965162 0.03466590133662616
3 0.19226035499341065 0.16260436340863292 0.018940896540662096 0.03303066600254535
6 0.20934464638566263 0.2666390264108601 0.15326148650696812 0.29551358935390815
6 0.04453125 0.21953125 0.0890625 0.3140625
5 0.06640625 0.25 0.1328125 0.5
5 0.1890625 0.265625 0.25 0.46865
6 0.1161865 0.80390625 0.234365 0.3921865
6 0.35068125 0.85234365 0.2453125 0.2953125
6 0.4661865 0.83984365 0.125 0.3203125
0 0.41868640924813696 0.5910282633926245 0.1021896346664936 0.10899428668045381
0 0.16640625 0.5140625 0.1203125 0.028125
3 0.1453362666593933 0.6026902900222616 0.06536260462226432 0.06493520401018138
3 0.406024303665551 0.6961236320565883 0.056595433645025395 0.060029528006635946
5 0.45603125 0.65 0.1453125 0.5
5 0.3296865 0.65546865 0.346865 0.4890625
5 0.15234365 0.65 0.3046865 0.5
