5 0.1515625 0.3069998134149962 0.08125 0.22594542934436318
5 0.0140625 0.29921865 0.028125 0.2390625
4 0.1640625 0.25636401408335985 0.0296865 0.050345445336363515
0 0.1609365 0.20689015141626893 0.021865 0.02681603866963616
3 0.15603125 0.22893844808240526 0.00625 0.009446625334181811
0 0.521865 0.16265625 0.00625 0.0328125
5 0.528125 0.18359365 0.01865 0.0665625
0 0.98661865 0.20604803011613101 0.0109365 0.015652269334818082
6 0.9828125 0.23412656668226642 0.01865 0.03928066600254544
5 0.98359365 0.2513241664490401 0.03125 0.10963862666090888
3 0.98515625 0.21852984868258558 0.00625 0.006322625334181811
3 0.1661865 0.640625 0.334365 0.08125
4 0.2296865 0.83515625 0.459365 0.3296865
5 0.259365 0.8 0.51865 0.4