1 0.8625 0.015625 0.061865 0.03125
6 0.8406446363105664 0.14548265516636142 0.16328400565634086 0.24318643949865693
5 0.81328125 0.23984365 0.3634365 0.4696865
3 0.06518843588452065 0.5895811613483854 0.014226126463433166 0.028206813231616588
0 0.09066252926866235 0.5826408249391815 0.026835210662388506 0.046029536104353654
6 0.04564638162969455 0.6144084545258626 0.06416381908544902 0.12698964686664216
5 0.05234365 0.69296865 0.1046865 0.2953125
6 0.52634365 0.60068125 0.1359365 0.3109365
3 0.56015625 0.4953125 0.0421865 0.03125
5 0.61161865 0.63984365 0.3046865 0.5203125
