4 0.45 0.068125 0.109365 0.15625
5 0.48661865 0.30390625 0.2109365 0.6068125
5 0.9865 0.38359365 0.025 0.2140625
5 0.8668859555068313 0.3629623396616086 0.09350560206654456 0.2260988311856965
4 0.8554353611006801 0.3268004119686115 0.03629202400410492 0.061146568258831144
3 0.862656518641352 0.2940288185944696 0.006295451695396966 0.006848861436318444
0 0.8588685336684666 0.2621310926966606 0.022020445645263666 0.02512626502611463
5 0.3421865 0.825 0.515625 0.35
4 0.38046865 0.825 0.3828125 0.35
1 0.9603125 0.89665625 0.059365 0.2046865
2 0.88046865 0.6921865 0.2390625 0.084365
5 0.8015625 0.825 0.396865 0.35