5 0.5390625 0.2910996821955286 0.0203125 0.03136816466803503
6 0.5421865 0.29424296291368684 0.0109365 0.020366132513556365
4 0.809365 0.39296865 0.38125 0.0921865
1 0.66161865 0.24453125 0.2859365 0.3890625
5 0.809365 0.21953125 0.38125 0.4390625
1 0.3068125 0.6616481106506516 0.509365 0.3310884560599555
2 0.34665625 0.4634365 0.4640625 0.06865
4 0.309365 0.86328125 0.61865 0.2634365
5 0.309365 0.61953125 0.61865 0.5609365
4 0.6625 0.6 0.24365 0.321865
4 0.86421865 0.490625 0.1046865 0.103125
0 0.68203125 0.50068125 0.1265625 0.1234365
3 0.62634365 0.56890625 0.0161865 0.0603125
5 0.809365 0.61953125 0.38125 0.5609365
5 0.69140625 0.61953125 0.1453125 0.5609365