6 0.2568125 0.13046865 0.13125 0.2609365
6 0.461865 0.1421865 0.134365 0.284365
3 0.30235169859638536 0.019088804942096148 0.03302156825883114 0.03612839654066192
5 0.440625 0.29453125 0.196865 0.5890625
5 0.24453125 0.29453125 0.2109365 0.5890625
1 0.5994813286516146 0.09986614803165131 0.04243293969514959 0.04243293969514968
1 0.66640625 0.028125 0.0484365 0.05625
1 0.8832659661922865 0.06540464685860068 0.05200692659490121 0.06686248184962643
1 0.9499989582383056 0.14313886241826614 0.023564665026114632 0.022011355386194253
1 0.9204386232654204 0.12143656924068984 0.020394313231616665 0.01418066466803503
2 0.9252943949083934 0.092503058163551 0.026698855386194254 0.023592036104353464
2 0.9588835996288536 0.09308886544333923 0.03456498689965162 0.03456498689965162
4 0.9402966053114395 0.1994434045626548 0.061121541958086 0.13946156615858265
5 0.922886012394836 0.10345419360216042 0.03460225292686635 0.05644998689965162
5 0.9443529462362532 0.16363942866505566 0.06661696560311139 0.19888292659490128
5 0.93828125 0.29453125 0.1234365 0.5890625
5 0.69609365 0.29453125 0.2828125 0.5890625
5 0.6859365 0.29453125 0.246865 0.5890625
5 0.59365 0.29453125 0.109365 0.5890625
4 0.5665625 0.1634365 0.065 0.14365
4 0.623949542645456 0.1905461693052819 0.12501013212066386 0.2610306383662898
4 0.8354592143866256 0.22583360863108918 0.1468396803253656 0.26334540339440443
4 0.96109365 0.2865 0.0568125 0.303125
4 0.53359365 0.6865 0.0109365 0.01865
5 0.53125 0.6859365 0.015625 0.0365
3 0.5834432381943392 0.6388882205349458 0.02528180113146803 0.048582945645263666
0 0.5886034368664693 0.656610949456606 0.0623931504665381 0.08948065651666246
6 0.56634365 0.86865 0.0665625 0.2625
5 0.6109365 0.8015625 0.14365 0.396865