1 0.4448953852440319 0.03903314539936264 0.033056939695149585 0.042368396540662005
1 0.46225266068265126 0.04121681411546933 0.014144313231616586 0.014144313231616544
1 0.5669869624698534 0.11331955221162264 0.03461134328594586 0.05801248689965162
0 0.5583448068860048 0.06628034436610035 0.056604516953980624 0.06845225292686626
0 0.36864821046680094 0.08395063566025638 0.05662269866214012 0.08156625292686616
0 0.4328125 0.00625 0.04365 0.0125
0 0.4625 0.015625 0.03125 0.03125
6 0.4514135508368805 0.08509053396305415 0.09430451190385662 0.09585692154466601
6 0.3404629361691082 0.21666164463624686 0.12158515026114661 0.21944995664913058
6 0.5921865 0.165625 0.034365 0.209365
5 0.56865 0.25859365 0.08125 0.5068125
5 0.4865 0.0640625 0.065 0.128125
5 0.453125 0.06109365 0.1365 0.1421865
5 0.3688651921310366 0.2652643681638136 0.201028252336691 0.4464669656031114
5 0.8046865 0.665 0.390625 0.45
4 0.8046865 0.840625 0.390625 0.31865