1 0.38359365 0.661865 0.2328125 0.4365
4 0.32634365 0.86421865 0.3453125 0.2515625
5 0.253125 0.609365 0.49365 0.58125
1 0.5513912030619443 0.9418645859325486 0.10209883118569649 0.09336928668045416
1 0.80068125 0.9696865 0.0921865 0.040625
1 0.96634365 0.6328125 0.0453125 0.059365
3 0.990625 0.4568125 0.01865 0.05625
1 0.5453382084346965 0.5052558332660485 0.06543633623582169 0.06586260401018138
1 0.8295995689462023 0.5214680805616666 0.06922269866214012 0.08204996866599956
1 0.6011826456939602 0.8428643639258661 0.06063065651666228 0.06269316000954511
2 0.5628581686650558 0.6432006285964568 0.10841246369925486 0.10436951201463562
2 0.5390625 0.84140625 0.068125 0.0984365
2 0.965 0.6328125 0.05 0.059365
2 0.6696865 0.44365 0.109365 0.05
2 0.5365 0.43515625 0.065 0.0328125
4 0.64665625 0.91953125 0.1328125 0.1609365
4 0.8260013593932151 0.6361303525620956 0.20526123438361008 0.3695510633609068
4 0.959365 0.60234365 0.08125 0.2603125
4 0.96161865 0.8046865 0.0665625 0.090625
4 0.96568125 0.89609365 0.0484365 0.2068125
2 0.6603593616898551 0.9018291992361863 0.0926420169539809 0.06919669866918128
5 0.90859365 0.61953125 0.1828125 0.4015625
5 0.91953125 0.69921865 0.1609365 0.4015625
5 0.928125 0.8234365 0.14365 0.353125
5 0.80625 0.509365 0.3125 0.18125
5 0.82421865 0.609365 0.3515625 0.58125
5 0.6859365 0.9203125 0.246865 0.159365
5 0.60390625 0.8859365 0.2068125 0.228125
5 0.62634365 0.83828125 0.2328125 0.3234365
5 0.625 0.640625 0.25 0.44365
5 0.61696865 0.56865 0.2359365 0.3
5 0.5546865 0.62109365 0.109365 0.5568125