3 0.03125 0.4192023439688196 0.0140625 0.028288632001908988
0 0.046865 0.41120803063336514 0.025 0.046165901336626066
0 0.253125 0.05568309460536645 0.03125 0.04255112666090888
6 0.01696865 0.41640625 0.0359365 0.0661865
6 0.24921865 0.12660354693923006 0.0484365 0.09265112133990866
3 0.24921865 0.08619629693923006 0.0125 0.015660450668363533
5 0.2421865 0.16534161394018458 0.0953125 0.28860906134626206
4 0.865625 0.221865 0.26865 0.35625
4 0.49140625 0.14921865 0.2696865 0.2984365
3 0.9015625 0.02980864856682262 0.1015625 0.0589942866804539
3 0.56109365 0.01015625 0.0921865 0.0203125
5 0.6603125 0.225 0.459365 0.45
5 0.51696865 0.225 0.4161865 0.45
1 0.1546865 0.86953125 0.309365 0.2609365
2 0.1546865 0.69921865 0.309365 0.2328125
5 0.1546865 0.6603125 0.309365 0.459365