0 0.3609365 0.05300869654682369 0.0068125 0.009465906666626165
0 0.32890625 0.02213151388450534 0.009365 0.011046588001262618
4 0.3046865 0.06694456455445962 0.0140625 0.039226132001908984
2 0.3046865 0.032569564554459625 0.009365 0.011046588001262618
5 0.30859365 0.0653366212205961 0.0234365 0.0668352200031816
6 0.33203125 0.04865665121641443 0.01865 0.03459316600254534
6 0.3515625 0.06696163454809636 0.0140625 0.022038632001908986
5 0.35234365 0.06482654388132364 0.021865 0.02994203866963625
5 0.334365 0.049411629216096256 0.021865 0.06056603866963625
6 0.315625 0.08556630521964155 0.009365 0.016296588001262616
5 0.31640625 0.06852696455286886 0.0125 0.03452045066836353
5 0.13515625 0.98515625 0.0484365 0.0296865
6 0.10603125 0.6525864612905929 0.0140625 0.039226132001908984
0 0.115625 0.630611463956093 0.009365 0.011046588001262539
5 0.11015625 0.666612598623502 0.0234365 0.08621022000318161
5 0.61696865 0.69453125 0.4665625 0.6109365
4 0.5865 0.83125 0.396865 0.3365
1 0.568125 0.45859365 0.1865 0.1390625