5 0.24453125 0.24453125 0.4890625 0.4890625
6 0.8030916211006699 0.29816686212368955 0.1669906886384363 0.34320562021691614
3 0.6626188468019863 0.16466491930528186 0.04251465292686616 0.056495439695149666
0 0.65390625 0.06953125 0.1046865 0.1390625
5 0.81953125 0.24453125 0.3568125 0.4890625
5 0.35625 0.64453125 0.265625 0.5109365
5 0.2328125 0.6328125 0.2365 0.4865
5 0.1015625 0.6984365 0.168125 0.41865
4 0.36161865 0.5161865 0.1453125 0.05625
1 0.68661865 0.93515625 0.3953125 0.1296865
2 0.66265625 0.609365 0.3661865 0.31865
5 0.64453125 0.65859365 0.5109365 0.4828125