5 0.53203125 0.3234365 0.3140625 0.4125
4 0.8634365 0.41953125 0.253125 0.2203125
5 0.84453125 0.26484365 0.3109365 0.5296865
1 0.0634365 0.8 0.146865 0.4
1 0.29195606864599633 0.8156660645942306 0.28924650260526096 0.28660218403881636
1 0.5315906334102238 0.6949064898950049 0.26642604660590625 0.29213514536918016
0 0.62421865 0.653125 0.0603125 0.109365
0 0.81696865 0.56865 0.0696865 0.068125
3 0.8304431200260443 0.6445632339264568 0.02698066066154496 0.03624658266026261
3 0.6258643460365436 0.6231342239416654 0.02069430800445442 0.033048856336090695
6 0.6453125 0.83984365 0.1125 0.3015625
6 0.9125 0.66265625 0.165 0.3203125
5 0.8865 0.66484365 0.225 0.4603125
5 0.68984365 0.6953125 0.2015625 0.409365