6 0.4453125 0.399664824546398 0.109365 0.2943863251355633
6 0.5640625 0.3609365 0.03125 0.184365
0 0.4484365 0.1632305052645563 0.05625 0.08313965292686626
0 0.5609365 0.21294651111828966 0.0234365 0.045448855386194253
5 0.5609365 0.365625 0.0365 0.3865
5 0.4634365 0.2865 0.2125 0.54365
3 0.66161865 0.346865 0.1640625 0.259365
4 0.68984365 0.46890625 0.4203125 0.1609365
5 0.68984365 0.2696865 0.4203125 0.559365
3 0.434365 0.96109365 0.196865 0.0568125
0 0.4015625 0.603125 0.35625 0.2865
5 0.3109365 0.6696865 0.5365 0.440625
