1 0.14665625 0.6484365 0.2953125 0.303125
4 0.225 0.89665625 0.45 0.2046865
5 0.225 0.665 0.45 0.45
5 0.946865 0.665 0.10625 0.45
5 0.69609365 0.665 0.2609365 0.45
5 0.6068125 0.665 0.290625 0.45
3 0.58046865 0.6426116582896195 0.0568125 0.055023843285945864
3 0.65546865 0.6101361285065365 0.0568125 0.055023843285945864
3 0.92890625 0.56953125 0.0484365 0.0390625
2 0.56865 0.56161865 0.084365 0.0234365
4 0.60625 0.828125 0.196865 0.34365
4 0.68203125 0.69154066461089 0.15625 0.3196590359069618
4 0.95603125 0.6828125 0.0859365 0.409365