6 0.24609365 0.3865 0.2453125 0.3625
5 0.2296865 0.284365 0.268125 0.56865
0 0.2515625 0.06328125 0.190625 0.1265625
3 0.2663635633609068 0.19293082592114014 0.10016462668681622 0.14901019262201592
6 0.0421865 0.86265625 0.084365 0.2546865
6 0.22625612638699652 0.8259286365205681 0.08166926535645339 0.16066610831306062
3 0.00859365 0.63046865 0.0161865 0.0453125
3 0.22206809336204366 0.6156951124182661 0.009665901336626066 0.025054542154466666
0 0.20294536603436202 0.6838629466262325 0.052362468665999566 0.06904998184962643
0 0.009365 0.6640625 0.01865 0.059365
5 0.0696865 0.684365 0.159365 0.43125
5 0.23046865 0.69140625 0.1515625 0.4161865
5 0.91865 0.684365 0.1625 0.43125
2 0.828125 0.58359365 0.11865 0.0296865
2 0.66109365 0.58515625 0.1068125 0.0328125
1 0.53359365 0.59296865 0.1203125 0.0484365
1 0.6652038260661688 0.6465148890546608 0.06980451634563562 0.09102496569950324
1 0.91328125 0.58661865 0.0634365 0.0359365
1 0.8654129114019513 0.6633200630924698 0.09518632535009033 0.12398292154466601
4 0.95068125 0.668125 0.0984365 0.39365
4 0.890625 0.8625 0.21865 0.265
4 0.63515625 0.83125 0.2109365 0.3365
4 0.54665625 0.684365 0.3568125 0.43125