0 0.64921865 0.3030825306416004 0.01865 0.015634084308955332
5 0.64365 0.38046865 0.04365 0.1665625
6 0.9515625 0.4341360462596944 0.028125 0.06422612646343318
0 0.95234365 0.38022525108015454 0.0161865 0.02353649394986581
5 0.9484365 0.41640625 0.040625 0.1046865
2 0.3568125 0.5252610160090633 0.0265625 0.023592036104353464
2 0.4 0.6023593263139236 0.040625 0.06586134933606006
2 0.16865 0.6638609494566061 0.0390625 0.026689658966990364
3 0.161865 0.6919666686395469 0.0203125 0.015643164668035032
4 0.15625 0.8569024223303441 0.0453125 0.10026362041330898
4 0.3609365 0.606492835290914 0.0515625 0.11592498184962643
4 0.41484365 0.6688354669026662 0.068125 0.16066601695398092
5 0.39453125 0.83359365 0.1296865 0.3328125
5 0.35068125 0.6690519226249316 0.096865 0.3146261022629364
5 0.16865 0.86265625 0.146865 0.2546865
4 0.50625 0.9203125 0.09365 0.159365
3 0.49665625 0.6546865 0.0665625 0.153125
5 0.661865 0.634365 0.425 0.53125