4 0.881065996294629 0.0665513261165319 0.21993168668045382 0.10283515026114642
4 0.8960984619261396 0.3286905369881162 0.20666016202418063 0.16931583603942983
0 0.8926462899426299 0.21396405806535516 0.11316260934118148 0.058466005853632344
2 0.6196462366326288 0.04311616828226231 0.06094884666409058 0.05509656615858266
3 0.6592546319621382 0.0616916241256421 0.03630112666090888 0.03145906825883114
5 0.83046865 0.12568125 0.3390625 0.2296865
5 0.8484365 0.42265625 0.303125 0.5015625
5 0.26484365 0.85 0.5296865 0.3
4 0.2359365 0.85 0.421865 0.3
3 0.6984325639169129 0.9044536123200813 0.00693966933481808 0.010982951695396966
0 0.8016666592536855 0.886466681601922 0.020694308004454244 0.03293066466803521
5 0.68046865 0.93359365 0.0640625 0.1328125
4 0.6616524452568216 0.8566569665850601 0.030323846664090583 0.0548602168225126
0 0.6660223192632304 0.8168905006863611 0.015861356336090696 0.020403403590696286
5 0.6641656525859583 0.8950691332009285 0.059939616024816 0.18314884328594588