0 0.11640625 0.36953125 0.2328125 0.3328125
0 0.24665625 0.4046865 0.153125 0.1696865
0 0.43046865 0.31328125 0.0390625 0.1859365
3 0.2661865 0.6046865 0.0890625 0.1109365
3 0.1859365 0.61328125 0.0515625 0.2046865
4 0.1484365 0.8634365 0.296865 0.253125
4 0.26890625 0.83661865 0.1921865 0.3265625
5 0.28984365 0.65390625 0.2453125 0.6921865
5 0.14453125 0.6 0.2890625 0.8
0 0.58359365 0.52890625 0.1890625 0.209365
3 0.565 0.61161865 0.0984365 0.09365
4 0.54665625 0.84296865 0.1953125 0.3140625
5 0.56328125 0.61015625 0.2265625 0.5696865
5 0.9359365 0.668125 0.128125 0.64365