3 0.2696865 0.436212294295666 0.0068125 0.010982951695396966
0 0.28125 0.4164613846548566 0.0203125 0.03293066466803503
5 0.2661865 0.4390625 0.05 0.08125
4 0.1421865 0.3932248426966606 0.0265625 0.056404536104353465
0 0.14365 0.3510464330558502 0.015625 0.02196590359069629
5 0.13661865 0.40859365 0.0484365 0.1421865
4 0.5015625 0.691945185589933 0.0828125 0.10048168903121965
2 0.5 0.5964048452308535 0.0265625 0.018904536104353466
3 0.5 0.6395923452308534 0.0234365 0.022011355386194253
5 0.49453125 0.6166855289640646 0.128125 0.2669329094445285
