6 0.46484365 0.2648520925985648 0.1046865 0.26466155405833436
6 0.246865 0.2399902365069681 0.0661865 0.16226588544042354
3 0.46109365 0.1233259540348933 0.03125 0.0439318061815924
3 0.24140625 0.12589592125018946 0.0068125 0.026606951695398054
0 0.25859365 0.09162091520006524 0.046865 0.06646021066238851
0 0.46696865 0.05299526331663404 0.0421865 0.05805693969514968
5 0.44921865 0.384365 0.1484365 0.66865
5 0.25068125 0.325 0.0921865 0.65
1 0.23661865 0.8661865 0.4634365 0.196865
4 0.265 0.94609365 0.55 0.1068125
5 0.265 0.884365 0.55 0.23125
3 0.6859365 0.9266993156656994 0.046865 0.06058521066238851
0 0.6661865 0.81696865 0.121865 0.0984365
5 0.6265625 0.884365 0.228125 0.23125