3 0.0466628159611836 0.026118114166692994 0.02385566066154524 0.03606385538619425
0 0.31161865 0.30859365 0.0546865 0.1546865
6 0.02890625 0.18515625 0.0568125 0.3568125
5 0.03661865 0.26953125 0.0634365 0.5390625
0 0.625 0.01015625 0.021865 0.0203125
0 0.6659303169105951 0.21446666398066403 0.020694308004454244 0.03293066466803503
0 0.844489413908368 0.23128389968016616 0.019131808004454596 0.03292158430895533
6 0.8381485062406406 0.23906003834384863 0.04129660934118149 0.05804884933606006
6 0.6203125 0.0234365 0.0365 0.046865
6 0.640625 0.01328125 0.059365 0.0265625
5 0.65546865 0.0365 0.0921865 0.065
5 0.62568125 0.0453125 0.0609365 0.090625
5 0.6641314605645042 0.2346810836215844 0.036955654668545 0.08660906825883115
5 0.8386560345619588 0.2539083335233885 0.043223836012090545 0.08930693969514958
1 0.16953125 0.6365 0.3390625 0.309365
4 0.16953125 0.93125 0.3390625 0.1365
5 0.16953125 0.66953125 0.3390625 0.4609365
1 0.54365 0.9125 0.409365 0.165
2 0.5515625 0.64665625 0.425 0.2161865
5 0.66696865 0.66953125 0.6568125 0.4609365