5 0.096865 0.45234365 0.19365 0.1546865
5 0.15625 0.4140625 0.153125 0.23125
4 0.15565618588452065 0.41601662395269143 0.06460691549465282 0.11131020462226431
4 0.06696865 0.48984365 0.0603125 0.0696865
4 0.021865 0.4453125 0.04365 0.16865
3 0.1625583395635126 0.3666969800029156 0.023555664668035032 0.020448855386194252
3 0.10583899306611304 0.4485566154433392 0.012581813231616588 0.014135222862636886
0 0.18325949023644262 0.32600934648935834 0.040888620413308985 0.04554884933606006
0 0.10331343588452065 0.4163212509819586 0.05506838544042354 0.06650566256668648
0 0.0203125 0.2921865 0.040625 0.08125
4 0.11843642436344644 0.559364346998369 0.014216036104353466 0.026644313231616586
5 0.11615266160646495 0.5695342325369984 0.026989646866641983 0.06359203610435346
4 0.81484365 0.61696865 0.3603125 0.1665625
5 0.65234365 0.6265625 0.3568125 0.39365
5 0.64609365 0.66484365 0.5068125 0.4603125
5 0.88203125 0.66484365 0.2359365 0.4603125