0 0.026521062503294628 0.13964626551809398 0.020485216822512696 0.02980566466803503
0 0.5235051568122501 0.11800653133066552 0.02363648689965162 0.03451135538619425
0 0.44239605636698404 0.09426048000291566 0.026644306181592396 0.031404536104353495
6 0.5138619912194013 0.16415482348525323 0.033166114363184694 0.062690896540662
6 0.44115119906492356 0.16395252518245546 0.06310905405833438 0.1050511143631846
6 0.009365 0.1603125 0.01865 0.061865
5 0.01865 0.20234365 0.0365 0.1603125
5 0.44296865 0.1984365 0.1265625 0.240625
5 0.5066398366286051 0.16982063010111152 0.06961356806243946 0.16602496569950315
0 0.1364605132685988 0.9519966954641263 0.011019313231616543 0.014126132513556366
6 0.13342245306194434 0.9646666613618263 0.014253396540662008 0.03289431323161641
5 0.134365 0.961865 0.025 0.05625