6 0.6984365 0.04453125 0.121865 0.0890625
5 0.61161865 0.16484365 0.1890625 0.3296865
5 0.88515625 0.12890625 0.1359365 0.2568125
3 0.25900465693388696 0.9122669926002659 0.14288645664913066 0.12196600135263541
3 0.4183535266183424 0.6463691669121859 0.02198408430895533 0.01900453866963616
2 0.41669499141569296 0.6081060185689585 0.0366626168225126 0.03012385200509069
2 0.2483410094669698 0.5966984432686393 0.2024615359069618 0.15859539202636245
5 0.12663661696642196 0.6481984059516386 0.06684200585363253 0.11328169634245403
5 0.4209640126894236 0.633061565245095 0.14854662606064966 0.2892090453532616
5 0.2546865 0.65 0.509365 0.5
4 0.259365 0.96015625 0.390625 0.0696865
4 0.4143381933093869 0.6651646312460495 0.06439884328594588 0.0585569346653633
