0 0.9140625 0.6696246665595504 0.0359365 0.03166816066154533
0 0.6859365 0.6884030459102668 0.040625 0.0426602146621816
6 0.43125 0.65068125 0.0625 0.0640625
6 0.91696865 0.6628042232256869 0.0603125 0.1258181600095451
6 0.66696865 0.6839246312460495 0.0828125 0.14002611066690854
3 0.68203125 0.6181359992441404 0.0161865 0.023636494668999892
3 0.915625 0.600956495226005 0.0234365 0.022146620003181604
5 0.43125 0.65068125 0.09365 0.0640625
5 0.66109365 0.83125 0.1140625 0.3365
5 0.9109365 0.825 0.1365 0.35
5 0.9661865 0.809365 0.065625 0.38125