5 0.43661865 0.2696865 0.1546865 0.51865
5 0.54296865 0.26953125 0.3515625 0.5390625
5 0.64140625 0.26953125 0.3265625 0.5390625
5 0.8661865 0.26953125 0.265625 0.5390625
3 0.812002650039661 0.06606860969223403 0.05526930266345413 0.05031816256668665
3 0.646266652605261 0.06652138162969456 0.04456816000954511 0.06056603005422929
3 0.49555159404836146 0.13851461669906162 0.06162839066462603 0.0596295240041051
2 0.465 0.03515625 0.090625 0.0603125
2 0.80390625 0.009365 0.0921865 0.01865
4 0.8660460020686241 0.2906599415418614 0.16646486638699652 0.39631243949865694
4 0.65 0.30546865 0.215625 0.4661865
4 0.53203125 0.34296865 0.2296865 0.3921865
4 0.39609365 0.3365 0.0634365 0.33125
1 0.284365 0.6296865 0.15 0.159365
4 0.065 0.66953125 0.15 0.4609365
4 0.20234365 0.85859365 0.3140625 0.2265625
5 0.0828125 0.66953125 0.165625 0.4609365
5 0.1696865 0.6609365 0.359365 0.44365
2 0.2140625 0.59365 0.290625 0.109365
1 0.66484365 0.58984365 0.2568125 0.1015625
4 0.46696865 0.68984365 0.2161865 0.3015625
4 0.6289389954248595 0.6900503666026698 0.5119649306969986 0.2264009560599555
5 0.46568125 0.6953125 0.2328125 0.3125
5 0.6665625 0.6665625 0.634365 0.265