3 0.3512240631906656 0.16666950068556684 0.01582498689965162 0.034465903590696286
0 0.3163268984244348 0.13234268386485832 0.06588166483062288 0.1519988362358216
6 0.3665625 0.128125 0.084365 0.21865
6 0.03046865 0.109365 0.0609365 0.21865
5 0.04453125 0.184365 0.0890625 0.36865
5 0.34665625 0.19140625 0.1421865 0.3546865
4 0.45 0.19140625 0.0625 0.3546865
5 0.94365 0.1125 0.1125 0.225
5 0.48125 0.184365 0.125 0.36865
1 0.63203125 0.8421865 0.4140625 0.315625
2 0.6063898588040398 0.513624600121636 0.41866013816089814 0.255552125864258
5 0.609365 0.684365 0.58125 0.63125