0 0.8961643893492484 0.3916366685885036 0.03455680618159222 0.031649989336999684
3 0.8936342869881162 0.4236962005888216 0.01631466502611463 0.02206499466899989
6 0.9122296508836628 0.4501405245862664 0.06300906010845856 0.08822625334181666
5 0.8940291966262325 0.49019335992204904 0.10661355386194253 0.23561133068109025
6 0.15625 0.834365 0.3125 0.33125
5 0.165625 0.834365 0.33125 0.33125
0 0.6832098613952665 0.6538365945655956 0.02210225896699054 0.039316038669636165
0 0.6631866420049682 0.8384388612349136 0.02210225896699054 0.039316038669636165
4 0.6656905662386363 0.6938803392345954 0.030068385440423536 0.06653294533636351
4 0.6549889016440844 0.9049360169026408 0.02860668903121965 0.08313966400381698
5 0.6633513684684013 0.8103138612349136 0.054006664830622885 0.15218066534054522
5 0.6453125 0.90859365 0.065 0.1828125
3 0.6614661606210649 0.865800692568459 0.010992042154466666 0.00950226933481808