6 0.2608428285625953 0.6306309505188518 0.022202264003816963 0.028252265026114633
2 0.2656831612428669 0.6041366342620632 0.011046588001262539 0.009438632513556366
2 0.20041105521964156 0.8648622246193488 0.014206950668363622 0.01258181323161641
2 0.12486616255563235 0.8541088423039863 0.014262494668999893 0.01626931323161641
3 0.12861686122059615 0.8664128182016861 0.009446625334181811 0.0063045421544668435
3 0.20489856055064165 0.8920669956965864 0.00948408800126254 0.009429542154466843
5 0.26141328456195884 0.6353639083643642 0.046646604010181025 0.06526261066238851
5 0.21694402621200562 0.9312122186692244 0.06560691335136286 0.1331852046222643
6 0.13528549454968625 0.8986036248165446 0.03508406200826222 0.06113648689965162
6 0.21942413621359646 0.9195061042068439 0.03986246866599956 0.06896625896699054
6 0.3421531125466681 0.9139606963955939 0.03820906200826221 0.06115566861691066
0 0.34563264588641416 0.8649263681136533 0.014226132001908809 0.01414431323161641
5 0.3412900465468236 0.9209964022160541 0.05132623634881643 0.1143533914905469
5 0.1328125 0.92109365 0.059365 0.1568125
