5 0.23828125 0.02109365 0.1515625 0.0421865
3 0.05636512100248412 0.21664312021691616 0.02364656825883123 0.03606385538619425
0 0.05391429859638536 0.14005689431921816 0.08035109621281214 0.11452610831306051
0 0.3390625 0.440625 0.065 0.096865
6 0.43984365 0.42421865 0.1609365 0.1296865
6 0.0421865 0.34365 0.084365 0.290625
5 0.0546865 0.284365 0.109365 0.409365
5 0.42890625 0.42265625 0.2515625 0.1328125
6 0.05356691354964526 0.6624604185196149 0.03952610831306049 0.06991465896699055
2 0.046604163451549396 0.6065903060833965 0.01884999394986581 0.01629658430895533
3 0.05060189842443465 0.6294834868015556 0.01566954215446661 0.009465903590696288
5 0.05805533529091406 0.6084351895969538 0.08096833098930564 0.2223386083130606
5 0.6515625 0.61640625 0.034365 0.2109365
4 0.8460143369231928 0.8355609030998169 0.02531816256668683 0.05483294564526413
2 0.8410634101318996 0.6824095416634984 0.012590903590695932 0.015696622862636886
5 0.8468955818630686 0.8183869482693566 0.03646383118569649 0.09239656825883114
