3 0.42863456493918143 0.03320196554596651 0.04093406220860695 0.05336134933606006
6 0.40625 0.2296865 0.10625 0.33125
5 0.3634365 0.29453125 0.161865 0.5890625
4 0.1603890959182245 0.8083448068860048 0.05180693969514966 0.04248648184962643
4 0.21965500555914484 0.8061266405320302 0.04561248184962643 0.05182612041330899
2 0.21562604166169425 0.6688236646343312 0.02195681323161659 0.01418966502611463
2 0.15546888212066385 0.6600362858096659 0.02666249394986581 0.016342036104353465
5 0.15569249950902066 0.8239425358096658 0.06565449980360834 0.1301238362358216
5 0.21433625253408268 0.8156896642652515 0.06155564441641399 0.106604524004105
0 0.6895094902364426 0.9263661894005621 0.006304542154466666 0.009411361436318443
6 0.6856066693668582 0.944323213502863 0.006939665026114632 0.021920451695396966
5 0.6864653938282389 0.9419840086824026 0.01426156825883132 0.03601931323161641