4 0.6651980461244464 0.4596629029034252 0.12420109016268685 0.1319681383662896
2 0.6606264860159888 0.3621810896616086 0.04231466502611463 0.022120439695149586
5 0.66640625 0.496865 0.1828125 0.284365
5 0.65625 0.03125 0.13125 0.0625
2 0.14881062560311148 0.6992248568220812 0.058066030054229286 0.04408634328594586
1 0.12563229468665635 0.6608062524358869 0.03154089149054663 0.050181806181592396
3 0.06421865 0.66953125 0.0609365 0.0609365
4 0.15029646843168182 0.8203231530016211 0.06613406010845856 0.08688169508134411
4 0.0568125 0.81953125 0.115625 0.3609365
5 0.19453125 0.81953125 0.3890625 0.3609365
5 0.14924606283893308 0.6642248568220812 0.10642265632126069 0.2021806444164139
2 0.6623482195529863 0.6532660644482022 0.3854649334486336 0.1912986283335859
5 0.69453125 0.81953125 0.6109365 0.3609365