6 0.64296865 0.09921865 0.0921865 0.1984365
6 0.3453125 0.15835948418631843 0.190625 0.21516152380661343
0 0.45390625 0.08008501414335186 0.0890625 0.14583065046653826
3 0.434365 0.13309638465485668 0.03125 0.05955680618159222
5 0.38515625 0.1665625 0.3421865 0.346865
5 0.62634365 0.165 0.1234365 0.35
4 0.23661865 0.4421865 0.3161865 0.184365
5 0.253125 0.665 0.50625 0.65
0 0.64365 0.5661865 0.109365 0.0865
3 0.6265625 0.6205680618159236 0.0484365 0.04615680113146803
4 0.88046865 0.653125 0.2390625 0.234365
5 0.84453125 0.61696865 0.3109365 0.5640625