5 0.88515625 0.28984365 0.1828125 0.5568125
5 0.809365 0.04296865 0.0365 0.0859365
5 0.9035143226968821 0.050606592402183105 0.016532933645025395 0.05946499394986581
4 0.9042183046456055 0.06389238658162286 0.016368396540662098 0.03291249394986581
4 0.8065984161820239 0.05606424013924668 0.01582498689965162 0.034465903590696196
2 0.81161865 0.00625 0.0265625 0.0125
2 0.9059306956605192 0.03812022694080248 0.01629658430895533 0.01884999394986581
2 0.8620898920696229 0.053490696886563194 0.09268646964936905 0.08646383118569649
2 0.6921223048439013 0.12808616690653019 0.10993860226293624 0.0965113251355633
2 0.64453125 0.0068125 0.0328125 0.015625
2 0.6366580939633168 0.10921293616910824 0.09894656010845856 0.08806269262201593
1 0.56161865 0.01865 0.0265625 0.0365
1 0.5140625 0.06265625 0.090625 0.1453125
1 0.6480819342342006 0.042860318692665596 0.023582945645263955 0.025136355386194253
1 0.6236216626866195 0.20132661330646134 0.061436469649369046 0.0862920240041051
1 0.8624501542681662 0.15266308040013055 0.0645988311856965 0.09256020462226431
1 0.8156320068356913 0.2501020664632643 0.08349426693096126 0.11666928903121965
4 0.8984365 0.36890625 0.121865 0.3696865
4 0.80390625 0.44453125 0.2234365 0.2484365
4 0.640625 0.3984365 0.16865 0.340625
4 0.5365 0.32890625 0.1365 0.4696865
4 0.5643535426436528 0.09244306181592352 0.03946156615858266 0.06053965896699054
1 0.88661865 0.91015625 0.2265625 0.1696865
2 0.8603125 0.6661865 0.259365 0.196865
5 0.634365 0.684365 0.53125 0.43125