3 0.6921865 0.02634365 0.25625 0.0546865
6 0.6865 0.32265625 0.425 0.3546865
5 0.6546865 0.25 0.490625 0.5
4 0.4046865 0.596865 0.209365 0.19365
5 0.3161865 0.63661865 0.25625 0.4634365
5 0.38046865 0.65 0.2568125 0.5
4 0.5950336814055304 0.6639163064942213 0.0946316586805986 0.169295421544666
4 0.6140625 0.9365 0.11865 0.125
3 0.5650846956686151 0.6112981318261863 0.028369530054229284 0.04391362646343318
3 0.665056003810629 0.8509469599868216 0.016423849336060062 0.04062499394986581
2 0.6966269966623089 0.6690384298343964 0.06616155405833438 0.1051329265949012
2 0.5631501119262968 0.6409619962865668 0.04622043364502539 0.05964661066238851
5 0.5953125 0.80390625 0.1125 0.3921865
5 0.69609365 0.85546865 0.1603125 0.2890625
