6 0.2828125 0.309365 0.361865 0.61865
3 0.43203125 0.03359365 0.0634365 0.0661865
5 0.28125 0.309365 0.365 0.61865
1 0.66568125 0.40068125 0.4484365 0.2640625
2 0.634365 0.16484365 0.53125 0.2265625
4 0.634365 0.51015625 0.53125 0.2161865
5 0.634365 0.31328125 0.53125 0.6109365
3 0.0661865 0.6890625 0.1109365 0.0953125
4 0.09921865 0.865 0.1984365 0.25
5 0.15234365 0.809365 0.3046865 0.38125
0 0.9046865 0.8696865 0.061865 0.1046865
3 0.8953125 0.93046865 0.0234365 0.0546865
6 0.9568125 0.93984365 0.084365 0.1203125
5 0.92634365 0.9140625 0.1453125 0.161865