0 0.34248136402654625 0.21696865 0.06252950585363234 0.1125
3 0.30612513612669463 0.25234365 0.02852496569950324 0.06865
0 0.25484046346181216 0.2421865 0.03469316256668665 0.0546865
6 0.2446926929400446 0.365 0.0660816526304645 0.1859365
6 0.2895680460633025 0.4484365 0.1486385236113216 0.3203125
5 0.2859365 0.35625 0.209365 0.60625
5 0.2390625 0.4015625 0.146865 0.515625
4 0.33828125 0.8296865 0.2640625 0.340625
4 0.06328125 0.8296865 0.1265625 0.340625
0 0.1161865 0.8296865 0.234365 0.340625
0 0.3328125 0.8296865 0.403125 0.340625
