0 0.1421865 0.0234365 0.1625 0.046865
3 0.12122205668880889 0.11358421438662583 0.059656695081343926 0.06596043364502549
6 0.1421865 0.16953125 0.284365 0.2203125
5 0.16265625 0.13984365 0.3453125 0.2696865
6 0.6908936864636958 0.06431315600864162 0.004632951695398144 0.006839661066238832
6 0.842496093089554 0.08104442515901433 0.004632951695398321 0.006839661066238832
6 0.8502914123613949 0.06686396336361628 0.006921584308955332 0.018695451695398054
2 0.9424425509350663 0.06108664216691883 0.004642042154466844 0.009402261066238834
2 0.8955630056555366 0.06056910295030634 0.004642042154466488 0.009402261066238834
2 0.8516620991396682 0.06380238300453664 0.0031604516953983213 0.006830680618159223
5 0.9425198189862532 0.0843688921669188 0.012645439695149584 0.042260222862636935
5 0.8963986969100143 0.06994955666066654 0.009546616822512698 0.029642042154466666
5 0.8518220961146163 0.06239613300453665 0.009520445645263666 0.02505454215446661
5 0.8424880026304645 0.06948192515901435 0.0063226228626368865 0.012536361436318488
5 0.696920391294156 0.06349100039268346 0.00691249394986581 0.016232951695398056
5 0.6900942556555366 0.06119260218818156 0.004642042154466666 0.009402261066238834
4 0.9425652606826513 0.09218139216691883 0.009502265026114632 0.021929542154466666
4 0.8956402638066134 0.08386035295030633 0.006921584308955332 0.018695451695398054
