0 0.2359365 0.34453125 0.01865 0.0296865
4 0.368125 0.33125 0.025 0.05625
0 0.3699831132638668 0.28984365 0.014298856336090696 0.0203125
5 0.36890625 0.31865 0.0390625 0.08125
4 0.6 0.1696865 0.6 0.359365
5 0.6 0.1696865 0.6 0.359365
5 0.190625 0.96634365 0.04365 0.0453125
4 0.184365 0.98828125 0.01865 0.0234365
6 0.1610622846116298 0.6453125 0.01293635200509069 0.0365
0 0.16990239194682056 0.625 0.009484088001262616 0.009365
5 0.1640336526098208 0.659365 0.02282042934436319 0.08125
2 0.5061638052594125 0.56015625 0.03310340133662606 0.025
3 0.5042922225891399 0.58661865 0.01633295066836362 0.0125
4 0.4882126892505038 0.62568125 0.04160669201145392 0.084365
5 0.5166546412466402 0.646865 0.1039260633609068 0.203125