5 0.28199126009066665 0.39921865 0.052598836012090366 0.0890625
4 0.28816663542326863 0.39365 0.022293160661545326 0.0359365
6 0.2698816880569519 0.15068125 0.01606135200509069 0.0365
0 0.2694890806208612 0.13046865 0.00948408800126254 0.009365
5 0.26668338862531545 0.16328125 0.02650692934436319 0.08125
1 0.8156101026211693 0.1953125 0.20946809603654354 0.2665625
2 0.640625 0.021865 0.168125 0.04365
5 0.68661865 0.3046865 0.4265625 0.609365
4 0.85390625 0.45234365 0.2921865 0.3140625
1 0.2 0.8421865 0.4 0.315625
5 0.2 0.8046865 0.4 0.390625