0 0.18544556884800641 0.10326606192863056 0.018904536104353466 0.026680666002545346
0 0.240805244539051 0.12136063458686626 0.018895445645263954 0.025218166002545344
3 0.18221603961859064 0.12126118459582142 0.006866042154466843 0.009465906666626165
4 0.16964331684595385 0.133916635264185 0.033056939695149585 0.04256930800445433
4 0.24130469340658286 0.16969904392109456 0.028469524004105094 0.06126466400381696
5 0.24521548858612262 0.1689623405862309 0.05853063836628961 0.12411020934118148
5 0.16421264216691882 0.15416459126354868 0.06641586123992668 0.13660111600890866
2 0.349612616966422 0.6461962432368226 0.029823855386194253 0.023682945336363515
2 0.5233662386835144 0.9592224338696328 0.018840903590696286 0.015843166002545433
2 0.56890625 0.96953125 0.0203125 0.0161865
4 0.5234365 0.98828125 0.015625 0.0234365
5 0.568125 0.96421865 0.021865 0.0328125
5 0.51696865 0.965 0.0265625 0.05
6 0.345351843963316 0.8081691965606863 0.06666928903121965 0.08359429634245402
6 0.015625 0.88828125 0.03125 0.1421865
3 0.3424166415139889 0.6654030592366661 0.020430664668035033 0.020548856336090698
5 0.34856229264365286 0.6916365839035954 0.09910109621281223 0.11520692401336308