0 0.129255186062861 0.15390625 0.06564541549465283 0.1109365
0 0.02109365 0.1068125 0.0421865 0.096865
3 0.02669681362450001 0.190625 0.02666156825883123 0.0359365
3 0.15543589198152606 0.21953125 0.022064986899651618 0.034365
6 0.2125 0.29453125 0.161865 0.2484365
6 0.0453125 0.3 0.090625 0.2365
5 0.1015625 0.23828125 0.203125 0.3609365
5 0.234365 0.24609365 0.29365 0.3453125
0 0.65 0.184365 0.18125 0.215625
3 0.6652388109922214 0.35546865 0.11621586334016506 0.1015625
5 0.8296865 0.23203125 0.340625 0.3634365
1 0.8296865 0.8609365 0.340625 0.268125
2 0.80068125 0.659365 0.2828125 0.19365
5 0.8296865 0.63046865 0.340625 0.5390625