1 0.33625916598563216 0.16635865416996136 0.033056939695149665 0.04236839654066192
1 0.31040519311299525 0.1800086451046851 0.014144313231616586 0.014144313231616586
1 0.24563363905466086 0.2850688498260494 0.03685452400410509 0.061155668616910844
1 0.04920861686922613 0.22605698506108119 0.03146816861691082 0.0366818061815924
0 0.04006996621529619 0.18548652622555895 0.04564884328594586 0.058066120413308986
0 0.12144268606286105 0.1639210685534188 0.04564884328594586 0.058066120413308896
0 0.23966544018612903 0.23666661126336686 0.059838608313060426 0.08003293364502548
0 0.4158365816666666 0.18564504586691086 0.05829428903121965 0.08314884328594588
0 0.3262023285534188 0.1126256963344491 0.04564884328594586 0.058066120413308896
0 0.3064801810126468 0.14565182582294428 0.03310339149054663 0.050190896540661964
6 0.3466096503926834 0.21338422648686425 0.09644669262201594 0.09900110226293624
6 0.46865 0.296865 0.0625 0.225
6 0.19606400663929936 0.3611364461380564 0.13864536919390666 0.2148624515990063
6 0.14469685295030634 0.31221666698668464 0.12296493344863362 0.1896615480082102
6 0.0568125 0.3109365 0.115625 0.184365
5 0.0828125 0.32890625 0.165625 0.3609365
5 0.15859365 0.31696865 0.1890625 0.3828125
5 0.22421865 0.3515625 0.2484365 0.315625
5 0.30160690398356963 0.19802639206962295 0.06643516446164336 0.1504454265949013
5 0.3299591690106943 0.16598866561628982 0.14168856596219108 0.2008181323161656
5 0.4421865 0.3161865 0.115625 0.384365
5 0.6690120566606665 0.3302535639190866 0.016451120413308985 0.04541249394986581
3 0.12169616535540608 0.5311631206068966 0.03926156825883123 0.03616465896699054
3 0.1665625 0.51328125 0.028125 0.0068125
3 0.23203125 0.52109365 0.0296865 0.0234365
6 0.1320246212960616 0.6356869881943392 0.16004992134838534 0.2244192586805986
6 0.18949220853289334 0.5604551900869331 0.08018646964936896 0.08640110831306061
6 0.25091096668326595 0.6116586209042882 0.1433601563212606 0.20238962266624522
6 0.31484365 0.56634365 0.1296865 0.1359365
6 0.4015625 0.58359365 0.13125 0.1484365
6 0.46696865 0.5603125 0.0640625 0.121865
5 0.15068125 0.6453125 0.2609365 0.461865
5 0.20390625 0.69140625 0.1453125 0.3640625
5 0.26161865 0.62421865 0.2203125 0.4296865
5 0.32890625 0.684365 0.1859365 0.35
5 0.359365 0.646865 0.140625 0.265
5 0.41015625 0.69453125 0.1696865 0.3603125
5 0.4365 0.65625 0.125 0.29365
5 0.45390625 0.6328125 0.0921865 0.246865
5 0.45390625 0.6665625 0.0921865 0.334365
