5 0.209365 0.259365 0.41865 0.51865
2 0.66015625 0.068125 0.4828125 0.15625
3 0.665 0.3421865 0.5125 0.265625
5 0.609365 0.259365 0.58125 0.51865
4 0.30638691802863566 0.9246842930382404 0.015661355386194255 0.023528403590696286
2 0.3101659933606006 0.9044490661405414 0.006866042154466666 0.009420451695396966
5 0.30556030659241624 0.9185388382166802 0.02991465896699054 0.0392352168225126
6 0.866422580694618 0.8292132386853185 0.036336465699503235 0.06895906825883114
0 0.889545330692914 0.6642966658126816 0.022093168616911016 0.036626265026114634
5 0.85390625 0.86696865 0.1015625 0.2640625
