4 0.13046865 0.42634365 0.2609365 0.2046865
5 0.196865 0.26484365 0.39365 0.5296865
6 0.60234365 0.06421865 0.1859365 0.1484365
5 0.6015625 0.26484365 0.196865 0.5296865
0 0.48125 0.6365 0.0365 0.065625
0 0.20600644056891243 0.8835689405689126 0.06361021066238851 0.0463022468666418
4 0.20625 0.95390625 0.1625 0.0921865
3 0.48828125 0.66568125 0.0234365 0.0390625
5 0.465625 0.80068125 0.06865 0.3984365
5 0.20625 0.92421865 0.228125 0.1515625
5 0.99365 0.91865 0.0125 0.15625
6 0.5265603559653694 0.6203841811109426 0.02064884328594586 0.05693066466803503
0 0.5223461360295986 0.6666659963666214 0.014161584308955331 0.018831813231616586
5 0.5282269664868643 0.6399108859314028 0.030586445548882108 0.1548602168225126