2 0.16933603389564112 0.19501496980652394 0.03482953333863605 0.03926248689965162
4 0.1640625 0.2696865 0.05625 0.1
5 0.161865 0.2484365 0.11865 0.1625
4 0.1994234565961396 0.6284360546456054 0.19164424936345315 0.2229649334486339
0 0.2566012519494114 0.48123934699836906 0.14460452266663584 0.06426381303532492
3 0.29966853994262985 0.5302035669441496 0.04106953333863605 0.039298849336060064
3 0.49230348929822886 0.36581329313643635 0.058303396005626134 0.04252384328594586
2 0.44921865 0.34665625 0.0634365 0.0359365
5 0.46890625 0.48203125 0.2203125 0.3046865
5 0.2936905299162666 0.6166262928418486 0.46646459864281465 0.5636191559284861
2 0.8029468985916854 0.816413196334449 0.016460220003181603 0.02353649394986581
3 0.8050552912555945 0.8366120606958296 0.012609088001262806 0.009446622862636889
4 0.8080065685869128 0.8525366300666605 0.031622614662181594 0.04080680618159222
5 0.802038831914413 0.8955381963344491 0.06669666202418063 0.16850669508134384