0 0.4108482353596351 0.12348952144331311 0.025262620003181603 0.023628401336626156
0 0.29952892635518083 0.08938614666158654 0.019066264003816964 0.028343166002545344
6 0.42265625 0.1828125 0.0328125 0.068125
6 0.3303603946928624 0.12166193266562263 0.04923646866599956 0.06931362133990866
5 0.32605561203054406 0.15364863866508638 0.0622396213558161 0.166443160009545
5 0.4015625 0.20859365 0.065 0.2015625
4 0.9281908240362255 0.16266655140036056 0.014316038669636161 0.022038632001908986
2 0.9248203660343621 0.1416464386332696 0.011064669334818082 0.011064669334818082
5 0.9304436663694984 0.15499132340066863 0.028634066339262323 0.04406626400381696
0 0.38359365 0.45546865 0.1109365 0.1890625
0 0.153125 0.4 0.168125 0.18125
3 0.15931464938631564 0.5636129566154523 0.10485222668681622 0.14963646801399935
3 0.4046865 0.65603125 0.06865 0.1161865
4 0.3865 0.859365 0.103125 0.28125
4 0.15603125 0.80234365 0.3046865 0.3953125
5 0.16568125 0.6546865 0.3515625 0.690625
5 0.35068125 0.66634365 0.1665625 0.6453125
