6 0.8890625 0.2546865 0.221865 0.509365
5 0.60859365 0.2546865 0.1161865 0.509365
5 0.8696865 0.2546865 0.240625 0.509365
6 0.03359365 0.82568125 0.0661865 0.3484365
6 0.3921865 0.89140625 0.33125 0.2161865
0 0.46560566146002223 0.6393469269121859 0.2060146924256241 0.23050665469445316
0 0.02265625 0.55859365 0.0453125 0.0984365
3 0.4950963139190866 0.8241496419080496 0.0880363311856965 0.093205654668545
5 0.1068125 0.6546865 0.215625 0.490625
5 0.42890625 0.6546865 0.4421865 0.490625
6 0.66484365 0.609365 0.2296865 0.4
5 0.825 0.6546865 0.35 0.490625