5 0.1865 0.15234365 0.25625 0.3046865
0 0.38125 0.11894842525621021 0.025 0.040660445645263866
0 0.434365 0.26488935304850326 0.0234365 0.03451135538619425
0 0.3515625 0.2365 0.025 0.040625
6 0.4296865 0.2881968641256421 0.0365 0.05803066861691084
6 0.3625 0.253125 0.046865 0.08125
6 0.36890625 0.14318081069582966 0.0484365 0.0668443011314682
5 0.38125 0.1683234252562102 0.0665625 0.1613829265949012
5 0.36634365 0.2665625 0.0665625 0.128125
5 0.43359365 0.30848664822804303 0.0640625 0.10193520462226432
0 0.2634365 0.5463360039088249 0.034365 0.03144998689965162
3 0.2603125 0.5668229346269841 0.01865 0.02198408430895533
6 0.2859365 0.603513281036188 0.0640625 0.08631020462226432
5 0.26640625 0.6411269105246832 0.1125 0.22621600585363253
5 0.66953125 0.68984365 0.6609365 0.6203125