4 0.66568125 0.065625 0.1568125 0.13125
5 0.62421865 0.21953125 0.2890625 0.4390625
0 0.5225066346469509 0.93828125 0.03159544533636351 0.0296865
0 0.24319130464216836 0.903125 0.0458215663392625 0.04365
0 0.20554585406381463 0.890625 0.03166816066154533 0.0359365
0 0.1615602960693605 0.8568125 0.04585694000636341 0.046865
0 0.06550210940481489 0.8634365 0.030086489336999683 0.034365
0 0.0494406563996242 0.8359365 0.03166816066154524 0.0359365
0 0.00625 0.90068125 0.0125 0.0265625
3 0.1555549446405865 0.89140625 0.012663632001908986 0.0140625
3 0.2064619806446236 0.921865 0.018986356336090696 0.0203125
3 0.23262651941435996 0.94365 0.020566038669636162 0.021865
1 0.516611160651086 0.96865 0.022093166002545255 0.01865
6 0.2609365 0.965625 0.08125 0.06865
6 0.203125 0.959365 0.05625 0.08125
6 0.159365 0.9484365 0.065 0.103125
6 0.06953125 0.98359365 0.0359365 0.0328125
6 0.04140625 0.93828125 0.0634365 0.1234365
5 0.0453125 0.90625 0.090625 0.1865
5 0.0609365 0.92634365 0.096865 0.1453125
5 0.1484365 0.91484365 0.11865 0.1603125
5 0.1984365 0.934365 0.0865 0.13125
5 0.246865 0.940625 0.128125 0.11865
5 0.49921865 0.9568125 0.1161865 0.084365
6 0.9390625 0.54365 0.121865 0.1865
5 0.91015625 0.6828125 0.1696865 0.465625