6 0.18828125 0.19140625 0.3665625 0.3828125
5 0.325 0.24453125 0.65 0.4890625
0 0.6640625 0.32109365 0.028125 0.0265625
3 0.6625 0.34296865 0.025 0.0109365
6 0.66568125 0.3953125 0.0515625 0.084365
5 0.61328125 0.396865 0.1265625 0.184365
6 0.26865 0.84665625 0.29365 0.3046865
5 0.240625 0.64453125 0.365 0.5109365
0 0.2696865 0.54453125 0.161865 0.1109365
3 0.26640625 0.6626696194064056 0.0828125 0.13533861066690856
5 0.653125 0.64453125 0.20625 0.5109365
5 0.9234365 0.64453125 0.153125 0.5109365
3 0.903125 0.5662036626561666 0.03125 0.06286362666090888
3 0.6546865 0.6114140460693605 0.05 0.04901930266345413
2 0.6568125 0.51640625 0.065 0.0546865
2 0.9421865 0.50068125 0.084365 0.0234365
4 0.940625 0.8 0.11865 0.4
4 0.64296865 0.8140625 0.1568125 0.361865