5 0.360144696984669 0.4896958365484506 0.039580650466538094 0.08928965896699054
6 0.3648049269065303 0.4851356066256895 0.016368396540662098 0.03291249394986581
1 0.85 0.46640625 0.3 0.3265625
2 0.8696865 0.2203125 0.240625 0.25
5 0.64453125 0.3359365 0.5109365 0.5865
0 0.9109365 0.6640625 0.090625 0.06865
2 0.6865 0.65234365 0.0865 0.0453125
3 0.660661806690613 0.6293562645361353 0.04626496569950324 0.0690226106623885
3 0.8981562615110632 0.6293659661351416 0.04556603005422946 0.04401362041330881
4 0.96865 0.89609365 0.0625 0.2068125
4 0.864563122651 0.86511346823539 0.1640180899662962 0.2618828963442803
4 0.668125 0.8609365 0.165 0.268125
4 0.56640625 0.81484365 0.1546865 0.3603125
5 0.60546865 0.81484365 0.2328125 0.3603125
5 0.60390625 0.81484365 0.3421865 0.3603125
5 0.8421865 0.81484365 0.315625 0.3603125
5 0.92568125 0.821865 0.1484365 0.35625