5 0.24365 0.221865 0.18125 0.44365
5 0.382120212815492 0.23943828623645889 0.16543636899651582 0.34566812802354445
5 0.4365 0.15625 0.125 0.3125
4 0.4328645804983264 0.09821330323045921 0.05686814441641408 0.10690452800663595
4 0.35446193568632464 0.18641261056450426 0.059938602262936416 0.09656589066462603
4 0.26538842368426225 0.15686211691854915 0.08864538524403186 0.196893154668545
3 0.4442868938282389 0.04629569322886844 0.02198408430895533 0.01900453866963616
3 0.3861941135666168 0.1339149932368226 0.009446622862636889 0.012609088001262616
3 0.2544486890066686 0.05028596525463994 0.022064986899651618 0.03462953866963616
0 0.45234365 0.01328125 0.0359365 0.0265625
0 0.38132935156556525 0.10350068623645888 0.050362604622264315 0.06464430266345414
0 0.2603125 0.01328125 0.061865 0.0265625
4 0.86640625 0.068125 0.2661865 0.15625
5 0.684365 0.2265625 0.43125 0.453125
0 0.6192253030663658 0.9162693426559549 0.012581813231616588 0.014206950668363622
4 0.6162456488216496 0.941305605323046 0.02051248689965162 0.03461135633609098
5 0.6162265681034904 0.938180605323046 0.025345433645025395 0.059665901336626244