0 0.21061666863954684 0.4245963934196688 0.06922269866214012 0.08204996866599956
4 0.20603125 0.53359365 0.1109365 0.0921865
5 0.19296865 0.4696865 0.1665625 0.2
1 0.6659646091968232 0.4616242260900413 0.1336215419580859 0.14060691335136286
2 0.6528381328081449 0.14102082465331418 0.09258646569950324 0.06982269866918126
3 0.6066660064429066 0.23346140664626904 0.04861930113146803 0.04900112133990866
3 0.5899052989901689 0.4821168963981334 0.08643646964936905 0.08693646334499946
2 0.6068125 0.26109365 0.196865 0.1609365
2 0.6661018136226958 0.2668642260900413 0.14463166483062288 0.15323518268618094
4 0.9625 0.40546865 0.065 0.3484365
5 0.90603125 0.28984365 0.1859365 0.5696865
5 0.640683039522199 0.19869696465162338 0.12611811416669294 0.19364200668363551
5 0.66568125 0.36634365 0.4484365 0.4046865
5 0.66865 0.35068125 0.31865 0.4568125
6 0.25625 0.6921865 0.228125 0.225
5 0.25234365 0.68984365 0.5046865 0.4203125