4 0.1068125 0.66421865 0.215625 0.4515625
5 0.1634365 0.609365 0.346865 0.58125
0 0.9581261591499411 0.6934889839909266 0.06842498184962643 0.05201601695398091
0 0.6041481862663041 0.6695118006404889 0.09251465292686635 0.056686331185696494
0 0.99296865 0.69365 0.0140625 0.021865
3 0.9388322584860112 0.6340003545024315 0.039198855386194255 0.02366465896699054
3 0.6996960356133643 0.62010952956325 0.039198855386194255 0.02366465896699054
6 0.6814288246445939 0.8028129452542945 0.13536584913966822 0.16109426088084608
6 0.9421865 0.83125 0.115625 0.1865
4 0.98984365 0.65234365 0.0203125 0.0603125
5 0.9921865 0.621865 0.015625 0.068125
5 0.93125 0.83125 0.1365 0.3365
5 0.6640625 0.8234365 0.190625 0.353125