1 0.884365 0.165 0.23125 0.221865
2 0.80625 0.04921865 0.3865 0.0984365
4 0.634365 0.46890625 0.53125 0.2609365
5 0.634365 0.3046865 0.53125 0.609365
5 0.86865 0.8046865 0.215625 0.390625
5 0.66109365 0.8046865 0.1696865 0.390625
5 0.54609365 0.8046865 0.1546865 0.390625
3 0.5596896591499411 0.6066504966803503 0.046120439695149584 0.042460210662388506
3 0.6118106953524904 0.6692555566906131 0.03162260462226432 0.0642443061815924
3 0.8659532946885605 0.6106659560599554 0.051844301131468026 0.04863648184962643
2 0.8640625 0.625 0.068125 0.03125
2 0.5453125 0.628125 0.068125 0.0365
4 0.55 0.865625 0.109365 0.26865
4 0.66328125 0.8453125 0.1328125 0.309365
4 0.865 0.865625 0.159365 0.26865