0 0.3125 0.2125 0.0125 0.05
5 0.10603125 0.0625 0.1109365 0.125
1 0.6984365 0.43046865 0.603125 0.1390625
2 0.65546865 0.1890625 0.659365 0.309365
5 0.659365 0.25 0.68125 0.5
0 0.04453125 0.5484365 0.0890625 0.096865
0 0.12265625 0.5634365 0.0609365 0.0625
0 0.26568125 0.525 0.0859365 0.05
3 0.0609365 0.62265625 0.0484365 0.053125
3 0.14665625 0.6265625 0.021865 0.028125
3 0.3125 0.5640625 0.0125 0.03125
4 0.26953125 0.628125 0.0984365 0.268125
4 0.1625 0.6515625 0.1203125 0.2046865
4 0.08203125 0.8109365 0.1640625 0.34365
5 0.10390625 0.65 0.2068125 0.5
5 0.161865 0.665625 0.221865 0.46865
5 0.2546865 0.65 0.128125 0.5
5 0.4203125 0.65 0.203125 0.5
5 0.36109365 0.65 0.1046865 0.5
5 0.5865 0.65 0.328125 0.5
5 0.66265625 0.65 0.3568125 0.5
5 0.9 0.640625 0.2 0.48125
4 0.93125 0.621865 0.1365 0.24365
4 0.65546865 0.6234365 0.2265625 0.246865
4 0.56953125 0.59365 0.1696865 0.1865
4 0.38984365 0.64453125 0.1421865 0.2890625
4 0.3390625 0.60859365 0.040625 0.4161865