2 0.95234365 0.22265625 0.0953125 0.2921865
5 0.834365 0.23125 0.33125 0.315625
3 0.3554651039545021 0.4545200366009121 0.08495680266345414 0.05098169201145392
3 0.634365 0.42109365 0.06865 0.0453125
3 0.05620180995386564 0.46268926196486466 0.09646498400699968 0.05268964266981654
0 0.33661865 0.403125 0.1634365 0.028125
6 0.59921865 0.5828125 0.1390625 0.3125
6 0.381836514600594 0.6056552625960942 0.33316831604062534 0.30383626136808883
6 0.12421865 0.64609365 0.2484365 0.3568125
5 0.5634365 0.69453125 0.190625 0.6109365
5 0.4125 0.69453125 0.49365 0.6109365
5 0.16953125 0.69453125 0.3390625 0.6109365
