6 0.1903220356133642 0.1389231620668063 0.1632112826846038 0.23068643949865692
3 0.18262263816089804 0.04122600546094901 0.04094316256668665 0.054923849336060064
5 0.19609365 0.31953125 0.2640625 0.6390625
4 0.2011651286046324 0.8668112313586481 0.15664991529826116 0.2415340359069618
4 0.465 0.965625 0.028125 0.06865
4 0.36953125 0.9365 0.2015625 0.125
5 0.16696865 0.8625 0.3359365 0.265
0 0.26421002926866244 0.8265543909013625 0.03691815651666228 0.06209316861691093
0 0.30121058040013055 0.8662055143396436 0.048692030054229285 0.044031801131468026
0 0.32599695696165956 0.8396322100850164 0.026835210662388506 0.0460295361043533
0 0.36615551636480564 0.6328963966551051 0.1255181504665381 0.08968962862636941
0 0.4453125 0.8203125 0.0865 0.061865
0 0.468125 0.865625 0.021865 0.0625
3 0.48046865 0.9265625 0.0161865 0.028125
3 0.454490116504484 0.903658869529546 0.04082498689965162 0.03461134933606006
3 0.36658218285945855 0.8438384419346449 0.06225669508134383 0.06604315651666228
5 0.26843615563209546 0.8556612041330891 0.052335180521666555 0.13311248184962643
5 0.30668842065921016 0.8666998305965223 0.03943520462226432 0.06428965896699055
5 0.36484365 0.84665625 0.2484365 0.3046865
5 0.44921865 0.86328125 0.0696865 0.1609365
5 0.46328125 0.91953125 0.0515625 0.1609365
5 0.4 0.8696865 0.168125 0.240625
5 0.60234365 0.853125 0.2265625 0.29365