1 0.3924993193825432 0.08966818266126261 0.10051016202418064 0.16869669262201593
4 0.3568125 0.38203125 0.2625 0.4140625
5 0.32568125 0.29453125 0.3265625 0.5890625
3 0.96161865 0.06161865 0.0665625 0.1234365
4 0.81484365 0.16568125 0.3453125 0.3515625
4 0.5421865 0.21161865 0.10625 0.4234365
5 0.56109365 0.29453125 0.1640625 0.5890625
5 0.8865 0.2828125 0.225 0.565625
5 0.69453125 0.29453125 0.4109365 0.5890625
1 0.25603125 0.646865 0.4640625 0.115625
4 0.24453125 0.69453125 0.4890625 0.4109365
5 0.24453125 0.69453125 0.4890625 0.4109365
5 0.5203125 0.65546865 0.0625 0.1109365