5 0.2921865 0.3046865 0.04365 0.028125
4 0.5953125 0.11161865 0.125 0.2234365
5 0.60859365 0.159365 0.2696865 0.31865
0 0.12109365 0.359365 0.2421865 0.08125
3 0.13828125 0.46161865 0.1984365 0.2859365
6 0.22634365 0.6015625 0.3640625 0.596865
5 0.2046865 0.659365 0.409365 0.68125
1 0.5218688313961689 0.5556205546228656 0.12020450668363551 0.12638168134945361
1 0.82634365 0.3661865 0.1484365 0.096865
3 0.5864385546024065 0.34669841661363886 0.0458215663392625 0.044266258662816864
3 0.6924640514003606 0.5660662892664122 0.06645338534362692 0.06645338534362664
2 0.6696865 0.3865 0.184365 0.1365
2 0.52109365 0.3828125 0.1328125 0.128125
4 0.665 0.6828125 0.325 0.434365
4 0.86421865 0.659365 0.2515625 0.68125
4 0.55546865 0.69453125 0.2859365 0.4109365
5 0.55546865 0.3609365 0.1140625 0.084365
5 0.56953125 0.659365 0.3203125 0.68125
5 0.61696865 0.659365 0.4859365 0.68125
5 0.8568125 0.659365 0.284365 0.68125