6 0.026636669465054105 0.5959694026291334 0.03321246569950324 0.06913180800445425
0 0.03651566956324994 0.5312538313961689 0.02209316861691084 0.03665453866963616
5 0.025 0.6365 0.05 0.26865
0 0.9265625 0.5140625 0.146865 0.15
0 0.5865 0.48661865 0.1365 0.0953125
0 0.6359365 0.46015625 0.05 0.0421865
2 0.6865 0.4634365 0.1 0.06865
3 0.6093805869412341 0.5350300653500902 0.029932939695149586 0.042532945336363515
3 0.54453125 0.61865 0.0515625 0.121865
3 0.6893589684316818 0.5861209286068163 0.042532933645025396 0.05986589600562696
4 0.8661865 0.85603125 0.265625 0.2859365
4 0.6845665505422929 0.6050260440404063 0.03346609621281204 0.11444430800445442
4 0.68359365 0.68125 0.1640625 0.4365
4 0.6546890626425415 0.6691419933561353 0.06205561416669295 0.1928965620082624
4 0.58046865 0.634365 0.1234365 0.36865
4 0.540625 0.84296865 0.04365 0.3140625
0 0.66865 0.46109365 0.053125 0.0640625
3 0.6625236666593934 0.5386632406906353 0.03616465896699054 0.03948066066154515
0 0.6343486606844554 0.5310158320336256 0.02054884933606006 0.040861356336090695
5 0.6584225958200286 0.6406635520369064 0.10625104166169434 0.2699681493465449
5 0.6625 0.53515625 0.065 0.1921865
5 0.60390625 0.61953125 0.1603125 0.5609365
5 0.568125 0.61953125 0.11865 0.5609365
5 0.6046865 0.61953125 0.253125 0.5609365
0 0.84296865 0.61953125 0.3140625 0.5609365
