2 0.6068125 0.3865 0.096865 0.096865
5 0.64609365 0.2953125 0.3634365 0.309365
5 0.26421865 0.625 0.5484365 0.55
4 0.18984365 0.66890625 0.3696865 0.4421865
1 0.1068125 0.561865 0.215625 0.24365
3 0.6166623992282321 0.88203125 0.006994313335454351 0.015625
2 0.9096956932288686 0.86634365 0.01266363200190881 0.0140625
2 0.9363309212285502 0.8696865 0.011082950668363623 0.0125
2 0.6053354598981865 0.8568125 0.015861356336090696 0.0203125
2 0.6153361685630503 0.86109365 0.012699994668999893 0.0161865
3 0.9080968332262665 0.8890625 0.00693966933481808 0.0109365
3 0.9338053568930958 0.8953125 0.006903406666626353 0.0068125
4 0.6021553685550961 0.9296865 0.02901588534362692 0.0665625
4 0.6936434345560505 0.92265625 0.01956816000954511 0.0603125
4 0.6899008165569595 0.90859365 0.022684066666262286 0.068125
2 0.6066343268962665 0.861865 0.009556813335454351 0.015625
5 0.68661865 0.921865 0.0609365 0.15625
5 0.6921865 0.93125 0.065625 0.1365
5 0.60859365 0.93203125 0.0661865 0.1359365
5 0.925 0.934365 0.05 0.13125
5 0.903125 0.934365 0.05625 0.13125