0 0.5381963532448949 0.6019296166810303 0.029851126463433166 0.028296616822512696
0 0.8241439436039645 0.5986035820694603 0.04242384933606006 0.040860439695149585
0 0.8648143953993625 0.5906546326333902 0.029886486899651618 0.034546616822512696
0 0.9032638160423455 0.5615256689359396 0.04244203005422946 0.04399543969514959
0 0.996865 0.5890625 0.00625 0.034365
3 0.9146634886835144 0.5963950912428425 0.012581813231616665 0.014135222862636886
3 0.8591592930382405 0.6226166989901688 0.01629658430895533 0.01884999394986581
3 0.8309296539088248 0.6408501654536019 0.01886816466803521 0.020421584308955333
1 0.5403638412428424 0.6323846322424109 0.02042158430895551 0.01886816466803503
6 0.533618410622869 0.6003898436686293 0.05366041549465282 0.11124656220860696
6 0.6946422650842596 0.6012155036124332 0.06959540339440436 0.14561246569950325
6 0.8549166996522946 0.6805530248868668 0.04654668656189165 0.1158966106623885
6 0.902636582265852 0.6693382689359396 0.06635222862636959 0.12538169508134384
6 0.98515625 0.6234365 0.0296865 0.068125
5 0.990625 0.640625 0.01865 0.41865
5 0.9696865 0.6453125 0.040625 0.346865
5 0.9045566305686496 0.6419808833963202 0.08363166406886003 0.4098466986621401
5 0.8513599066960128 0.6546899556060261 0.05528850546094901 0.362184062208606
5 0.6996065041052165 0.6606149364556546 0.09444190905164529 0.38803633118569646
5 0.545200811286809 0.6409466659856322 0.09088966216500313 0.31458065046653825