0 0.25 0.02568125 0.065 0.0515625
3 0.35859365 0.02836496456832223 0.0265625 0.03680908266026261
3 0.225 0.06429446859645669 0.0203125 0.034611356336090696
6 0.16953125 0.1625 0.1661865 0.29365
6 0.38661865 0.16328125 0.1603125 0.2921865
5 0.3484365 0.1546865 0.296865 0.309365
5 0.14921865 0.1546865 0.2665625 0.309365
3 0.64453125 0.18359365 0.1890625 0.2515625
4 0.665 0.25 0.45 0.11865
5 0.665 0.1546865 0.45 0.309365
4 0.12634365 0.4546865 0.2546865 0.290625
4 0.45546865 0.46953125 0.1890625 0.3203125
5 0.20625 0.6546865 0.4125 0.690625
5 0.365 0.6546865 0.35 0.690625
6 0.6203125 0.6296865 0.140625 0.328125
3 0.6640625 0.4035558685805494 0.04365 0.0505090663392625
2 0.6865 0.33359365 0.08125 0.0484365
5 0.64296865 0.6546865 0.1859365 0.690625
