3 0.00603125 0.168125 0.0140625 0.096865
6 0.046865 0.1865 0.09365 0.34365
5 0.09365 0.1696865 0.1865 0.359365
6 0.68984365 0.16568125 0.4203125 0.3515625
5 0.63828125 0.1696865 0.5234365 0.359365
3 0.18046865 0.80625 0.1984365 0.1640625
0 0.16484365 0.51696865 0.3296865 0.3161865
4 0.2046865 0.9161865 0.409365 0.165625
5 0.2046865 0.6696865 0.409365 0.640625
3 0.46161865 0.5015625 0.0828125 0.0665625
0 0.4661865 0.41015625 0.115625 0.1015625
4 0.51865 0.63203125 0.21865 0.4696865
5 0.50068125 0.6661865 0.1828125 0.465625
5 0.58515625 0.6696865 0.3515625 0.640625
5 0.5390625 0.6696865 0.259365 0.640625
5 0.915625 0.6696865 0.16865 0.640625