1 0.53515625 0.1390625 0.0661865 0.21865
0 0.5068125 0.0609365 0.121865 0.121865
0 0.32956403325909435 0.265 0.19626616860681625 0.303125
6 0.31649110924563126 0.3634365 0.4521101293661699 0.315625
5 0.46640625 0.3046865 0.2046865 0.609365
5 0.3146296359166402 0.3421865 0.5026021200668152 0.4921865
1 0.2963506845619589 0.42568125 0.06252952800663594 0.05625
0 0.6984365 0.06328125 0.1125 0.1265625
3 0.6530506326384559 0.1 0.028606802663454313 0.05
4 0.6015625 0.1546865 0.065625 0.309365
5 0.65068125 0.3046865 0.1640625 0.609365
1 0.3562381459659561 0.85234365 0.15921246268299924 0.1203125
2 0.36109365 0.69140625 0.2203125 0.1640625
4 0.3265625 0.92109365 0.38125 0.1568125
5 0.284365 0.8046865 0.56865 0.390625
