5 0.19622289530116666 0.21696865 0.03800906010845856 0.0865
3 0.13193982552835665 0.5515625 0.0460466168225126 0.0296865
3 0.32355865620503346 0.68359365 0.0439226168225126 0.0296865
4 0.0515625 0.5603125 0.103125 0.1625
4 0.3519694826351943 0.86865 0.15866608411256384 0.1484365
0 0.3621325125912266 0.66015625 0.1253636143631846 0.0625
2 0.16664833653040926 0.52109365 0.08158634328594586 0.0568125
5 0.10859365 0.6640625 0.2161865 0.36865
5 0.2453125 0.85068125 0.409365 0.2984365
6 0.9884640883159662 0.86696865 0.022193162566686826 0.0546865
2 0.9910996394464443 0.81953125 0.01562499394986581 0.0161865
5 0.9640625 0.89140625 0.061865 0.1634365
