5 0.31484365 0.36865 0.1140625 0.221865
5 0.15546865 0.34589664463624684 0.1109365 0.24908291549465283
4 0.3365 0.3299939668044614 0.0359365 0.05489656825883114
4 0.15068125 0.2951426656144856 0.0421865 0.06055693969514966
0 0.3421865 0.2806469466262326 0.025 0.029832945645263953
3 0.33515625 0.3003201033430908 0.00625 0.009411361436318443
3 0.16328125 0.26225654284184866 0.00625 0.009411361436318443
0 0.1625 0.23804333802138858 0.025 0.026606945645263864
6 0.06328125 0.6908916029503064 0.021865 0.02668966502611463
5 0.0640625 0.6994808066606666 0.0359365 0.05958406825883114
6 0.39453125 0.6850581968254283 0.0140625 0.014144313231616586
5 0.39296865 0.681942286184508 0.021865 0.029814665026114554
