5 0.16328125 0.10068125 0.1546865 0.2015625
2 0.56696865 0.20546865 0.4984365 0.1859365
5 0.659365 0.23661865 0.68125 0.2859365
1 0.42568125 0.42040921326966515 0.0453125 0.06458965866281686
1 0.54921865 0.4416291369296851 0.0484365 0.06612612133990866
1 0.6203125 0.4482320319064589 0.059365 0.06412839066462685
1 0.6296865 0.5102240492520946 0.021865 0.020566038669636162
1 0.59609365 0.4926461969233216 0.0203125 0.014298856336090696
2 0.59609365 0.4621664469233216 0.0265625 0.02218408266026261
2 0.63046865 0.45686120858532193 0.034365 0.03466498933699969
4 0.6296865 0.5664640492520946 0.0640625 0.1398069346653633
5 0.59609365 0.46466644692332166 0.0328125 0.05663180800445424
5 0.62890625 0.5406018899188664 0.06865 0.19923646866599956
5 0.6365 0.68984365 0.215625 0.6203125
5 0.5203125 0.68984365 0.234365 0.6203125
5 0.4068125 0.68984365 0.168125 0.6203125
5 0.9140625 0.68984365 0.161865 0.6203125
4 0.93125 0.60546865 0.1365 0.4015625
4 0.4109365 0.594019435948456 0.1109365 0.2616033646816265
4 0.528125 0.6106245859325485 0.134365 0.26250109468490823
4 0.621865 0.6426451005629135 0.1359365 0.30460666601845365