5 0.30625 0.259365 0.165625 0.51865
1 0.23359365 0.94453125 0.3109365 0.1109365
2 0.23515625 0.68828125 0.3068125 0.1234365
5 0.19453125 0.8609365 0.3890625 0.268125
0 0.4161865 0.89609365 0.05625 0.0921865
0 0.4689842346036656 0.9354085992998196 0.053661346664090583 0.05530566534054522
0 0.6341808119430481 0.8898586462688206 0.06643520401018138 0.06589088534362693
0 0.6059194519414562 0.9006410559356302 0.05541465334181666 0.0631363466640904
0 0.8635955919398665 0.9106234912466403 0.053888616008908485 0.06624316534054522
0 0.9460802539385936 0.9190256899029589 0.046464984006999666 0.05210694000636341
3 0.413604132598685 0.9636631246419556 0.04115225866281686 0.04568521466218159
3 0.49453125 0.9865 0.0161865 0.025
3 0.6623860806015485 0.9496685426082299 0.014389664003816963 0.028288632001909165
3 0.6066541262666848 0.953056533935412 0.030014664003816963 0.028460445336363516
3 0.8638586639338212 0.9551456505808666 0.02843408266026243 0.026889664003816964
3 0.9463069632654565 0.9666629492361863 0.028415901336626244 0.025326264003816962
5 0.6328125 0.92265625 0.16865 0.1546865
5 0.62568125 0.93125 0.1568125 0.1365
5 0.865625 0.9359365 0.14365 0.128125
5 0.609365 0.53046865 0.040625 0.0234365