6 0.41484365 0.421865 0.2296865 0.25625
5 0.4068125 0.31484365 0.24365 0.4603125
3 0.43684605668880886 0.28125 0.06288169508134384 0.065625
0 0.4446262196511831 0.14140625 0.11949540944452863 0.128125
0 0.8962660165611963 0.1390625 0.029951120413308985 0.0453125
0 0.8613902284316818 0.12109365 0.04620225292686635 0.05625
0 0.6296021833504368 0.05546865 0.09265110226293641 0.096865
0 0.6133413690956116 0.08046865 0.08699086939029934 0.084365
0 0.6646135084860111 0.16484365 0.028306806181592396 0.03125
0 0.5631299904338344 0.1515625 0.03458406825883114 0.0359365
0 0.534365 0.16161865 0.009365 0.0390625
3 0.53203125 0.190625 0.0046865 0.01865
3 0.8632026133064614 0.1640625 0.023582945645263664 0.025
3 0.8964568246426898 0.1603125 0.01414431323161641 0.0140625
3 0.6339665868430381 0.1359365 0.04613862041330898 0.0453125
3 0.6161669181269315 0.16328125 0.040888620413308985 0.0453125
5 0.54296865 0.30068125 0.0265625 0.3234365
5 0.56953125 0.30234365 0.0696865 0.3359365
5 0.6654129392041603 0.16696865 0.031504530054229284 0.04365
5 0.9192333516636612 0.2865 0.09109864043383429 0.35
5 0.8661865 0.3234365 0.103125 0.453125
5 0.6859365 0.265 0.2365 0.55
5 0.62890625 0.29140625 0.1984365 0.5161865
6 0.53661865 0.25068125 0.0140625 0.1161865
6 0.6203125 0.3328125 0.18125 0.35
6 0.559365 0.21640625 0.059365 0.0696865
6 0.6816642643396436 0.26634365 0.20962146540661954 0.328125
6 0.8611116694650541 0.234365 0.0644192586805986 0.16865
6 0.9116521288993201 0.21015625 0.0646615480082102 0.121865
