1 0.10012830668880888 0.05066466009528023 0.0362829336450254 0.05958406825883114
0 0.08984365 0.02109365 0.0568125 0.0421865
6 0.01484365 0.034365 0.0296865 0.06865
6 0.16421865 0.1046865 0.1359365 0.209365
6 0.2046865 0.0661865 0.121865 0.134365
6 0.2859365 0.0484365 0.115625 0.096865
5 0.29365 0.1609365 0.161865 0.321865
5 0.215625 0.18125 0.18125 0.3625
5 0.1696865 0.228125 0.240625 0.45625
5 0.02634365 0.03125 0.0546865 0.0625
6 0.8203125 0.06568125 0.09365 0.1515625
6 0.65068125 0.14453125 0.1546865 0.2890625
5 0.6634365 0.28984365 0.284365 0.5696865
5 0.8453125 0.22265625 0.203125 0.4453125
5 0.19296865 0.92890625 0.1640625 0.1421865
4 0.85068125 0.68984365 0.2921865 0.4203125
4 0.9421865 0.640625 0.115625 0.321865
5 0.8859365 0.68984365 0.228125 0.4203125
5 0.64921865 0.68984365 0.5015625 0.4203125
5 0.825 0.68984365 0.35 0.4203125