6 0.046865 0.159365 0.09365 0.31865
5 0.06328125 0.2140625 0.1265625 0.428125
6 0.6169308259211401 0.32858652468966204 0.14616693325224206 0.31959540339440445
3 0.6983682805452086 0.19969844945660606 0.03669089149054663 0.05021816861691084
0 0.6862404038853838 0.0983041261508042 0.08836358411256366 0.14894656010845858
5 0.628125 0.26568125 0.2865 0.5068125
0 0.04665625 0.55068125 0.0296865 0.0421865
6 0.0328125 0.6828125 0.065625 0.153125
6 0.20626006099222134 0.6228132466605046 0.10682263212066385 0.2609306444164139
3 0.04321262605260831 0.5886160306434045 0.023582945645263864 0.025136355386194253
5 0.1984365 0.66484365 0.146865 0.4603125
5 0.03661865 0.66484365 0.0634365 0.4603125
6 0.95603125 0.69665625 0.0859365 0.4046865
6 0.66015625 0.82568125 0.1953125 0.3484365
6 0.5890625 0.69921865 0.168125 0.4015625
0 0.63984365 0.5484365 0.0921865 0.0365
3 0.9865 0.56865 0.025 0.05625
3 0.6366484282822623 0.6269361454965685 0.05186156220860695 0.05342498184962643
5 0.58515625 0.66484365 0.1603125 0.4603125
5 0.68203125 0.66484365 0.2421865 0.4603125
5 0.93661865 0.66484365 0.1265625 0.4603125