6 0.15883536660568466 0.1564995859325486 0.145332860603362 0.2619660013526354
6 0.3666132126034565 0.16136953990295903 0.09424199069063519 0.16663519866918126
3 0.18828125 0.01640625 0.0359365 0.0328125
3 0.4083455652848659 0.062421253898822825 0.01124658266026261 0.02668966933481808
0 0.39921865 0.03046865 0.0568125 0.0609365
5 0.15546865 0.26484365 0.3015625 0.5296865
5 0.35234365 0.26484365 0.1984365 0.5296865
1 0.83203125 0.2890625 0.3359365 0.340625
2 0.81953125 0.06865 0.3609365 0.1365
4 0.81953125 0.3696865 0.3609365 0.3
5 0.81953125 0.26484365 0.3609365 0.5296865
5 0.9265625 0.6661865 0.146865 0.265