5 0.30234365 0.26484365 0.5328125 0.5296865
0 0.6500933652469465 0.19554936021691615 0.06904998184962643 0.051962465699503235
2 0.6852455909482548 0.06215560811666866 0.0642443061815924 0.03162260462226432
4 0.6426308440615126 0.13534666842151906 0.08496586334016516 0.10205336939029935
3 0.6898149162802196 0.08249536919390668 0.03134999394986581 0.01636930618159222
5 0.66328125 0.16421865 0.1890625 0.2609365
5 0.90068125 0.06328125 0.1984365 0.1265625
2 0.8568296994566069 0.6382565833269969 0.01885908430895533 0.01885908430895533
3 0.8590234585328933 0.6640514688656162 0.006866132513556366 0.010982951695398144
4 0.8635518662490001 0.691422489942855 0.04561248184962643 0.05182612041330899
5 0.8516558591968232 0.6046355622496569 0.0946408551898024 0.153660421544666
5 0.62109365 0.55603125 0.0390625 0.0546865