5 0.04921865 0.261865 0.0984365 0.54365
6 0.3596264465308408 0.6838194463344491 0.06639881303532484 0.1441954265949012
1 0.3633666596643615 0.6048359282822623 0.023655668616910842 0.036636355386194253
1 0.11559162110066996 0.6000858365304092 0.03309430113146812 0.04862839654066192
4 0.46015625 0.5953125 0.0696865 0.053125
5 0.4390625 0.62421865 0.121865 0.1109365
5 0.353125 0.628125 0.125 0.31865
5 0.15625 0.64365 0.225 0.35
0 0.35546865 0.56634365 0.0453125 0.0161865
6 0.1646861243221338 0.6380661960398615 0.15156354166169423 0.26962266446164334
0 0.6296865 0.684365 0.259365 0.43125
5 0.634365 0.684365 0.26865 0.43125