6 0.653146345918231 0.15360154340386036 0.1054522106938169 0.20119996801399936
6 0.94140625 0.16328125 0.1161865 0.2265625
2 0.3665625 0.034365 0.015625 0.059365
3 0.36568125 0.06109365 0.0140625 0.0328125
3 0.6505592426002656 0.04036484006999666 0.03689998933699968 0.03481135200509069
3 0.9366149212683211 0.032382168661904664 0.04414998933699968 0.034884066339262325
0 0.65068125 0.00625 0.0546865 0.0125
4 0.38515625 0.1859365 0.0328125 0.165625
5 0.42421865 0.184365 0.1109365 0.36865
5 0.65068125 0.184365 0.1421865 0.36865
5 0.92568125 0.184365 0.1484365 0.36865
3 0.6204601112349136 0.9010316240849505 0.16551016202418063 0.1801431280235441
4 0.85 0.94296865 0.3 0.1140625
2 0.4865 0.82568125 0.2365 0.3265625
5 0.684365 0.61953125 0.63125 0.5609365