6 0.3696865 0.2609365 0.21865 0.521865
5 0.36640625 0.265 0.2453125 0.55
0 0.9654384206592102 0.4390625 0.009402261066238922 0.0046865
6 0.9646116129136869 0.4484365 0.01626931323161641 0.0140625
5 0.966068188811386 0.45234365 0.02363648689965162 0.034365
0 0.9693429568635636 0.465625 0.009402261066238922 0.0046865
6 0.963312839366121 0.4665625 0.016268403590696288 0.015625
5 0.96021056526482 0.48046865 0.02363648689965162 0.034365
0 0.0661865 0.85 0.134365 0.209365
5 0.13203125 0.86953125 0.2640625 0.2609365
