6 0.16015625 0.2 0.3068125 0.4
5 0.1661865 0.2 0.334365 0.4
3 0.16865 0.009365 0.06865 0.01865
1 0.49453125 0.04509939644246608 0.028125 0.020466126463433165
1 0.63046865 0.05428454166349841 0.028125 0.025163626463433165
1 0.5890625 0.11126436416669296 0.0265625 0.025154536104353465
1 0.60234365 0.19686091520006528 0.0359365 0.03458406825883123
1 0.93046865 0.10154185662568946 0.0390625 0.03303965896699045
2 0.49609365 0.01161865 0.0328125 0.0234365
2 0.58359365 0.06218004691001431 0.0625 0.050363614363184606
2 0.56890625 0.00625 0.0265625 0.0125
2 0.615625 0.0046865 0.034365 0.009365
2 0.63661865 0.01015625 0.0546865 0.0203125
2 0.603125 0.13225046036960508 0.0890625 0.06083065046653826
2 0.9390625 0.03986310460062636 0.068125 0.05982951695398091
4 0.93828125 0.16658630942108652 0.0890625 0.13958065046653818
4 0.65603125 0.11928282666685189 0.0665625 0.11919542659490129
4 0.6515625 0.29835662852996664 0.10625 0.1990556444164139
4 0.6265625 0.06689868268460369 0.0568125 0.09096134328594588
4 0.56015625 0.18063644252382005 0.06865 0.14561246569950314
4 0.58828125 0.04486356898625319 0.0359365 0.02666156825883114
4 0.50068125 0.103125 0.0421865 0.090625
5 0.49296865 0.20390625 0.0265625 0.3921865
5 0.51328125 0.2 0.0661865 0.4
5 0.54609365 0.22265625 0.1328125 0.3546865
5 0.58203125 0.02421865 0.0609365 0.0484365
5 0.63984365 0.0609365 0.0984365 0.121865
5 0.68125 0.24296865 0.203125 0.3140625
5 0.6625 0.11696865 0.15 0.2359365
5 0.80546865 0.03046865 0.0453125 0.0609365
5 0.925 0.0109365 0.0365 0.021865
5 0.9328125 0.1568125 0.134365 0.3
3 0.33984365 0.5606810231203423 0.03125 0.0548693061815924
6 0.4046865 0.60390625 0.15 0.1828125
0 0.3203125 0.516136143631846 0.059365 0.10503293364502539
5 0.36953125 0.68984365 0.2203125 0.4568125
0 0.88203125 0.5219625322936245 0.021865 0.01631466502611463
6 0.86890625 0.5696106015655653 0.0421865 0.06430693969514959
5 0.86640625 0.5663503686029283 0.065 0.13481133623582166