3 0.39609365 0.365625 0.0140625 0.028125
0 0.3848616314210414 0.35390625 0.026106940006363406 0.046865
6 0.41484365 0.359365 0.0634365 0.040625
6 0.28828125 0.0359365 0.0515625 0.061865
5 0.2696865 0.10603125 0.10625 0.2140625
5 0.034365 0.06109365 0.06865 0.1421865
3 0.3214682946166249 0.4453125 0.0616829346653633 0.0640625
4 0.2222890060868596 0.61640625 0.2810625654041686 0.521865
4 0.03046865 0.68661865 0.0609365 0.4328125
5 0.0890625 0.68984365 0.168125 0.6203125
5 0.21161865 0.68984365 0.4015625 0.6203125
2 0.6348665380330894 0.5921865 0.025262620003181603 0.0234365
3 0.636520360603362 0.61865 0.014280666002545433 0.01865
4 0.610894683368406 0.68046865 0.055942012014635625 0.1068125
5 0.6164261680458161 0.6859365 0.09158960536281668 0.2161865