6 0.1359365 0.1890625 0.261865 0.368125
5 0.1634365 0.1921865 0.346865 0.384365
3 0.54140625 0.0140625 0.0640625 0.028125
3 0.83828125 0.0265625 0.0661865 0.053125
6 0.8021680506404888 0.24996116628021966 0.2694350534691592 0.4953589935560923
4 0.521865 0.24365 0.20625 0.4865
5 0.590625 0.26484365 0.34365 0.5296865
5 0.6890625 0.26484365 0.421865 0.5296865
5 0.93359365 0.26484365 0.1328125 0.5296865
0 0.38125 0.64296865 0.065 0.1046865
0 0.30946655659241624 0.6684354921031641 0.06130111436318469 0.0628545240041051
0 0.14640328258831212 0.6184388442669045 0.08800906010845858 0.08800906010845858
0 0.06931009884509062 0.6243621122218854 0.06290906615858266 0.06066611436318462
3 0.36536962218526566 0.6241464460218201 0.04616498184962643 0.05183521066238851
3 0.28614301433964365 0.6340360523098186 0.022038626463433166 0.028252265026114633
3 0.11103905659241622 0.6695899666062654 0.01893180618159222 0.03135908430895533
3 0.06182030659241622 0.6698663140162834 0.034565896540662096 0.03301248689965162
4 0.05390625 0.82265625 0.1068125 0.2421865
4 0.14092252019346606 0.8463905460633026 0.1453862646343312 0.28208631303532494
4 0.280080468963812 0.8629866541052166 0.11526151665658923 0.20846609621281213
4 0.353125 0.86109365 0.13125 0.2568125
5 0.3359365 0.69365 0.165625 0.4125
5 0.26109365 0.81865 0.2046865 0.3625
5 0.11696865 0.68359365 0.2359365 0.4328125
5 0.0640625 0.6890625 0.128125 0.421865