3 0.115625 0.0859365 0.196865 0.161865
6 0.2 0.3296865 0.4 0.659365
5 0.2161865 0.3296865 0.434365 0.659365
5 0.6316819605999566 0.29596440144949686 0.29400891640926926 0.5610466260606496
5 0.65 0.3296865 0.3 0.659365
6 0.6392663919468205 0.1894685629942639 0.2604683213616256 0.28436695140261464
6 0.684544438613956 0.19253941959986948 0.1362112880330894 0.24453166088084615
0 0.625 0.01161865 0.125 0.0234365
0 0.6150506459659561 0.05545303093699205 0.13066838001262662 0.09450449980360834
0 0.56640625 0.046865 0.1328125 0.09365
