6 0.325 0.234365 0.109365 0.209365
6 0.11865 0.26484365 0.090625 0.1484365
3 0.31640625 0.1168814103282914 0.0359365 0.04608406825883114
3 0.090625 0.16131996621529621 0.0109365 0.026626132513556366
0 0.1 0.1329841650608185 0.0568125 0.06366384328594586
0 0.29921865 0.049012654268166235 0.05 0.06435339149054668
5 0.290625 0.16953125 0.168125 0.3390625
5 0.140625 0.1828125 0.184365 0.3125
1 0.54296865 0.546865 0.3265625 0.303125
2 0.60625 0.41015625 0.453125 0.1421865
4 0.68984365 0.81161865 0.6203125 0.3665625
5 0.68984365 0.66953125 0.6203125 0.6609365