6 0.06421865 0.35603125 0.1484365 0.2109365
5 0.11484365 0.45546865 0.2296865 0.4890625
0 0.58661865 0.1825819492659562 0.025 0.03622840133662606
0 0.665 0.3565546039306395 0.0234365 0.0330852200031816
0 0.63828125 0.35581835992204896 0.021865 0.03306603866963616
6 0.634365 0.36366631325591265 0.04365 0.0583215663392625
6 0.5859365 0.19665353994262988 0.0421865 0.058303396005626134
6 0.52568125 0.1859365 0.0328125 0.084365
6 0.5161865 0.068125 0.015625 0.068125
5 0.53203125 0.10859365 0.0453125 0.1609365
5 0.54365 0.203125 0.06865 0.13125
5 0.5953125 0.21451320194145623 0.061865 0.10396134134309046
5 0.668125 0.36360584126354866 0.0453125 0.08333965866281686
5 0.6365 0.36613995058882166 0.053125 0.08655566534054522
1 0.39665625 0.69365 0.2234365 0.1865
4 0.309365 0.85 0.4 0.3
5 0.2546865 0.85 0.509365 0.3
0 0.64365 0.9692921559516385 0.08125 0.06032042934436319
0 0.8859365 0.9203802992520946 0.09365 0.06661588001262646
0 0.53203125 0.9823108613001368 0.0359365 0.025418160661545326
0 0.59609365 0.9684404366246645 0.04365 0.026061566339262325
0 0.565 0.9661858846266381 0.028125 0.019066264003816964
1 0.53046865 0.9953125 0.0161865 0.009365
3 0.59609365 0.9953125 0.0140625 0.009365
3 0.66696865 0.99609365 0.0390625 0.0068125
3 0.89609365 0.9593246205840493 0.040625 0.026035214662181596
6 0.92421865 0.96265625 0.1484365 0.0546865
4 0.5665625 0.99453125 0.025 0.0109365
5 0.5890625 0.9665625 0.08125 0.046865
5 0.59609365 0.98203125 0.0609365 0.0359365
5 0.915625 0.93661865 0.16865 0.1265625