6 0.265625 0.33399528844204456 0.1125 0.24596600585363252
3 0.2696865 0.19656610166366113 0.03125 0.042369306181592396
0 0.290625 0.13414063418631842 0.0421865 0.054932939695149664
5 0.26953125 0.234365 0.1953125 0.46865
3 0.1696865 0.4890625 0.14365 0.040625
6 0.18984365 0.634365 0.3696865 0.53125
5 0.21484365 0.634365 0.4296865 0.53125
3 0.92890625 0.5246889809658646 0.040625 0.039298849336060064
2 0.66161865 0.58416202956325 0.06865 0.06289996569950324
2 0.9359365 0.48125 0.046865 0.025
4 0.896865 0.6464666286046325 0.1296865 0.22565449980360834
5 0.61640625 0.6993339421310365 0.2265625 0.2950681020665445
5 0.91015625 0.66328125 0.1696865 0.3890625