0 0.6951468316648626 0.10240089655861332 0.033085210662388504 0.04606589654066192
0 0.6266605425462612 0.05454413666811462 0.05980224686664198 0.06368293364502549
6 0.8066245849963264 0.24065941461089006 0.06436380698520063 0.16136464686664215
6 0.6234365 0.26265625 0.11865 0.2634365
3 0.6996035266183424 0.14226191663595215 0.026616036104353386 0.026616036104353466
5 0.6296865 0.2046865 0.16865 0.409365
5 0.815625 0.20625 0.121865 0.40625
1 0.184365 0.88984365 0.36865 0.2203125
2 0.184365 0.66953125 0.36865 0.1161865
5 0.184365 0.8046865 0.36865 0.390625
