6 0.18828125 0.05234365 0.1634365 0.1046865
3 0.0984365 0.009365 0.025 0.01865
5 0.16015625 0.1890625 0.2921865 0.368125
6 0.29386561301188364 0.8564984912466402 0.018886355386194254 0.023655666002545433
5 0.2915664148062818 0.8653382632469584 0.028434062208606952 0.05345226400381696
6 0.018606110846143263 0.6989605652848659 0.012562622862636888 0.012645450668363622
5 0.020259520488063655 0.6963898839513204 0.018904536104353466 0.026680666002545432
4 0.6865844681361943 0.6395955652848658 0.12466368883482698 0.21393632535009016
4 0.89921865 0.9625 0.2015625 0.065
4 0.9226315833269968 0.8899842645862663 0.04566611436318469 0.06302625866281686
4 0.696865 0.88984365 0.153125 0.2203125
4 0.63661865 0.4365 0.2140625 0.05625
5 0.49665326646300154 0.630066665966092 0.04884656615858266 0.06086612133990866
5 0.5921865 0.69665625 0.325 0.4046865
0 0.6520822131100696 0.6169569492659562 0.028496604622264316 0.06438966400381698
0 0.6642526496801662 0.6664836606063209 0.04084316861691084 0.03696261466218159
0 0.8036856136658136 0.6405656152689565 0.020556939695149584 0.042423856336090696
0 0.8628259842855144 0.6553916459261852 0.10969315651666228 0.06314669334818116
0 0.9163401558302914 0.6486416592536855 0.06690693364502539 0.06026588534362692
0 0.9494526366699188 0.6998223512492311 0.04405906220860695 0.05363406633926232
0 0.98359365 0.66568125 0.0328125 0.1015625
5 0.60068125 0.5109365 0.3421865 0.203125
5 0.86015625 0.51484365 0.2359365 0.2109365
3 0.98046865 0.8953125 0.0390625 0.04365
3 0.931006164609086 0.8523842662516666 0.02668966502611463 0.022184082660262432
3 0.905838993066113 0.8236689285885036 0.03453862646343318 0.028524989336999685
3 0.84996562208606 0.6548831159293669 0.06281816256668646 0.05541465334181666
5 0.6584958395635126 0.6450092239416653 0.03506495664913066 0.12061248933699969
5 0.6689628656668662 0.6613353666056846 0.031586343285945864 0.05816612666090906
5 0.80546865 0.80603125 0.1828125 0.3859365
5 0.9142326551663614 0.6892939312540036 0.06801462266624539 0.14296929634245403
5 0.930203188811386 0.8484861169185491 0.06430108411256384 0.14929202266663583
5 0.88203125 0.85390625 0.2359365 0.2921865