5 0.31953125 0.13661865 0.2109365 0.2634365
5 0.83515625 0.8 0.3296865 0.4
5 0.69296865 0.8 0.2859365 0.4
5 0.5546865 0.61865 0.053125 0.0365
4 0.65625 0.60390625 0.021865 0.0068125
4 0.5546865 0.61161865 0.021865 0.0234365
2 0.6109365 0.6203125 0.109365 0.040625
2 0.5549660266152296 0.6823655096625564 0.1269261000159085 0.1169238190854491
1 0.6431654606142652 0.688883154464559 0.0693431493465449 0.1051420169539809
1 0.6066819632654566 0.8031501865538505 0.10466041335136286 0.13341246369925486
4 0.86634365 0.8 0.2453125 0.4
4 0.61696865 0.85546865 0.1828125 0.2890625
4 0.65234365 0.9296865 0.2921865 0.140625
4 0.51696865 0.90390625 0.1359365 0.1921865