0 0.14921865 0.10429363202256699 0.065 0.10668633623582163
0 0.30234365 0.15126823621238054 0.0661865 0.09626588544042358
6 0.315625 0.3359365 0.046865 0.268125
6 0.13515625 0.33546181869086145 0.125 0.31322622862636943
3 0.3125 0.23102482454639803 0.03125 0.034556806181592396
3 0.16161865 0.18561635489521494 0.028125 0.03666362646343309
5 0.1546865 0.261865 0.18125 0.45625
5 0.30390625 0.2984365 0.0603125 0.403125
4 0.603125 0.26055668844204464 0.134365 0.14140666088084608
2 0.668125 0.1605685926966606 0.0453125 0.025263620413308985
5 0.69921865 0.3026225625443455 0.1984365 0.3026169656031114
2 0.66328125 0.8054026558302914 0.453125 0.13544860413308913
3 0.66953125 0.968125 0.4609365 0.04365
5 0.66953125 0.85603125 0.6609365 0.2859365