4 0.42109365 0.20603125 0.1665625 0.3828125
0 0.3568125 0.061865 0.096865 0.14365
5 0.33125 0.2546865 0.35625 0.509365
4 0.6546865 0.44140625 0.490625 0.1359365
1 0.6603125 0.2234365 0.321865 0.3625
5 0.6546865 0.2546865 0.490625 0.509365
5 0.303125 0.6546865 0.4125 0.490625
4 0.346865 0.9359365 0.325 0.128125
2 0.43984365 0.59140625 0.1390625 0.1640625
1 0.42568125 0.8515625 0.1661865 0.1865
5 0.603125 0.6484365 0.0890625 0.2109365
5 0.55625 0.628125 0.0859365 0.221865
4 0.61953125 0.60390625 0.0296865 0.0484365
4 0.5484365 0.6828125 0.034365 0.0625
0 0.62109365 0.65859365 0.0203125 0.025
3 0.615625 0.66634365 0.00625 0.0068125
3 0.5568125 0.65234365 0.0046865 0.0068125
0 0.5546865 0.63125 0.021865 0.0234365