5 0.515625 0.36865 0.046865 0.134365
6 0.5151939062645032 0.343294586131403 0.03344884666409066 0.05506930800445424
0 0.5140132152689564 0.3104639046968566 0.012645450668363622 0.012645450668363622
5 0.24035009062600183 0.12522364942608658 0.006522620003181603 0.02351022533418181
6 0.22585123862191114 0.16256001642516662 0.008030666002545433 0.018840906666626166
5 0.2256512412864112 0.1611536664251666 0.008394302663454136 0.05009090666662618
5 0.096865 0.684365 0.19365 0.43125
5 0.31640625 0.684365 0.3265625 0.43125
5 0.4661865 0.684365 0.14365 0.43125
3 0.4834824626289108 0.6638349666806666 0.06665224266981654 0.09663861600890866
2 0.26640625 0.6359365 0.1515625 0.134365
2 0.05068125 0.6203125 0.1015625 0.103125
4 0.4696865 0.85859365 0.11865 0.2828125
1 0.2484365 0.88828125 0.140625 0.2234365
1 0.0265625 0.8359365 0.053125 0.19365
1 0.861865 0.6068125 0.25625 0.265
4 0.66953125 0.92265625 0.4609365 0.1546865
5 0.66953125 0.684365 0.4609365 0.43125