3 0.6890625 0.01696865 0.153125 0.0359365
6 0.63984365 0.26953125 0.5203125 0.5390625
5 0.659365 0.26953125 0.68125 0.5390625
0 0.2546865 0.60068125 0.128125 0.1234365
6 0.265625 0.884365 0.10625 0.23125
6 0.13359365 0.66953125 0.2661865 0.4609365
3 0.0328125 0.55546865 0.065625 0.0328125
3 0.2865 0.665625 0.0625 0.109365
5 0.1640625 0.66953125 0.309365 0.4609365
5 0.159365 0.66953125 0.31865 0.4609365
6 0.5453125 0.86890625 0.261865 0.2421865
0 0.5042998853834966 0.801345966024816 0.11313644135899881 0.1903533646816266
5 0.58203125 0.840625 0.3696865 0.31865