0 0.5622000646340015 0.025 0.03323066066154532 0.0359365
0 0.685198966621593 0.11640625 0.02386385200509069 0.0365
0 0.6554194652689564 0.25859365 0.022256808004454242 0.0328125
0 0.6613353666056846 0.23359365 0.023892033338636053 0.0390625
3 0.5844091632962644 0.05 0.015652269334818082 0.0109365
0 0.8141652052435042 0.44609365 0.0206661266609086 0.03125
0 0.8665661162422314 0.45546865 0.016532945336363513 0.0296865
6 0.8610155512412668 0.4625 0.03813634666409066 0.0546865
6 0.6521399239338212 0.261865 0.03501134666409058 0.0546865
6 0.6681848032602301 0.24921865 0.05556838534362664 0.0665625
6 0.6849262466184113 0.13984365 0.046148841343090466 0.061865
6 0.5926938406260018 0.0665625 0.06149428668045381 0.1015625
5 0.6016233952896384 0.10625 0.09456925469445316 0.2046865
5 0.692356938613956 0.16265625 0.06053166068645366 0.153125
5 0.6935634459341394 0.26953125 0.08633646268299925 0.1203125
5 0.6581626562645032 0.29140625 0.05893964266981654 0.096865
5 0.8131939605645042 0.46328125 0.03530224801081665 0.0696865
5 0.862414419239368 0.4665625 0.04156042934436319 0.08125
3 0.33508933126686616 0.60603125 0.00693966933481808 0.0109365
2 0.33056455394654694 0.5921865 0.012681813335454529 0.015625
4 0.3316188832650026 0.628125 0.016024989336999684 0.034365
5 0.33803251694241164 0.62265625 0.03363964801081665 0.0696865