3 0.34268310526636666 0.28055212586425693 0.15252620536281668 0.21806016446164336
0 0.3665625 0.06953125 0.28125 0.1390625
6 0.4296865 0.4140625 0.340625 0.261865
5 0.39140625 0.265 0.4161865 0.55
5 0.946865 0.265 0.10625 0.55
2 0.3986358526416365 0.6014145925985646 0.10915691868236298 0.1162522346664936
3 0.41904680263368335 0.6601310624461496 0.06498964801081665 0.08006020462226423
6 0.4568125 0.86865 0.14365 0.2625
5 0.49609365 0.5603125 0.0640625 0.040625
5 0.44609365 0.815625 0.3068125 0.36865
5 0.6546865 0.64296865 0.309365 0.3859365