1 0.184365 0.86265625 0.36865 0.2546865
2 0.184365 0.6161865 0.36865 0.284365
5 0.184365 0.634365 0.36865 0.53125
4 0.85068125 0.51953125 0.1921865 0.1015625
6 0.42265625 0.69140625 0.1068125 0.4453125
1 0.46663558645025466 0.6 0.022129530054229286 0.04365
0 0.48833686566686613 0.553125 0.051962465699503235 0.06865
0 0.6336094630118838 0.56328125 0.08651019262201594 0.0984365
6 0.5483996186692244 0.80546865 0.23316806566569943 0.3296865
5 0.4669940803019346 0.68203125 0.10816615612486895 0.33125
5 0.55234365 0.64921865 0.2634365 0.5015625
5 0.4203125 0.6265625 0.103125 0.515625
5 0.8390625 0.5203125 0.28125 0.103125