3 0.30625 0.034365 0.24365 0.06865
6 0.2639668285625952 0.31212454595004685 0.4265828440483614 0.36116614139081546
5 0.328125 0.25390625 0.58125 0.5068125
5 0.90859365 0.059365 0.1828125 0.11865
5 0.84665625 0.05234365 0.2568125 0.1046865
5 0.825 0.34365 0.296865 0.53125
5 0.86696865 0.3421865 0.2640625 0.534365
6 0.9015625 0.26696865 0.196865 0.2828125
6 0.696526816950366 0.24663535594368445 0.13615664403245312 0.24062609468490823
6 0.83203125 0.01696865 0.1203125 0.0359365
6 0.92568125 0.03046865 0.1484365 0.0609365
0 0.8962006219664556 0.05340243193032136 0.12441929201145426 0.08581132535009015
0 0.8924489399665925 0.126104135264185 0.12921588001262682 0.09524086935062651
0 0.984365 0.1421865 0.03125 0.09365
0 0.02421865 0.69609365 0.0484365 0.2203125
0 0.4890625 0.92265625 0.1865 0.1546865
3 0.50625 0.965 0.084365 0.05
5 0.3984365 0.8365 0.440625 0.325
