6 0.0696066285299666 0.21251608664863622 0.020530668616910842 0.0366363563360908
5 0.06884365924813692 0.2156511663154099 0.028524965699503194 0.06906626400381696
5 0.06983853268650694 0.2523608366486362 0.016314665026114643 0.02206499466899989
6 0.06986125858420698 0.2562660866486362 0.015606813231616542 0.01424431333545444
0 0.08493456696424361 0.18823460198122813 0.006866132513556321 0.011028406666626263
0 0.08361296642962928 0.24684663331466355 0.0068569516953981 0.006903406666626166
0 0.12903910196834862 0.24866312464195566 0.00686604215446661 0.009465906666626165
0 0.16161524658215446 0.22484381663650136 0.006866132513556366 0.011028406666626165
4 0.16680898145684393 0.26663984396881956 0.01896816861691084 0.036618166002545255
2 0.18131921945469136 0.23611654996818332 0.009429542154466666 0.009484088001262616
5 0.1636648910966643 0.2661136066359105 0.03166815651666246 0.06223862666090888
6 0.15481580668880888 0.24658188263845585 0.022065896540662008 0.03306603866963625
6 0.13458966520006526 0.26266198996454665 0.01418066466803503 0.020466132001908988
5 0.13456148448190603 0.25953698996454666 0.023610216822512642 0.029960220003181604
5 0.1532623961468885 0.2491625639620013 0.030069295081344018 0.06596044533636343
6 0.16361863504664013 0.2834193853039559 0.0110284035906962 0.015652269334818082
5 0.16435896843168182 0.26636904463618316 0.015806806181592396 0.03143181333545444
3 0.3905356590516452 0.8342535362662298 0.006866132513556366 0.011028406666626998
2 0.389663505460949 0.8186366269440026 0.01416249394986581 0.016351132001908808
4 0.3836134933606006 0.8530853532681844 0.020521568258831143 0.03616385633609098
5 0.3898453126425414 0.8498866269440026 0.04110668903121965 0.0832852146621816
5 0.809365 0.63984365 0.38125 0.5203125
4 0.809365 0.8640625 0.38125 0.261865
1 0.89365 0.659365 0.2125 0.25