4 0.5484365 0.03984365 0.15625 0.0696865
5 0.55068125 0.26953125 0.2161865 0.5390625
0 0.8482699813586481 0.22109365 0.006848861436318444 0.00625
0 0.8553294120668062 0.22421865 0.006866042154466843 0.009365
6 0.8506009994108248 0.234365 0.009465903590695932 0.015625
6 0.8593164653085238 0.23828125 0.012626265026114631 0.021865
5 0.8601068156666035 0.23984365 0.016432939695149585 0.0421865
5 0.849965201206223 0.2421865 0.022165891490546908 0.05
1 0.415625 0.865 0.4865 0.25
2 0.3603125 0.65625 0.568125 0.234365
5 0.3296865 0.66953125 0.659365 0.4609365
6 0.9854224648165445 0.85 0.00945681323161641 0.0140625
6 0.9664355440993854 0.846865 0.006885222862636886 0.0125
6 0.9611946344584649 0.8484365 0.009465903590696288 0.015625
0 0.9830150923039862 0.8390625 0.006286361436318444 0.00625
5 0.9860122458946833 0.8546865 0.015843168616910665 0.0365
5 0.9698156555356038 0.853125 0.015834068258831142 0.0359365
5 0.9626980410643232 0.85546865 0.01584316861691102 0.0365
5 0.8680804386131911 0.8234365 0.014226126463433166 0.028125
0 0.6929213564292966 0.69609365 0.004605680618159222 0.003125
5 0.6945293092246958 0.80390625 0.012626265026114631 0.021865
6 0.8862389839909266 0.659365 0.0063045421544668435 0.009365
5 0.8888242098886258 0.66328125 0.011064665026114631 0.021865
6 0.6623821193331544 0.89140625 0.0063045421544668435 0.009365
5 0.6623912096922341 0.89296865 0.011064665026114631 0.021865