0 0.66089066956325 0.15068125 0.03458406825883114 0.0359365
0 0.8566640616166266 0.16015625 0.036626258966990544 0.0390625
0 0.9498960235131256 0.16696865 0.039280668616910665 0.0365
0 0.6160845235131258 0.16696865 0.03615566861691084 0.0365
0 0.49651649345889645 0.12421865 0.03614656825883114 0.0359365
0 0.5510913639604013 0.1046865 0.03303066861691084 0.0365
0 0.8156583688993201 0.19140625 0.039306939695149584 0.0421865
0 0.5833589633064613 0.1453125 0.03460225896699054 0.0390625
0 0.6694608940246306 0.1484365 0.03303066861691084 0.0365
0 0.8853214391059644 0.2140625 0.040843168616910666 0.0365
0 0.6456544241660556 0.12634365 0.03303066861691084 0.0365
0 0.43636965243588694 0.16328125 0.04636496964936905 0.0859365
0 0.6240965926949666 0.16484365 0.03619203005422929 0.04365
0 0.9663562342855141 0.21484365 0.046129530054229464 0.04365
3 0.9566606288011241 0.25625 0.02509999394986581 0.0161865
3 0.9422845114128663 0.20234365 0.02200226502611463 0.021865
3 0.8661555163648056 0.25 0.02041249394986581 0.0161865
3 0.8523998546960191 0.1953125 0.02666158430895533 0.01865
3 0.8096446282353901 0.23203125 0.028252265026114633 0.021865
3 0.666416903001621 0.1865 0.023555664668035032 0.0203125
3 0.6126333628491959 0.20859365 0.02981466502611463 0.021865
3 0.6649833819243822 0.1828125 0.023546584308955332 0.01865
3 0.6443682665381868 0.159365 0.020430664668035033 0.0203125
3 0.6204322363105664 0.20625 0.026606945645263666 0.025
3 0.5665186108461433 0.168125 0.022011355386194253 0.0234365
3 0.5463941922292325 0.140625 0.023564665026114632 0.021865
3 0.5266366855151683 0.1984365 0.023564665026114632 0.021865
3 0.4920616966154266 0.1640625 0.02512626502611463 0.021865
3 0.4615066892041603 0.14921865 0.01884999394986581 0.0161865
3 0.43662940300162094 0.1865 0.02200226502611463 0.021865
3 0.39665625 0.16484365 0.0161865 0.0203125
0 0.4046865 0.1234365 0.03125 0.0365
0 0.44192998640866226 0.14140625 0.03928066861691084 0.0365
0 0.4659660205862595 0.11161865 0.033003396540662094 0.0328125
0 0.533436231358648 0.15859365 0.03928965896699054 0.0390625
6 0.4046865 0.23203125 0.03125 0.1453125
6 0.43046865 0.265625 0.0828125 0.159365
6 0.4648180415653025 0.18125 0.029932939695149586 0.0421865
6 0.4660826944921686 0.2365 0.06585449365348415 0.146865
6 0.5161401669305396 0.26421865 0.08994426483062289 0.1515625
6 0.5364696463856626 0.18046865 0.0628545240041051 0.0609365
6 0.5699009621852659 0.24921865 0.06415563836628961 0.1234365
6 0.6169441438282389 0.268125 0.10085449365348396 0.146865
6 0.6484608688993201 0.19140625 0.026606945645263666 0.025
6 0.6634418939264346 0.21328125 0.059664981849626426 0.0515625
6 0.6005196131100695 0.265 0.09453166088084608 0.134365
6 0.6564636950569029 0.26161865 0.08040563836628961 0.1234365
6 0.8511055203898669 0.24140625 0.03299430618159222 0.03125
6 0.9266680143396436 0.25859365 0.05200692659490121 0.0665625
6 0.9515625 0.3359365 0.096865 0.146865
6 0.8663958304983264 0.32890625 0.08995335518980241 0.153125
5 0.9265625 0.26634365 0.13125 0.2640625
5 0.9365 0.3 0.125 0.21865
5 0.86109365 0.3015625 0.1203125 0.215625
5 0.83359365 0.26421865 0.0953125 0.2603125
5 0.8 0.2865 0.13125 0.24365
5 0.64609365 0.26865 0.1203125 0.28125
5 0.69609365 0.265 0.1421865 0.26865
5 0.65546865 0.26640625 0.1068125 0.2859365
5 0.6466038458200286 0.15625 0.04901928298109546 0.1
5 0.6046865 0.26265625 0.146865 0.2634365
5 0.56161865 0.265625 0.1046865 0.2865
5 0.5426339633064614 0.1453125 0.06414654800821019 0.121865
5 0.5140625 0.2603125 0.1365 0.268125
5 0.46953125 0.2546865 0.1109365 0.309365
5 0.4365 0.24921865 0.096865 0.3203125
5 0.4359365 0.26328125 0.09365 0.2921865
5 0.41953125 0.25603125 0.0609365 0.3046865
5 0.04906084259856466 0.66640625 0.015669536104353464 0.0265625
5 0.3422441256668662 0.8015625 0.020530668616910842 0.0365
