5 0.05234365 0.21484365 0.1046865 0.4296865
1 0.5640625 0.31161865 0.15 0.1265625
1 0.8949636950569028 0.31449235128096664 0.16669656010845856 0.08846266842151916
2 0.853125 0.41484365 0.153125 0.0296865
2 0.8634365 0.20603125 0.253125 0.1359365
2 0.56640625 0.16568125 0.1546865 0.1390625
5 0.6359365 0.24665625 0.29365 0.3640625
5 0.86865 0.23661865 0.2625 0.2109365
5 0.6661865 0.253125 0.465625 0.353125
6 0.0890625 0.6453125 0.168125 0.340625
3 0.06645848165143151 0.5006666465821543 0.04562156615858266 0.06056612041330899
0 0.10859365 0.46696865 0.1140625 0.0665625
5 0.12421865 0.61484365 0.2484365 0.5603125
6 0.69296865 0.52265625 0.1640625 0.1859365
5 0.66696865 0.6068125 0.3068125 0.55625
5 0.5453125 0.6 0.1125 0.340625