0 0.96109365 0.525 0.0568125 0.03125
0 0.925 0.5096092596625564 0.046865 0.026835210662388506
3 0.92109365 0.5323882356602564 0.034365 0.011136486899651618
3 0.96015625 0.550129626683266 0.0234365 0.012636355386194254
6 0.91640625 0.56640625 0.0696865 0.0453125
5 0.94665625 0.5484365 0.1046865 0.08125
5 0.884365 0.540625 0.16865 0.096865
0 0.96568125 0.3681638230924696 0.0068125 0.004632951695396966
6 0.96568125 0.38653882309246963 0.015625 0.012590903590696286
5 0.968125 0.39065018655385034 0.0203125 0.03136816466803503
0 0.961865 0.4039666989901689 0.009365 0.004642042154466844
6 0.96568125 0.4133200630924696 0.015625 0.014153403590696286
5 0.96421865 0.4162354134515494 0.0203125 0.03136816466803503
0 0.2140625 0.6143159882925351 0.00625 0.009411361436318443
6 0.21161865 0.6315161238311544 0.009365 0.025054542154466843
6 0.2140625 0.6455659882925351 0.0161865 0.06353649394986581
6 0.60068125 0.96634365 0.0234365 0.0453125
0 0.58828125 0.9466239128623642 0.009365 0.014116042154466843
5 0.5984365 0.96953125 0.034365 0.0609365
6 0.54453125 0.659365 0.0109365 0.040625
5 0.5484365 0.6696865 0.01865 0.11865