5 0.1696865 0.10234365 0.359365 0.2046865
0 0.6462614623816566 0.20068125 0.03936248184962643 0.0515625
0 0.5826816255049156 0.12634365 0.06080336939029935 0.084365
6 0.54609365 0.240625 0.1640625 0.068125
3 0.6459498668962665 0.2421865 0.029869306181592218 0.03125
5 0.540625 0.13984365 0.30625 0.2696865
5 0.63661865 0.1890625 0.2203125 0.18125
1 0.4828125 0.6015625 0.246865 0.225
4 0.50390625 0.8568125 0.2890625 0.284365
4 0.88359365 0.88359365 0.2328125 0.2328125
2 0.5133816648306228 0.3890625 0.2901260620123153 0.1828125
5 0.58828125 0.64140625 0.4568125 0.6161865
5 0.6859365 0.63984365 0.428125 0.6203125