4 0.8866662248165445 0.3001469064014252 0.12566359016268804 0.1319662286263694
2 0.9083554598886258 0.21330643655385034 0.04386626502611463 0.022129530054229286
5 0.8921865 0.3328125 0.184365 0.261865
3 0.5156164662333365 0.53213318462518 0.02199316466803503 0.020439665026114633
3 0.49983339099956846 0.4866928383159661 0.01629658430895533 0.01884999394986581
3 0.4655665656666035 0.5082053262156268 0.020421584308955333 0.01886816466803503
3 0.4186696433606006 0.5201966869881162 0.02199316466803503 0.020439665026114633
3 0.35630155961646934 0.526029151351301 0.023564665026114632 0.022011355386194253
3 0.31315554661542664 0.4958103862259905 0.020430664668035033 0.020430664668035033
3 0.02180838494944424 0.5066619881943392 0.034546616822512645 0.029886486899651618
3 0.0686623668962665 0.4940489400869331 0.025126265026114643 0.022020445645263666
3 0.12891235682208116 0.5195392985963853 0.025145445645263866 0.025145445645263953
3 0.19654862833358594 0.4996080626968822 0.028252265026114642 0.022038626463433166
3 0.2696026981811609 0.5202245689462022 0.023582945645263664 0.025136355386194253
0 0.12421865 0.48203125 0.0453125 0.0265625
0 0.19609365 0.46265625 0.0390625 0.0068125
0 0.28046865 0.4696865 0.0390625 0.021865
0 0.35625 0.48515625 0.0365 0.0328125
0 0.42109365 0.48515625 0.0359365 0.0328125
0 0.4625 0.46890625 0.034365 0.0203125
0 0.5203125 0.4890625 0.0365 0.040625
6 0.03828125 0.60625 0.0665625 0.196865
6 0.06986632464459391 0.5495131449083933 0.06605224686664208 0.06381929508134384
6 0.125533348648699 0.6101860244950843 0.11198289129415606 0.18033291549465283
6 0.19622199628656684 0.566636616966422 0.10244426483062289 0.15215336334016515
6 0.2359365 0.4984365 0.059365 0.059365
6 0.26626460166366116 0.6006160548439012 0.10096356806243946 0.16620668298109545
6 0.35655550828961946 0.6062646061616612 0.06639881303532492 0.1441954265949012
6 0.3164486192583996 0.5246984555068312 0.0441045240041051 0.06119203005422928
6 0.35694645423128506 0.5025861061616612 0.06280906220860695 0.05348861436318462
6 0.4125 0.5068125 0.065 0.068125
6 0.4246693696259369 0.6131336206313365 0.06266494554888211 0.15510565651666228
6 0.4646965564942213 0.5986803292406898 0.05238962266624522 0.14248648184962642
6 0.4936833688993201 0.5221041996522946 0.02666156825883114 0.03609203610435348
6 0.50546865 0.61161865 0.0661865 0.1546865
5 0.05 0.60068125 0.1 0.4640625
5 0.06421865 0.65859365 0.0634365 0.3696865
5 0.12109365 0.69365 0.1390625 0.45
5 0.19365 0.66484365 0.115625 0.3921865
5 0.2359365 0.63359365 0.065 0.3296865
5 0.261865 0.68359365 0.1125 0.4296865
5 0.31161865 0.65234365 0.0634365 0.3661865
5 0.33828125 0.6328125 0.0546865 0.328125
5 0.3515625 0.66568125 0.10625 0.4140625
5 0.4109365 0.63203125 0.09365 0.3265625
5 0.41696865 0.66568125 0.0859365 0.4140625
5 0.46015625 0.66015625 0.0634365 0.3828125
5 0.49365 0.64609365 0.065625 0.3546865
5 0.496865 0.6828125 0.084365 0.428125
