0 0.2641961232893202 0.10342696438662583 0.06213646801399935 0.1034695240041051
3 0.2950360432845466 0.13840240620503346 0.0226204346653633 0.06418966502611464
0 0.34432851861862943 0.1318660608940255 0.030269302663454134 0.050162616822512696
6 0.34285583060154845 0.2584285608940255 0.06139312802354428 0.1636829336450254
6 0.29520812392586604 0.325106521666414 0.12220445336363461 0.29656586629005096
5 0.29453125 0.3 0.1515625 0.6
5 0.340625 0.31953125 0.103125 0.5609365
4 0.8824926846355924 0.08025304303824052 0.031649989336999684 0.034556806181592396
3 0.869640404638664 0.056833623656399644 0.012645450668363622 0.012562622862636888
2 0.8664511959639103 0.04356610929501916 0.015660450668363623 0.012590903590696199
5 0.8868614363010925 0.08881496668146184 0.05283519334818116 0.10966498184962643
