3 0.12568125 0.096865 0.2515625 0.19365
0 0.09665625 0.10390625 0.1953125 0.2068125
6 0.1953125 0.346865 0.390625 0.165625
5 0.2296865 0.21484365 0.459365 0.4296865
0 0.861865 0.08984365 0.190625 0.1696865
3 0.8989299420328406 0.08510466589914096 0.08369426483062288 0.15252611066690862
4 0.95390625 0.20068125 0.0921865 0.3634365
5 0.68046865 0.21484365 0.4390625 0.4296865
0 0.03195099941082482 0.6631148812858203 0.03458406825883123 0.03633648933699968
0 0.24814816115199359 0.6246592665896663 0.03456498689965162 0.03466498933699969
0 0.19568624648395855 0.6049558412635486 0.03144998689965162 0.03463862666090888
0 0.45068125 0.56890625 0.0161865 0.0390625
0 0.16310100546094902 0.644400149268003 0.03303066861691084 0.036881808004454245
0 0.0685652102814092 0.6446188699465024 0.03145906825883123 0.03630112666090888
0 0.10204068561336422 0.6240154612662653 0.03144998689965162 0.03463862666090888
0 0.3046345204880636 0.6646296385821403 0.04266928903121965 0.08330339600562614
0 0.12256145423128506 0.6612691139401846 0.03462043969514959 0.04258648933699969
3 0.03530325838681526 0.6021410186186295 0.02823408430895542 0.019066264003816964
3 0.06266690300162096 0.6682661666136386 0.02198408430895542 0.01900453866963616
3 0.10300384269496662 0.6552563806095026 0.020421584308955333 0.018986356336090696
3 0.12515155356635502 0.6018668419398664 0.025136355386194253 0.023628401336626066
3 0.16696566646300165 0.6648143552663666 0.020439665026114633 0.0221113563360908
3 0.19645326956324993 0.6400939099300033 0.02199316466803503 0.020566038669636162
3 0.21631632666965606 0.6968968932606852 0.02199316466803503 0.020566038669636162
3 0.2515049653085239 0.6644666539226854 0.023555664668035032 0.020585220003181603
3 0.2811106620668063 0.6500586085853219 0.01626840359069611 0.015824994668999892
3 0.3046608658642569 0.6880662385821403 0.020430664668035033 0.020548856336090698
3 0.34526660120622286 0.6662820239099586 0.020430664668035033 0.020548856336090698
3 0.380361228333586 0.6543629439051862 0.02668066466803503 0.020621582660262608
3 0.44305666105369666 0.6862394405633684 0.01884999394986581 0.016405666002545258
3 0.45546865 0.61865 0.0068125 0.025
0 0.44140625 0.64609365 0.0359365 0.0484365
0 0.3662004482693566 0.6106683962390499 0.036609068258831144 0.03636385200509069
0 0.33956614604969266 0.6265019085663668 0.036136486899651616 0.03469316066154515
0 0.3006055506404888 0.6435814419160039 0.03669998689965162 0.03481135200509069
0 0.26854864345889646 0.6125859805856401 0.0314318061815924 0.031613626660908866
0 0.21083452351312566 0.6561268685948669 0.03615566861691084 0.03691816066154515
6 0.440625 0.60859365 0.0365 0.1640625
6 0.4359365 0.68046865 0.046865 0.1603125
6 0.38864642600562605 0.635532036236459 0.09621244554888228 0.15569656134626218
6 0.3480032462865668 0.6328696519096405 0.05394313231616552 0.1412431653405452
6 0.3153625534691592 0.6645115599140949 0.08839085518980258 0.154143154668545
6 0.2663862192583996 0.6813541619191856 0.02836134933606006 0.040952264003816966
6 0.265208926005626 0.6369683625865492 0.06956813231616552 0.14142496866599965
6 0.22555606454639803 0.660244486592958 0.08365690339440445 0.14626611066690855
6 0.2060555385402404 0.6690463219286305 0.05961134328594586 0.05850339066462603
6 0.16306686880112416 0.6458535612666303 0.06686926693096126 0.11696929634245402
6 0.12612311962593686 0.662161160606321 0.09456813231616552 0.1416158800126268
6 0.09850269515609869 0.686342164610139 0.025136355386194253 0.023628401336626066
6 0.08300041500366356 0.6086166369455935 0.056522610662388504 0.04652952800663595
6 0.045836658289619396 0.6668665899506841 0.08825449980360825 0.130605654668545
6 0.01328125 0.6515625 0.0265625 0.11865
5 0.025 0.8109365 0.05 0.368125
5 0.05546865 0.81696865 0.1109365 0.3640625
5 0.08823333654845059 0.802313193944956 0.09262486294639165 0.36199201634563564
5 0.10064645625634616 0.6529399026098208 0.04586610226293641 0.09640225866281686
5 0.1359365 0.8161865 0.128125 0.365625
5 0.1696566662666098 0.8043645859325486 0.08961805366555105 0.3650806546685446
5 0.20216350546094902 0.6439456159293668 0.06942268656189164 0.11642496866599956
5 0.22421865 0.81640625 0.1203125 0.3661865
5 0.2602326602916619 0.6946263185869128 0.09596613696450638 0.38390338001262656
5 0.30138266634169616 0.6661651919160039 0.0833953246426898 0.36969542934436316
5 0.31696865 0.81015625 0.1109365 0.3696865
5 0.3444696010098311 0.6969866052435042 0.09905668616910841 0.36612624266981656
5 0.39140625 0.69453125 0.1161865 0.4109365
5 0.42568125 0.809365 0.0661865 0.38125
5 0.4365 0.66890625 0.04365 0.4421865
0 0.696865 0.62890625 0.465 0.5421865
5 0.6296865 0.61484365 0.540625 0.5603125