3 0.1631566163664525 0.10226349941082483 0.03030566534054522 0.0532966168225126
6 0.084365 0.140625 0.16865 0.165
0 0.1829601400381801 0.05863166406885985 0.056449968013999354 0.10345225292686626
5 0.1161865 0.14609365 0.234365 0.2859365
4 0.8968151600646693 0.6066116665366563 0.13523061636154424 0.20858518052166655
4 0.6062538046421684 0.6110613936300429 0.11469084802662598 0.19652950585363236
2 0.6930614840466606 0.39928446603694584 0.06905224801081664 0.0801420169539809
3 0.6963146360598155 0.49539639665510505 0.055286484006999666 0.05188066256668665
5 0.6546865 0.64140625 0.309365 0.5921865
5 0.90390625 0.6296865 0.1921865 0.540625
5 0.98046865 0.640625 0.0390625 0.525