6 0.49665625 0.23966244602182016 0.1 0.31666928298109546
6 0.11865 0.32244560909862646 0.15 0.21024666446164336
0 0.23359365 0.2646462166062655 0.065625 0.12694429508134383
0 0.465625 0.03359365 0.065 0.0661865
3 0.4661865 0.09151220902386269 0.0234365 0.032948855386194256
3 0.20390625 0.31804393452868826 0.01865 0.03292158430895533
5 0.13984365 0.41865 0.2546865 0.440625
5 0.4828125 0.31953125 0.125 0.6390625
0 0.86421865 0.388963536184508 0.0203125 0.04386816466803503
4 0.86568125 0.4194331968254284 0.0328125 0.04862839654066192
5 0.8696865 0.4412854609266294 0.05 0.1565408914905469
4 0.24921865 0.81953125 0.2546865 0.3609365
0 0.1234365 0.6 0.084365 0.121865
5 0.19609365 0.81953125 0.3921865 0.3609365
