0 0.06162411611160061 0.3984365 0.011019313231616588 0.0140625
6 0.06265625 0.41161865 0.0140625 0.0140625
5 0.0665625 0.40546865 0.025 0.0265625
2 0.9661865 0.14140625 0.065625 0.0859365
3 0.96568125 0.2921865 0.0484365 0.140625
5 0.8421865 0.2328125 0.315625 0.361865
6 0.22210940856066586 0.88203125 0.03144998689965162 0.034365
6 0.6630964602814092 0.54140625 0.0298683965406621 0.0328125
2 0.2164496610200939 0.84921865 0.01562499394986581 0.0161865
2 0.6596986434588964 0.51161865 0.01562499394986581 0.0161865
5 0.65234365 0.55234365 0.0546865 0.0984365
5 0.22204123086666865 0.8603125 0.040969524004105095 0.0609365
3 0.6898866401392468 0.54609365 0.01628649394986581 0.0161865
2 0.6826555022394952 0.51161865 0.02511816466803503 0.0203125
4 0.6996253545024314 0.60859365 0.0662522346664936 0.1068125
5 0.80614806526482 0.65546865 0.10966693325224205 0.31865