5 0.36265625 0.09609365 0.2161865 0.1921865
3 0.696865 0.34365 0.14365 0.290625
6 0.60068125 0.290625 0.2015625 0.396865
0 0.91328125 0.24453125 0.1634365 0.4890625
5 0.8 0.24453125 0.4 0.4890625
5 0.928125 0.6696865 0.14365 0.440625
5 0.66109365 0.653125 0.1984365 0.49365
5 0.66484365 0.6890625 0.1296865 0.421865
3 0.6526512535160415 0.6100365544511169 0.048692030054229285 0.044031801131468026
3 0.8115904432111911 0.6669263830045366 0.03319429508134384 0.06581589654066192
3 0.9699569342342006 0.6050662115569555 0.05498648184962643 0.05188066256668665
2 0.96328125 0.6 0.0634365 0.065625
2 0.6600564490649236 0.5546628226996863 0.09111586939029944 0.08490224082661669
2 0.63984365 0.61640625 0.0696865 0.0661865
4 0.65234365 0.86696865 0.1046865 0.2640625
4 0.66161865 0.84609365 0.1453125 0.3068125
4 0.946865 0.86161865 0.10625 0.2665625