6 0.86015625 0.16953125 0.2696865 0.3390625
5 0.8140625 0.16953125 0.361865 0.3390625
5 0.59453125 0.6665625 0.1296865 0.646865
5 0.64609365 0.384365 0.0390625 0.090625
5 0.54921865 0.39390651864135193 0.0161865 0.06259999394986581
4 0.5484365 0.40619331382089164 0.0161865 0.03446499394986581
4 0.65068125 0.40034689530116666 0.015625 0.03602840359069611
2 0.64365 0.34609365 0.028125 0.0140625
2 0.546865 0.38142115416996136 0.0161865 0.02041249394986581
2 0.5921865 0.39656368366666246 0.096865 0.09118860226293624
2 0.66640625 0.46446564161038065 0.1140625 0.10222609621281205
2 0.81865 0.3484365 0.034365 0.01865
2 0.82890625 0.4546803443661003 0.103125 0.09122496369925485
1 0.9068125 0.35969003123256963 0.028125 0.040688626463433165
1 0.95546865 0.415625 0.0890625 0.153125
1 0.8161865 0.3845360220591965 0.0234365 0.026698855386194254
1 0.84140625 0.5515826214934634 0.0640625 0.08943520462226432
1 0.58203125 0.49996662110068 0.0661865 0.09626588544042354
1 0.63984365 0.6035365268146341 0.0865 0.12238406010845856
4 0.561865 0.63828125 0.084365 0.4015625
4 0.64665625 0.8365 0.2296865 0.325
4 0.81953125 0.68984365 0.1634365 0.4203125
4 0.92890625 0.61640625 0.1421865 0.5661865
4 0.89365 0.43621559446429625 0.040625 0.06523634933606006