0 0.209365 0.6124058092665469 0.2161865 0.25621460536281666
3 0.26484365 0.8642603619366848 0.0421865 0.059865896005626136
0 0.03515625 0.53203125 0.0603125 0.2015625
4 0.23046865 0.9421865 0.2296865 0.115625
4 0.08661865 0.8265625 0.1634365 0.346865
5 0.10546865 0.60859365 0.2109365 0.5828125
5 0.23984365 0.68359365 0.3661865 0.4328125
0 0.92890625 0.3436616985656669 0.0390625 0.044204533338636144
0 0.8296865 0.46148881325591263 0.0296865 0.044095445336363516
0 0.6865 0.6415109592616396 0.028125 0.039389664003816964
0 0.861865 0.5936541662501856 0.03125 0.044113626660909054
3 0.921865 0.36354111456663145 0.0161865 0.015824994668999892
0 0.66865 0.8581353852641851 0.025 0.036228401336626244
0 0.6046865 0.8846620699395482 0.021865 0.03619203866963616
6 0.61161865 0.8908302539385936 0.046865 0.0630454400063634
6 0.69453125 0.6554916432606852 0.04365 0.06456156633926232
6 0.86696865 0.6116683605840492 0.0603125 0.09144316000954511
6 0.83515625 0.4964251685885036 0.0568125 0.08504660934118148
6 0.91865 0.4040462262438223 0.0890625 0.11968633601209036
5 0.91640625 0.43922964924414043 0.128125 0.23430336935062654
5 0.83515625 0.5331439285885036 0.09365 0.16609088001262663
5 0.85603125 0.6365668899188664 0.1068125 0.1418695120146356
5 0.69140625 0.666403005926666 0.065 0.11336260401018136
5 0.66421865 0.8660405005966659 0.0484365 0.0911886213399086
5 0.6140625 0.9056466319382655 0.0546865 0.09438634666409066