1 0.06265625 0.32421865 0.1453125 0.2296865
1 0.32109365 0.3921865 0.2161865 0.09365
4 0.11328125 0.540625 0.1568125 0.203125
4 0.34453125 0.54140625 0.1546865 0.2046865
1 0.00234365 0.65625 0.0046865 0.04365
0 0.01640625 0.6046865 0.0328125 0.065625
0 0.15681496165615128 0.6855310382456528 0.06609883118569649 0.0926329265949012
6 0.11953125 0.89296865 0.1984365 0.2140625
5 0.0234365 0.834365 0.046865 0.33125
5 0.115625 0.81865 0.2125 0.3625
5 0.31696865 0.5421865 0.2234365 0.20625
5 0.11640625 0.5421865 0.2328125 0.20625
6 0.5890625 0.528125 0.096865 0.168125
6 0.45234365 0.4921865 0.0453125 0.10625
5 0.459365 0.63125 0.059365 0.384365
5 0.56328125 0.60546865 0.2390625 0.5328125
