0 0.00625 0.10390625 0.0125 0.1015625
0 0.39921865 0.84140625 0.0390625 0.1046865
0 0.309365 0.8456862821955286 0.09365 0.09263292154466601
0 0.3453125 0.9396463604543599 0.03125 0.032994306181592565
0 0.2546865 0.9103128696266419 0.0365 0.03661816861691066
0 0.2015625 0.910003696419035 0.0365 0.040843168616910666
0 0.06484365 0.8935833909995685 0.0390625 0.04085225896699054
0 0.040625 0.9106299904338343 0.025 0.03664544564526366
3 0.0390625 0.9293609000646548 0.0109365 0.014126132513556366
3 0.06953125 0.9209544120668062 0.0109365 0.016251132513556366
3 0.20068125 0.9412492522394953 0.0161865 0.01884999394986581
3 0.40625 0.92265625 0.025 0.0484365
3 0.29609365 0.9285225141433516 0.0453125 0.048601120413308985
3 0.0109365 0.9284260236113215 0.0125 0.012562622862636888
5 0.02890625 0.946865 0.0484365 0.10625
5 0.04609365 0.93661865 0.0859365 0.1265625
0 0.01953125 0.9026946605862595 0.0359365 0.04239656825883114
5 0.16421865 0.9421865 0.0953125 0.115625
5 0.21640625 0.94296865 0.1203125 0.1140625
5 0.3453125 0.9428613604543599 0.034365 0.04606498689965162
5 0.2568125 0.89365 0.2625 0.2125
6 0.009365 0.95859365 0.01865 0.0828125
6 0.05 0.95603125 0.0625 0.0859365
6 0.1828125 0.96865 0.059365 0.0625
6 0.26484365 0.95603125 0.2140625 0.0859365
6 0.22890625 0.96484365 0.0661865 0.0603125
2 0.459365 0.6360845083868153 0.0046865 0.009402261066238643
5 0.4568125 0.6493566680286356 0.015625 0.04384090359069629
4 0.4568125 0.6561691680286356 0.0109365 0.023501132513556364