5 0.465 0.06161865 0.096865 0.1234365
5 0.61953125 0.02568125 0.0609365 0.0515625
0 0.6505159686362286 0.6966462201421624 0.14831132535009006 0.12429199365348396
0 0.9104806662915465 0.6693046631569618 0.15662380935609002 0.1658999455488822
0 0.64453125 0.81484365 0.1109365 0.1161865
0 0.856918303946548 0.8655421450065891 0.16496463201681631 0.1322590298568366
0 0.9234365 0.96696865 0.153125 0.0640625
5 0.8359365 0.559365 0.161865 0.08125
5 0.8258250613065012 0.6696483829063408 0.16960561636154425 0.208685168421519
4 0.8161409686362286 0.6962654250608186 0.12812609468490832 0.1351113190854491
2 0.6968920866486361 0.6049663496288535 0.0685966146621816 0.041069516953980904
4 0.83828125 0.5546865 0.1546865 0.061865
0 0.66109365 0.54365 0.1515625 0.05
5 0.6696865 0.540625 0.165625 0.04365
5 0.66634365 0.546865 0.1203125 0.05625
5 0.6514335886368195 0.6855056069436181 0.11132040268936265 0.16682382513556312
4 0.6443659659606285 0.6886616145595665 0.09206132535009015 0.12396464082661669
4 0.66696865 0.5265625 0.0921865 0.015625
0 0.9390625 0.52890625 0.121865 0.0203125
5 0.9 0.83359365 0.2 0.2953125
0 0.6599449652944109 0.6590881328081449 0.19355219460081658 0.2526615238066134
0 0.6696865 0.865 0.18125 0.25
4 0.6481611339513204 0.8310266653216022 0.12639996268299925 0.1210396286263695
4 0.6568125 0.93203125 0.1365 0.1265625
4 0.9580628452816842 0.8516691120254936 0.08139654535326168 0.14633860831306062
4 0.66890625 0.95603125 0.1828125 0.0859365
5 0.9234365 0.965625 0.153125 0.06865
5 0.81640625 0.89453125 0.2568125 0.2109365