3 0.40462868864916806 0.12565099638566263 0.009520450668363623 0.012554542154466665
0 0.40684526206986 0.10623338192438218 0.023855660661545325 0.03606385538619425
5 0.4001862866599956 0.20540668012898405 0.06460220003181668 0.23469315651666228
4 0.5546106100811326 0.116466420856406 0.033521562008262396 0.06112839654066192
0 0.5619140326418602 0.06266286265280405 0.016460220003181603 0.02353649394986581
5 0.549650936420405 0.16018560460062642 0.06111356336090698 0.20352496569950324
5 0.66696865 0.24140625 0.1568125 0.3665625
1 0.25603125 0.61865 0.5140625 0.353125
2 0.28515625 0.48828125 0.5603125 0.1161865
4 0.29453125 0.86109365 0.5890625 0.2568125
5 0.29453125 0.61484365 0.5890625 0.5603125
