3 0.46293636899651586 0.1484365 0.0220658965406621 0.0328125
3 0.16484365 0.4296865 0.0140625 0.01865
0 0.46484469166169413 0.0634365 0.0656363251355633 0.109365
0 0.1953125 0.3696865 0.06865 0.11865
6 0.1 0.36484365 0.15 0.1484365
6 0.4953125 0.2859365 0.109365 0.30625
5 0.48661865 0.22890625 0.1328125 0.4203125
5 0.11484365 0.36328125 0.2296865 0.1515625
1 0.659365 0.10068125 0.190625 0.2015625
4 0.64921865 0.268125 0.3203125 0.321865
5 0.69453125 0.21953125 0.4109365 0.4390625
5 0.3984365 0.63046865 0.38125 0.5390625
1 0.50068125 0.83203125 0.1665625 0.2265625
2 0.5015625 0.51696865 0.165 0.1568125
0 0.69453125 0.615625 0.4109365 0.353125
3 0.6696865 0.8984365 0.38125 0.203125
5 0.69453125 0.61953125 0.4109365 0.5609365