6 0.2453125 0.12634365 0.265625 0.2546865
5 0.221865 0.15 0.334365 0.3
1 0.8328125 0.13828125 0.334365 0.2665625
4 0.69453125 0.1568125 0.6109365 0.284365
5 0.69453125 0.15 0.6109365 0.3
3 0.18366698660335986 0.38093069566051913 0.029968391490546628 0.050162616822512696
3 0.3450181050916066 0.4339006386853185 0.020521568258831143 0.03605566466803503
6 0.16213340309981686 0.5568438558661636 0.1613566982693566 0.341552216626121
0 0.3161865 0.35625 0.061865 0.1125
0 0.16484365 0.32109365 0.0696865 0.0421865
6 0.35068125 0.54140625 0.0665625 0.3265625
5 0.18515625 0.65 0.2421865 0.6
5 0.3390625 0.65 0.1 0.6
5 0.6613106256031115 0.4298616688366436 0.023655668616910842 0.036636355386194253
2 0.818800516855685 0.3640666655516968 0.006866132513556366 0.010982951695398054
4 0.8266486969100142 0.4166666685668599 0.023655662566686464 0.054823855386194255
5 0.8314868602169161 0.4060252026691609 0.03699086939029953 0.08459316861691084