6 0.45234365 0.29453125 0.3140625 0.5890625
5 0.38125 0.29453125 0.45625 0.5890625
0 0.92109365 0.29453125 0.1568125 0.5890625
5 0.92265625 0.29453125 0.1546865 0.5890625
2 0.025580220338554136 0.615625 0.042560204622264315 0.0640625
2 0.2502893288480064 0.665625 0.03665453610435346 0.0265625
3 0.24600524656411306 0.69296865 0.02040340359069611 0.015625
4 0.26461492838046824 0.8546865 0.04644669262201594 0.0984365
4 0.0609365 0.63359365 0.053125 0.0890625
4 0.0265625 0.6890625 0.053125 0.165625
5 0.05390625 0.83984365 0.1068125 0.3203125
5 0.061865 0.61161865 0.10625 0.2453125
5 0.253125 0.8634365 0.153125 0.253125
2 0.82265625 0.6546865 0.3546865 0.13125
3 0.834365 0.90234365 0.33125 0.1953125
5 0.8046865 0.69453125 0.390625 0.4109365