6 0.065625 0.26634365 0.13125 0.3046865
3 0.02616662238165663 0.06602089099956843 0.03933521066238851 0.046102258966990455
5 0.1515625 0.284365 0.303125 0.56865
1 0.6603125 0.4109365 0.459365 0.315625
2 0.6390625 0.234365 0.521865 0.19365
5 0.66484365 0.346865 0.6603125 0.44365
4 0.16484365 0.81015625 0.3296865 0.3696865
5 0.16484365 0.684365 0.3296865 0.43125
0 0.6906260356115601 0.6455691135666168 0.05210692154466602 0.09404998184962643
0 0.60859365 0.61328125 0.1203125 0.0890625
6 0.63359365 0.86484365 0.2046865 0.2603125
5 0.6240521409995685 0.8340412611182899 0.10464308996629619 0.2615364636992548
4 0.625669166103922 0.8606128514663694 0.061121541958086 0.13946156615858265
5 0.65390625 0.684365 0.3068125 0.43125