5 0.08403254889196295 0.14296865 0.048982921544666014 0.09365
3 0.6166546661820239 0.30603125 0.10260688524403188 0.196865
0 0.653125 0.10068125 0.225 0.2015625
5 0.615625 0.209365 0.56865 0.41865
6 0.61640625 0.3365 0.4634365 0.1625
5 0.06645185304850322 0.809365 0.06558168298109555 0.1
2 0.9936565266165382 0.4828125 0.006286361436318444 0.00625
2 0.9665882084346963 0.4696865 0.006866042154466843 0.009365
2 0.6930989965641131 0.46161865 0.014206945645264042 0.025
2 0.666469124125642 0.4984365 0.020448855386194252 0.0234365
3 0.6836830909482548 0.46865 0.01418966502611463 0.021865
3 0.6803216416121846 0.509365 0.006866042154466666 0.009365
4 0.9896285568689633 0.50390625 0.015696616822513054 0.0296865
4 0.9641216385861226 0.50068125 0.01568862646343282 0.028125
4 0.6692660669441496 0.5296865 0.02836134933606006 0.040625
4 0.6569063861266946 0.46696865 0.05038169508134384 0.065625
5 0.6536910639190866 0.52109365 0.09323289129415616 0.1696865
5 0.6683656326351943 0.5484365 0.05386131908544911 0.1265625
5 0.9641490096643616 0.49609365 0.023692030054229464 0.04365
5 0.9890625 0.49921865 0.021865 0.0453125