6 0.2546865 0.1161865 0.509365 0.234365
5 0.284365 0.15 0.56865 0.3
0 0.99365 0.06865 0.0125 0.028125
0 0.9456510440404062 0.06112310460062632 0.05210694000636341 0.04616498184962643
0 0.8956055880410436 0.06551961311006959 0.01900453866963616 0.02198408430895542
0 0.8831864066064981 0.06388449023644266 0.018986356336090966 0.02042158430895542
0 0.85024663636268 0.0626560926966606 0.03466498933699969 0.03456498689965162
0 0.8084686600349983 0.03048394818116068 0.02686158266026252 0.026616036104353466
0 0.66865 0.01015625 0.04365 0.0203125
0 0.6644118433620436 0.05662661028140921 0.06594542934436328 0.08168633623582168
0 0.6058891100413616 0.06665898448190602 0.02364658266026261 0.026698855386194254
0 0.6830692280394526 0.06256466426525161 0.012626269334818081 0.011010222862636888
6 0.6833601293661698 0.08656466426525156 0.01598862666090888 0.0313409035906962
0 0.6664068653623619 0.05934866068445541 0.02845226400381696 0.028288626463433165
0 0.6256106140356346 0.034106866168845495 0.03316612666090888 0.03144089654066192
6 0.6120032963822249 0.13166666665658916 0.06163064401654469 0.12228406615858265
6 0.6556896600493158 0.13505629681181844 0.05903064934654489 0.10502384328594586
6 0.6933623853834966 0.14152546642962926 0.044686336012090366 0.08931603005422928
6 0.8060430663690435 0.10936656264254136 0.04466815466854464 0.08665453005422928
6 0.8645942040499521 0.14101644808296496 0.04623964801081665 0.0699511204133088
6 0.8909368193825433 0.1356441468533009 0.01465339066462603 0.05945681323161659
6 0.965291929384134 0.14669468890958268 0.02062158266026243 0.02668066466803503
6 0.96890625 0.1484365 0.0421865 0.103125
6 0.9306083913908155 0.19680890583029136 0.10359880935608965 0.16559086334016515
6 0.8364220420512251 0.1501696342855143 0.08101463634881644 0.11452610831306051
6 0.635213530612906 0.11286465612486895 0.06415450135263541 0.1425511143631848
6 0.6625 0.2140625 0.121865 0.161865
3 0.99453125 0.0984365 0.0109365 0.015625
3 0.9532368246135434 0.11882026121648562 0.009611356336090965 0.020366042154466665
3 0.8951696860439061 0.09660891693053964 0.00693966933481808 0.010982951695398144
3 0.8810981953661343 0.09564585469882324 0.011064669334818082 0.011001132513556365
3 0.8490486640435889 0.09399600233669104 0.01894999466899989 0.01629658430895542
0 0.8599135386094061 0.08681063485124836 0.008030666002545433 0.018695451695398144
3 0.806215252605261 0.05603635682208116 0.014226132001909165 0.014144313231616586
3 0.6930442120464524 0.11466349941082482 0.009620445336363515 0.029642042154466666
3 0.604581148610998 0.0986248941228264 0.00950226933481808 0.010992042154466666
3 0.6646192200429526 0.0882368399662962 0.014226132001908986 0.014144313231616586
3 0.6229584313633163 0.06612094545068628 0.020494313335454352 0.015643164668035032
5 0.615625 0.1568125 0.09365 0.284365
5 0.6816966320416699 0.06896183391616195 0.022402258662816865 0.045439665026114644
5 0.6546865 0.16109365 0.08125 0.2568125
5 0.6913913526211694 0.1635430808911099 0.062011293364089504 0.2269069336450254
5 0.63125 0.15 0.125 0.3
5 0.8084692163664524 0.09666690300162102 0.05659654002226166 0.16438066256668666
5 0.83046865 0.16953125 0.1203125 0.2609365
5 0.8633498663869965 0.16835210662388534 0.06341016136218051 0.2128545240041051
5 0.884169198618952 0.15825949023644262 0.046548804026089894 0.19245112041330896
5 0.9234365 0.16109365 0.140625 0.2568125
5 0.96265625 0.16568125 0.0546865 0.2484365
5 0.65 0.15546865 0.161865 0.2890625
4 0.6045266046103616 0.3348543263650685 0.028696609341181486 0.05696612646343318
5 0.6015625 0.33203125 0.04365 0.0640625