0 0.31161865 0.29665625 0.0140625 0.0661865
4 0.30859365 0.39296865 0.0203125 0.1140625
6 0.269106800542293 0.6849524239338212 0.014206945645263666 0.025163632001908985
5 0.28066565536265306 0.6841529926002658 0.01893180618159222 0.03146816600254544
0 0.2836362132082654 0.664641629933185 0.0063045421544668435 0.009446625334181811
0 0.1966630613249442 0.8851438652685026 0.014153403590696286 0.01568863200190881
3 0.1966412490180413 0.8968626252685026 0.006866042154466843 0.009465906666626352
6 0.19366069116251906 0.9062639869455934 0.023592036104353464 0.026835220003181605
5 0.19205829419658116 0.8966984192691388 0.026698849336060064 0.04093408266026243
0 0.984365 0.80390625 0.03125 0.0546865
6 0.984365 0.8 0.03125 0.109365
5 0.98203125 0.83203125 0.0359365 0.1696865