1 0.48359365 0.315625 0.1661865 0.346865
2 0.5068125 0.02634365 0.215625 0.0546865
5 0.6890625 0.24453125 0.568125 0.4890625
5 0.2 0.54609365 0.4 0.1140625
3 0.6395299554025866 0.66265625 0.09694669866918126 0.0921865
3 0.9264293963981333 0.63984365 0.12020450668363551 0.125
2 0.916209539385625 0.5484365 0.1036886213399086 0.0484365
2 0.6631845366202248 0.55603125 0.11331816000954512 0.0603125
4 0.86953125 0.8328125 0.2609365 0.334365
4 0.6568816080919504 0.83984365 0.2892283213616256 0.2828125
5 0.6161865 0.6453125 0.434365 0.509365
5 0.661865 0.65 0.45625 0.5