0 0.0865 0.6421526693602615 0.0390625 0.03482953333863605
0 0.215625 0.6428623986109969 0.04365 0.0463840663392625
2 0.5390625 0.493500934654905 0.03125 0.02380112666090888
6 0.54921865 0.55068125 0.0609365 0.0859365
6 0.015625 0.653125 0.03125 0.16865
6 0.09665625 0.6446146080283169 0.084365 0.1306692920114539
6 0.2453125 0.6346140940483614 0.0984365 0.14489542401336308
3 0.2234365 0.6618595553686252 0.0203125 0.0252363563360908
3 0.08984365 0.6634300513605896 0.0265625 0.02530908266026261
3 0.5421865 0.5216622964219959 0.021865 0.022129538669636163
5 0.53984365 0.534365 0.0696865 0.11865
5 0.25068125 0.6948339686156606 0.1609365 0.36593516635518083
5 0.1125 0.6963499306969986 0.18125 0.3599215346912615
5 0.0625 0.68828125 0.125 0.4234365
1 0.8568125 0.6515625 0.284365 0.490625
5 0.68984365 0.684365 0.4203125 0.63125