6 0.4665625 0.165 0.159365 0.35
5 0.50859365 0.165 0.2421865 0.35
0 0.510021456256346 0.646865 0.03153180113146803 0.0484365
0 0.48334068258831215 0.6265625 0.050345433645025396 0.059365
0 0.3383266435560923 0.54365 0.09591246369925485 0.103125
0 0.2126363961468886 0.559365 0.0911431504665381 0.0890625
0 0.25928111386220536 0.65390625 0.0298683965406621 0.0328125
0 0.1630600988450906 0.63203125 0.03615566861691084 0.0365
0 0.10661861992232954 0.63661865 0.03616384933606006 0.040625
3 0.11015326646300165 0.66953125 0.01629658430895533 0.01865
3 0.4820464481811609 0.66265625 0.0251545361043533 0.0265625
3 0.5060918999665588 0.68046865 0.01414431323161641 0.0140625
3 0.33560261330646133 0.6296865 0.048610210662388504 0.046865
3 0.20666660625634615 0.646865 0.04402261066238851 0.046865
5 0.09286629439396291 0.68661865 0.06388396935659554 0.3453125
5 0.1382106106506516 0.6921865 0.0963941922292326 0.3568125
5 0.26008054459036456 0.65603125 0.033085210662388504 0.046865
5 0.518665619062008 0.80603125 0.09122600546094901 0.361865
5 0.46015625 0.69921865 0.1015625 0.4015625
5 0.36696865 0.64365 0.2359365 0.5125
5 0.19140625 0.65390625 0.2109365 0.4921865
6 0.0964498366466465 0.63125 0.05228962862636941 0.125
6 0.19140625 0.8203125 0.1984365 0.359365
6 0.1431430294650541 0.6 0.06455336939029934 0.084365
6 0.3633168636658136 0.68359365 0.21663396935659535 0.3453125
6 0.4621611950569029 0.64609365 0.06660689129415606 0.1696865
6 0.5165062252103281 0.625 0.06694199980360816 0.1296865