5 0.053125 0.21161865 0.0865 0.4234365
0 0.2890625 0.19919252068445542 0.015625 0.015615903590696286
3 0.28984365 0.22185331586399518 0.009365 0.014116042154466843
6 0.29453125 0.2546930869412341 0.028125 0.05696612646343318
5 0.29365 0.25312604166169423 0.040625 0.12523634933606006
3 0.1568125 0.9699345023366912 0.025 0.018895445645263666
3 0.228125 0.9896185684962639 0.0203125 0.01886816466803521
0 0.25603125 0.9828125 0.0234365 0.034365
0 0.23046865 0.9553562040348932 0.0296865 0.0314226168225126
0 0.2161865 0.9953125 0.0365 0.009365
0 0.15603125 0.9432112061581512 0.0328125 0.03144089654066164
0 0.15 0.99365 0.034365 0.0125
0 0.1068125 0.98828125 0.034365 0.0234365
0 0.06640625 0.9608089663315335 0.0328125 0.034565896540662096
0 0.0484365 0.99453125 0.0365 0.0109365
0 0.0068125 0.98203125 0.015625 0.0359365
5 0.6859365 0.83984365 0.215625 0.3203125
6 0.628125 0.868125 0.0865 0.24365
3 0.6203125 0.68828125 0.034365 0.0161865