5 0.384365 0.2140625 0.2625 0.309365
6 0.050501011511063224 0.39365 0.020539658966990452 0.0390625
5 0.04921865 0.4015625 0.0265625 0.065625
5 0.06323636084614329 0.434365 0.016323855386194253 0.0234365
6 0.06482258664484233 0.43828125 0.015615903590696166 0.015625
0 0.046865 0.36109365 0.009365 0.0046865
0 0.06554020423128501 0.42634365 0.0068569516953981 0.0068125
0 0.11156123135864806 0.41484365 0.00686604215446661 0.009365
0 0.13636124345889646 0.38046865 0.00943863251355632 0.0109365
4 0.1646089562563461 0.41865 0.01896625896699045 0.0390625
2 0.16061180961566515 0.3859365 0.009438632513556366 0.0109365
5 0.1615648668962665 0.4161865 0.030123836235821682 0.065
6 0.13629248438361016 0.40625 0.022064986899651618 0.034365
6 0.12169020423128502 0.42634365 0.015643164668035032 0.0203125
5 0.12020952351312568 0.42421865 0.025181806181592353 0.03125
5 0.13563452956325 0.40603125 0.03008646569950315 0.06865
6 0.15669133664484233 0.43828125 0.011036493949865809 0.0161865
5 0.15619246530852384 0.43203125 0.01581589654066201 0.0328125
