6 0.05625 0.18203125 0.1125 0.3265625
6 0.4365 0.2330145614231401 0.16865 0.2244192586805986
0 0.31640625 0.1862163185944696 0.0665625 0.1332569265949012
3 0.065625 0.03163231596219109 0.0265625 0.03609203610435348
3 0.35068125 0.23563505649422128 0.021865 0.03450226502611463
5 0.41696865 0.3359365 0.2828125 0.461865
5 0.08125 0.29453125 0.1625 0.5890625
5 0.69140625 0.2616243369412341 0.068125 0.1035695169539809
4 0.28828125 0.646865 0.3421865 0.115625
5 0.334365 0.66634365 0.45 0.3665625
5 0.609365 0.69453125 0.1 0.4109365