5 0.3203125 0.44490030855633445 0.01865 0.02198408430895533
0 0.6234365 0.22830462365820386 0.2046865 0.20586833603942993
2 0.51328125 0.4623398669544124 0.0125 0.011010222862636888
2 0.46015625 0.44155519916311946 0.0140625 0.014144313231616586
2 0.44453125 0.4533648526539156 0.0109365 0.011001132513556365
4 0.46015625 0.4603125 0.0161865 0.01865
5 0.4609365 0.45625 0.03125 0.046865
5 0.48661865 0.46161865 0.0390625 0.0359365
4 0.4890625 0.46109365 0.028125 0.0161865
4 0.50625 0.4661865 0.040625 0.025
3 0.69921865 0.4056893642239369 0.1140625 0.10846609621281204
5 0.61953125 0.2890625 0.5609365 0.38125
0 0.84453125 0.60068125 0.3109365 0.2421865
3 0.8634365 0.8636348664453916 0.161865 0.21506243949865808
6 0.6390625 0.91640625 0.315625 0.1661865
5 0.63984365 0.63984365 0.5203125 0.5203125