4 0.665 0.4609365 0.268125 0.2365
3 0.6102315662668626 0.2660554629136868 0.1430965359069618 0.15606622266624522
2 0.66953125 0.02890625 0.1953125 0.0568125
5 0.66890625 0.28984365 0.5984365 0.5696865
4 0.50234365 0.965625 0.1234365 0.06865
4 0.6568125 0.94365 0.140625 0.1125
4 0.93984365 0.9161865 0.1203125 0.165625
2 0.4661044181269315 0.8250924662333365 0.08163168903121983 0.08328519866214013
3 0.49161688485124836 0.9196055294650541 0.05499656220860695 0.05344316256668646
3 0.6906492885402404 0.8616458002466054 0.04092498184962643 0.05169884933606006
5 0.8515625 0.86328125 0.296865 0.2634365
5 0.68359365 0.8984365 0.2390625 0.203125
5 0.51484365 0.884365 0.2603125 0.23125