5 0.2661865 0.26421865 0.103125 0.4603125
3 0.384365 0.01161865 0.059365 0.0234365
6 0.42890625 0.2546865 0.2203125 0.509365
5 0.446865 0.2546865 0.25625 0.509365
1 0.48515625 0.6138021546183158 0.034365 0.04414998933699968
1 0.45859365 0.6244305620480432 0.0140625 0.015688632001908986
1 0.38984365 0.6314430933620436 0.0365 0.06293635200509069
0 0.3828125 0.6821425263610892 0.0609365 0.0835215620082624
0 0.56696865 0.6350682653962244 0.059365 0.08662839066462686
0 0.46634365 0.5551164980505886 0.0453125 0.061464658662816865
0 0.45546865 0.5892369593809524 0.034365 0.05196248933699968
6 0.49609365 0.661585664053134 0.1 0.10262610534690844
6 0.6546865 0.6548363294069965 0.128125 0.23430336935062651
6 0.3625 0.80859365 0.0865 0.2234365
6 0.33203125 0.65546865 0.0265625 0.1984365
5 0.35390625 0.68125 0.0603125 0.4365
5 0.40390625 0.81696865 0.1603125 0.3640625
5 0.4484365 0.6438436433699969 0.0665625 0.15556838534362665
5 0.468125 0.6215328386163613 0.14365 0.20948518268618094
5 0.64296865 0.6865 0.2109365 0.425