0 0.5068125 0.04296865 0.053125 0.0859365
0 0.66568125 0.03515625 0.0265625 0.0661865
0 0.6362402286156605 0.15234365 0.020685214662181595 0.040625
0 0.3012663393936691 0.23515625 0.02605339600562696 0.0421865
0 0.18106128536658934 0.04296865 0.01649658266026261 0.0265625
0 0.45162996606458694 0.26640625 0.020612489336999685 0.034365
4 0.46451166406904226 0.29921865 0.020948846664090582 0.0546865
4 0.29880495806808666 0.2921865 0.046256929344363104 0.08125
4 0.16404605536862522 0.125 0.03552042401336308 0.0984365
4 0.5304993060550429 0.19609365 0.08185106869190691 0.1859365
4 0.6460328253898611 0.20603125 0.016134066339262322 0.04365
5 0.4588965634006686 0.28661865 0.03836260401018138 0.065
5 0.3019663206351686 0.2953125 0.06692622135581612 0.165625
5 0.16858965205281566 0.1696865 0.05810559060654362 0.29365
3 0.18302366460558912 0.06634365 0.011155666002545346 0.01865
3 0.30093962263231516 0.26421865 0.012699994668999893 0.0161865
3 0.5145364040419981 0.1 0.023682945336363515 0.0296865
3 0.68125 0.109365 0.015625 0.040625
5 0.51640625 0.30859365 0.1390625 0.6161865
5 0.6398369433869521 0.19296865 0.035693144016544685 0.121865
5 0.65234365 0.325 0.0634365 0.65
6 0.66484365 0.234365 0.0484365 0.26865
5 0.80390625 0.66953125 0.2296865 0.2390625
5 0.91161865 0.89453125 0.1665625 0.2109365