6 0.384365 0.16109365 0.109365 0.1953125
3 0.38836142396359213 0.08046865 0.031695440006363404 0.046865
0 0.38359365 0.0203125 0.0515625 0.040625
5 0.3953125 0.3046865 0.0865 0.609365
6 0.45930808126686615 0.69921865 0.014389664003816963 0.028125
0 0.45800921061426513 0.6665625 0.006359088001262616 0.009365
5 0.4566916086091845 0.8140625 0.01963169201145392 0.084365
5 0.8256881539624562 0.6661865 0.006540901336626245 0.025
6 0.8111611206238201 0.60625 0.0064681660025454334 0.01865
5 0.8110611232893202 0.61484365 0.008430665340545216 0.053125
