1 0.39453125 0.440625 0.2296865 0.268125
2 0.40234365 0.11328125 0.2140625 0.2265625
5 0.2546865 0.28984365 0.509365 0.5696865
6 0.8293441498683631 0.234365 0.011010222862636888 0.0125
5 0.8266634691602038 0.23125 0.01418066466803521 0.0203125
2 0.542462294295666 0.340625 0.009429542154466843 0.009365
5 0.5386196668093343 0.3515625 0.02209316861691084 0.0365
5 0.1166441014663694 0.9140625 0.01629658430895533 0.01865
6 0.11666591663414806 0.91953125 0.014126132513556366 0.0109365
5 0.6203125 0.68984365 0.221865 0.4203125
5 0.8234365 0.66568125 0.353125 0.1921865