5 0.2640625 0.23046865 0.15 0.4609365
5 0.48359365 0.265 0.2890625 0.55
5 0.6661865 0.3 0.19365 0.5
5 0.6666663669954634 0.08639812566606206 0.03961601190385661 0.09553965896699045
5 0.6629390928931623 0.08965895423128502 0.016532933645025395 0.05946499394986581
4 0.6614538609453392 0.10303111386220536 0.01636839654066192 0.03291249394986581
4 0.6699049964839586 0.1059465564942213 0.01638648689965162 0.03446499394986581
2 0.668001608018463 0.046344616135141685 0.026626126463433166 0.028269536104353465
2 0.6628663600205255 0.06625895423128501 0.01630566466803503 0.02041249394986581
2 0.6143862495090206 0.09603109864689489 0.09425906010845856 0.08804542154466601
2 0.6681356530016209 0.16686800828961943 0.11151019262201585 0.09908291549465283
2 0.9345033066888089 0.06461908936612101 0.03302156825883114 0.03612839654066192
2 0.935144166103922 0.16486533936612102 0.10051815046653845 0.08964428298109546
1 0.9284986464839585 0.10686022694080248 0.023592036104353296 0.026698855386194254
1 0.9395866582896195 0.26608556526481996 0.06299996964936905 0.0863011143631848
1 0.696199851661956 0.19369601443693945 0.06460692154466601 0.09412260462226432
1 0.38515625 0.1109365 0.0921865 0.14365
1 0.6428935654612118 0.29619018003068823 0.08506586629005096 0.11924086939029934
4 0.45859365 0.33828125 0.2390625 0.4234365
4 0.64921865 0.38828125 0.1265625 0.3234365
4 0.62890625 0.4568125 0.2296865 0.184365
4 0.89921865 0.41953125 0.1665625 0.2609365
4 0.9890625 0.1625 0.021865 0.061865
2 0.13639195645263883 0.6836236254814645 0.10399666446164336 0.15059996369925485
3 0.1193828216166266 0.810858291162519 0.06592498184962643 0.051944295081344106
4 0.10859365 0.89140625 0.1890625 0.2161865
5 0.134365 0.6984365 0.26865 0.403125
