2 0.1636838302036388 0.46866146330646136 0.03145906825883123 0.03611930618159222
5 0.15625 0.46634365 0.10625 0.0453125
5 0.365625 0.95 0.09365 0.1
5 0.21328125 0.93661865 0.0921865 0.1265625
4 0.3846219962865668 0.9642963866699188 0.03154089149054691 0.05018180618159222
4 0.206464266439992 0.9421663366448424 0.036310204622264316 0.06426156825883115
0 0.3860116855151683 0.9164304680389984 0.022029536104353466 0.02668966502611463
3 0.38065666500366356 0.9369299116822198 0.0063045421544668435 0.009411361436318443
3 0.21644416406885985 0.9101941640688598 0.004642042154466666 0.009402261066238922
0 0.21319190905164512 0.8883009933606006 0.022020445645263666 0.02512626502611463
0 0.6661208849494443 0.884244652435886 0.08154089149054681 0.050462698662140125
0 0.8916032553626531 0.9302699359826165 0.06615336334016533 0.10200692659490121
3 0.8893594993126289 0.9464538004440961 0.04243293969514959 0.04243293969514959
3 0.6605659691602038 0.9666965958200286 0.05034543364502556 0.05966589149054655
5 0.60390625 0.8046865 0.2546865 0.390625