1 0.53661865 0.3865 0.0953125 0.161865
3 0.563866015518094 0.10611514665510506 0.0623386083130606 0.08010565651666246
4 0.58203125 0.3421865 0.1859365 0.453125
5 0.63359365 0.284365 0.2890625 0.56865
0 0.3 0.684365 0.368125 0.43125
5 0.15068125 0.684365 0.3015625 0.43125
3 0.63203125 0.61865 0.0921865 0.1
3 0.81640625 0.64665625 0.0515625 0.1568125
4 0.85390625 0.88046865 0.2921865 0.2390625
4 0.621865 0.84140625 0.19365 0.3161865
4 0.528125 0.684365 0.068125 0.43125
5 0.553125 0.684365 0.128125 0.43125
5 0.609365 0.684365 0.246865 0.43125
5 0.85603125 0.684365 0.2859365 0.43125