6 0.19296865 0.0865 0.2140625 0.165
5 0.165625 0.2046865 0.26865 0.409365
0 0.8421865 0.2493855016485159 0.1665625 0.11508961056599685
0 0.48203125 0.28400892398066396 0.128125 0.11480690944452864
0 0.88359365 0.049626396264125624 0.153125 0.09306835518980254
5 0.51865 0.31640625 0.359365 0.1859365
5 0.80859365 0.29140625 0.3828125 0.2359365
3 0.80546865 0.3390156283101448 0.065 0.06606133623582168
3 0.48661865 0.36362369505690286 0.068125 0.0551420169539809
3 0.01865 0.44609365 0.0365 0.0634365
4 0.0546865 0.61696865 0.109365 0.5640625
5 0.11696865 0.6046865 0.2359365 0.590625
0 0.69365 0.6046865 0.4125 0.590625
5 0.58515625 0.6046865 0.5603125 0.590625
6 0.36696865 0.63046865 0.1359365 0.5390625