0 0.01696865 0.35625 0.0359365 0.068125
1 0.6984060634149962 0.2843361669065302 0.12068630935608982 0.16569086629005096
3 0.65603125 0.03046865 0.0696865 0.0609365
4 0.64365 0.246865 0.25 0.465625
5 0.8068125 0.23984365 0.368125 0.4696865
5 0.42890625 0.94609365 0.0609365 0.1068125
0 0.5911806253580444 0.5590695639562229 0.012636356336090965 0.020385222862636065
5 0.59921865 0.56568125 0.0390625 0.0568125
4 0.6948345260582246 0.5153048966569092 0.025363626660908866 0.031395445645263664
0 0.6 0.484365 0.0125 0.009365
3 0.6985316906224519 0.4963588625546082 0.009484088001262616 0.009429542154466666
5 0.690625 0.50859365 0.04365 0.0568125