3 0.02109365 0.13125 0.0421865 0.065
6 0.13203125 0.26265625 0.2640625 0.4328125
5 0.15546865 0.24453125 0.3109365 0.4890625
3 0.46640625 0.95625 0.0859365 0.0865
2 0.42568125 0.65859365 0.1661865 0.1696865
5 0.3356890666668519 0.6236859161820239 0.08038645664913058 0.12066610831306043
5 0.315625 0.66640625 0.3865 0.4661865
3 0.53359365 0.66640625 0.0484365 0.0661865
3 0.9048208628491959 0.8156168504162245 0.05653180113146803 0.04866465292686626
0 0.8946550055591449 0.6969223925606022 0.16960448660335966 0.1650442586805986
0 0.5640625 0.61161865 0.109365 0.1484365
4 0.63984365 0.8890625 0.2609365 0.221865
4 0.9015625 0.8984365 0.196865 0.203125
5 0.84296865 0.6984365 0.3140625 0.403125
5 0.66953125 0.65859365 0.3203125 0.4828125