0 0.66328125 0.03046865 0.1140625 0.0609365
4 0.628125 0.23984365 0.19365 0.2568125
5 0.69665625 0.184365 0.2696865 0.36865
3 0.6521834020528158 0.08624064940322404 0.06082156633926233 0.04456816000954502
2 0.0632563286919069 0.5561896226323151 0.10439669334818116 0.11056496801399935
3 0.0559612880330894 0.6146930363965426 0.06024660401018138 0.06569089066462685
6 0.04296865 0.64609365 0.0859365 0.3015625
5 0.0859365 0.646865 0.161865 0.50625
3 0.8560805346310426 0.6826164314130863 0.1414624360269986 0.2068681386855445
0 0.8125 0.45546865 0.2625 0.1634365
6 0.64921865 0.84453125 0.3696865 0.3109365
5 0.66421865 0.684365 0.4421865 0.63125