3 0.5362203428931623 0.09695362644539168 0.04561246569950324 0.06901362041330898
6 0.52421865 0.246865 0.0603125 0.30625
6 0.6064908340143669 0.1121994962695255 0.004632951695398144 0.006839661066238832
6 0.6614016291939066 0.1126661298812686 0.004632951695398144 0.006839661066238922
6 0.6684101532962086 0.1086199632654204 0.006921584308955332 0.018695451695398054
2 0.862055614166693 0.09020580162064334 0.004642042154466844 0.009402261066238834
2 0.8144311804235616 0.09595180666256169 0.004642042154466844 0.009402261066238834
2 0.668328340064492 0.0946564632654204 0.004632951695398144 0.006839661066238832
5 0.8629141322189696 0.10348250654110354 0.014316030054229106 0.04383181323161659
5 0.8160436663985096 0.10453646631349205 0.011119306181592219 0.031313632513556364
5 0.6691595860394299 0.10324666808588059 0.009529536104353465 0.026616042154466666
5 0.660611288834828 0.11110916506081845 0.0063226228626368865 0.012536361436318444
5 0.6145129936552882 0.1105960906536662 0.00691249394986581 0.016232951695398143
5 0.6066914032962086 0.1090690424490653 0.004651132513556366 0.010964661066238833
4 0.8645220840143669 0.11128591618202392 0.009502265026114632 0.021929542154466666
4 0.8168466532962086 0.10843816213395228 0.006921584308955332 0.018695451695398144
6 0.36421865 0.68125 0.3603125 0.5625
5 0.2696865 0.6 0.559365 0.6
3 0.65603125 0.425 0.0665625 0.05
4 0.6638062221852658 0.5630314163684156 0.18116922852996666 0.25563289129415605
5 0.8234365 0.6 0.353125 0.6