0 0.55603125 0.05068125 0.1634365 0.1015625
6 0.56696865 0.325 0.2665625 0.309365
3 0.56696865 0.16646004439396292 0.096865 0.09265110226293623
5 0.66953125 0.23984365 0.4696865 0.4696865
6 0.00859365 0.684365 0.0161865 0.1625
6 0.02568125 0.6053566831540461 0.040625 0.08929884933606006
6 0.059365 0.680552125864258 0.0625 0.1165511143631848
6 0.08661865 0.6361699561581512 0.025 0.06358294564526395
6 0.13828125 0.6896049390066686 0.0921865 0.1802238311856965
6 0.1859365 0.6281634449596069 0.034365 0.09606498689965162
6 0.21953125 0.6533588866699188 0.0665625 0.1191954265949012
6 0.3068125 0.6382464929669162 0.053125 0.11280906220860695
6 0.35234365 0.6658503182016863 0.08125 0.13162269866214012
6 0.40068125 0.6328125 0.0568125 0.103125
0 0.41161865 0.5568206518466118 0.03125 0.032994306181592394
0 0.340625 0.5561883905085891 0.040625 0.04242384933606006
0 0.31015625 0.5421663685065366 0.03125 0.0361193061815924
0 0.2109365 0.5516463906049809 0.0296865 0.032985216822512695
0 0.19296865 0.5446106015655652 0.0234365 0.028261355386194252
0 0.14365 0.5560430052645563 0.04365 0.04556603005422928
0 0.068125 0.5651924601832133 0.0161865 0.02509999394986581
0 0.0568125 0.5662616855151683 0.0328125 0.03669089654066192
0 0.046865 0.5492294030016209 0.01865 0.014161584308955331
0 0.02109365 0.5318919120668063 0.0234365 0.025136355386194253
0 0.0046865 0.5484365 0.009365 0.04365
3 0.00234365 0.58984365 0.0046865 0.0161865
3 0.025 0.5616021369645064 0.0140625 0.012581813231616588
3 0.06265625 0.5853168939264346 0.00625 0.006848861436318444
3 0.0640625 0.6032356469514968 0.0125 0.012562622862636888
3 0.1484365 0.6052890263416962 0.0161865 0.02353649394986581
3 0.21640625 0.5845906069616595 0.015625 0.015615903590696286
3 0.3161865 0.5696082851223949 0.0140625 0.011019313231616588
3 0.346865 0.6001935019449066 0.015625 0.016268403590696288
3 0.41161865 0.5856260018466118 0.0140625 0.012581813231616588
5 0.02421865 0.640625 0.0484365 0.428125
5 0.0296865 0.6600669090516453 0.0546865 0.28469316256668665
5 0.04665625 0.5560464481811608 0.01865 0.03292158430895533
5 0.08661865 0.6580549561581512 0.034365 0.19238648689965163
5 0.06328125 0.6930648516619569 0.068125 0.28639201695398084
5 0.1640625 0.6326236699325924 0.021865 0.08136626502611463
5 0.14453125 0.6426663004440961 0.1068125 0.4225022346664936
5 0.1921865 0.6656998063960254 0.0546865 0.26219316256668664
5 0.2265625 0.602618544295666 0.0890625 0.3348931504665381
5 0.30859365 0.652314538146456 0.0609365 0.2550420240041051
5 0.361865 0.62890625 0.115625 0.3984365
5 0.40068125 0.66953125 0.0568125 0.2640625
