3 0.28886108156848085 0.14493316656480636 0.016451120413308985 0.04541249394986581
3 0.4244540565643658 0.20506980533488065 0.03144998689965162 0.034556806181592396
0 0.4326438014260558 0.12300310353948252 0.06666928903121965 0.08320338544042354
0 0.29006594291660354 0.06383486139526656 0.06561814441641391 0.10668633623582163
6 0.24186284085005895 0.3006600821666561 0.14089865253408266 0.316434041958086
6 0.4284360546456055 0.32614628425664165 0.13436695140261462 0.26696018052166656
5 0.21953125 0.29453125 0.2328125 0.5603125
5 0.40603125 0.328125 0.2140625 0.503125
4 0.265 0.80234365 0.55 0.3953125
5 0.265 0.68984365 0.55 0.4203125
1 0.68515625 0.63984365 0.2603125 0.1203125
4 0.665 0.82421865 0.45 0.3515625
5 0.665 0.68984365 0.45 0.4203125