5 0.165625 0.228125 0.33125 0.45625
3 0.89365 0.46640625 0.19365 0.2046865
6 0.65068125 0.384365 0.3828125 0.36865
0 0.95546865 0.284365 0.0890625 0.56865
5 0.6696865 0.284365 0.440625 0.56865
4 0.3359365 0.8265625 0.3865 0.346865
3 0.3431131539835696 0.640625 0.11289088544042362 0.0661865
3 0.01696865 0.59140625 0.0359365 0.0453125
0 0.39140625 0.60234365 0.2161865 0.0661865
5 0.2696865 0.684365 0.559365 0.43125
5 0.068125 0.684365 0.15625 0.43125
1 0.865625 0.890625 0.26865 0.21865
2 0.88984365 0.6109365 0.2203125 0.203125
4 0.6859365 0.95390625 0.428125 0.0921865
5 0.6696865 0.684365 0.440625 0.43125