2 0.2956605380492611 0.6269659586444055 0.02832498689965162 0.03460226400381696
2 0.038366188516699314 0.6130385386094061 0.040861349336060066 0.041096614662181596
4 0.29453125 0.60603125 0.0421865 0.0859365
5 0.29665625 0.668125 0.0953125 0.14365
5 0.06015625 0.60068125 0.1203125 0.0984365
1 0.58125 0.4234365 0.384365 0.284365
2 0.584365 0.1421865 0.390625 0.159365
4 0.69453125 0.65546865 0.6109365 0.1890625
5 0.69453125 0.4046865 0.6109365 0.690625
4 0.19453125 0.89140625 0.3890625 0.2161865
5 0.19453125 0.865 0.3890625 0.25
5 0.56265625 0.865 0.3661865 0.25