1 0.109365 0.24540669062245196 0.1203125 0.21546246268299923
0 0.165 0.12265625 0.2125 0.2453125
0 0.2634365 0.41328125 0.196865 0.2328125
6 0.2515625 0.45390625 0.440625 0.1515625
6 0.061865 0.26865 0.14365 0.521865
5 0.1421865 0.26484365 0.284365 0.5296865
5 0.26328125 0.39665625 0.4921865 0.2640625
2 0.88359365 0.05961518606666964 0.05625 0.06159202800663595
3 0.98359365 0.02109365 0.0328125 0.0421865
4 0.98046865 0.2568125 0.0390625 0.328125
4 0.9359365 0.2015625 0.128125 0.31865
4 0.8203125 0.3152288420591691 0.168125 0.34638516202418063
6 0.8015625 0.1546865 0.18125 0.309365
6 0.65546865 0.1265625 0.1109365 0.253125
5 0.95068125 0.26484365 0.0984365 0.5296865
5 0.9015625 0.26484365 0.196865 0.5296865
5 0.82634365 0.26865 0.2515625 0.521865
5 0.66890625 0.26484365 0.2953125 0.5296865
5 0.66634365 0.25603125 0.1546865 0.5140625
1 0.16696865 0.9068125 0.3359365 0.184365
2 0.2109365 0.6109365 0.421865 0.265
4 0.26421865 0.9365 0.5484365 0.125
5 0.3 0.66484365 0.6 0.4603125
