1 0.1625 0.2359365 0.2365 0.461865
0 0.5241248638622054 0.045890461266265366 0.015606813231616586 0.01424431333545444
5 0.5221992603898668 0.11669264326659355 0.03530221662612103 0.15966498933699966
6 0.8068060645463981 0.15432649056132256 0.02532625292686635 0.05654090133662606
6 0.9082691014663694 0.26034229455664136 0.025236349336060062 0.04091590133662625
6 0.9490066309658644 0.28940082988545984 0.028460433645025394 0.05960226400381696
6 0.9242658965586132 0.335685481222186 0.02848861436318444 0.06282626400381696
0 0.9495026346548566 0.24016298921868616 0.015634084308955332 0.01893181333545435
0 0.9062560463208391 0.23050663522441411 0.01631466502611463 0.02206499466899989
0 0.80651962823539 0.10510864056132255 0.01564316466803512 0.020494313335454352
5 0.8069696010098311 0.18245249056132256 0.03230448165323559 0.18161362666090888
5 0.9084636345566606 0.30549854455664136 0.02913402985683662 0.16366466400381696
5 0.922886113381226 0.36549116255563233 0.0509999394986581 0.16245680266345415
5 0.9523190833269968 0.3213956162183689 0.038562662361394985 0.1848113520050906
5 0.0359365 0.65 0.061865 0.5
5 0.52890625 0.65 0.2140625 0.5
6 0.46259460100983114 0.6864148999443206 0.0860930668660468 0.2962942920114542
3 0.4634595536636468 0.560162056612048 0.03461134933606006 0.041024989336999686