3 0.49646943625926264 0.10546865 0.009429542154466666 0.009365
0 0.4958063619262969 0.08515625 0.01886626502611463 0.021865
4 0.48386853366846656 0.12109365 0.029923849336060063 0.040625
4 0.5610313861266946 0.15390625 0.022238614363184695 0.0625
5 0.5662904664868643 0.15234365 0.04660222862636941 0.125
5 0.4915546682822623 0.14453125 0.056068132316165524 0.140625
0 0.33203125 0.60390625 0.2046865 0.2603125
6 0.64296865 0.83046865 0.2921865 0.3390625
3 0.43115298858612264 0.65603125 0.10559653590696181 0.15625
5 0.50625 0.684365 0.565625 0.43125
0 0.8296865 0.64140625 0.08125 0.1453125
5 0.89453125 0.66161865 0.2109365 0.3859365