3 0.19493164668035032 0.14925354869366609 0.04256929508134384 0.06586043969514968
0 0.18662382211051112 0.06414265058916518 0.08811814441641408 0.10665906010845856
6 0.2466664683335859 0.33020811212368956 0.1636930618159236 0.31349993949865693
5 0.2365 0.284365 0.384365 0.56865
6 0.928125 0.23359365 0.14365 0.4661865
6 0.6400549116822196 0.30246295580241884 0.24932030659241622 0.4216486666345696
6 0.5661865 0.3125 0.234365 0.496865
0 0.66696865 0.01484365 0.1046865 0.0296865
3 0.9453125 0.01015625 0.068125 0.0203125
3 0.6825231611519936 0.0824866086292851 0.058166024004105096 0.06126384328594586
5 0.56634365 0.284365 0.2546865 0.56865
5 0.66161865 0.284365 0.3515625 0.56865
5 0.8921865 0.284365 0.215625 0.56865
