5 0.284365 0.14140625 0.56865 0.2828125
5 0.90390625 0.003125 0.0203125 0.00625
6 0.1109365 0.425 0.15 0.2125
0 0.11015625 0.3365 0.0921865 0.0365
5 0.1 0.56865 0.2 0.5
0 0.813322538649168 0.6493112162333365 0.20264538136536221 0.2361010659621909
3 0.8128423654365861 0.9094538306946181 0.039698846664090495 0.05491465896699054
0 0.6615863826169966 0.5188146642652516 0.1646635686919069 0.18688289634428026
4 0.64453125 0.95068125 0.2265625 0.0984365
4 0.65625 0.8109365 0.165 0.368125
5 0.69140625 0.60390625 0.2453125 0.5921865
5 0.8015625 0.809365 0.35625 0.38125