0 0.9695055415653024 0.06901262990461968 0.029968391490546908 0.050162616822512696
4 0.96634365 0.1109365 0.0453125 0.059365
5 0.961865 0.1328125 0.05625 0.165
1 0.23515625 0.5640625 0.0859365 0.028125
1 0.24932030659241622 0.6208558380213885 0.06543633623582169 0.06543633623582169
1 0.538528252336691 0.6441641215916593 0.06923168903121965 0.08321246569950324
1 0.09834866993259233 0.8233001028521114 0.06286260462226432 0.0644261143631848
1 0.034365 0.58515625 0.06865 0.0603125
2 0.0844946363105664 0.6249398609042882 0.102180644416414 0.10684086334016515
2 0.26568125 0.95546865 0.1068125 0.0890625
2 0.4869464693565955 0.644465013082206 0.10988406010845856 0.0881363251355633
2 0.23626569468856052 0.6256160608940255 0.0895160169539809 0.06864315046653826
4 0.0453125 0.81328125 0.090625 0.3634365
4 0.08489863640866226 0.6600915656246485 0.12426462266624522 0.1429056383662896
4 0.12421865 0.921865 0.2421865 0.15625
4 0.5203125 0.88828125 0.168125 0.2234365
5 0.42265625 0.59365 0.2921865 0.0865
5 0.56953125 0.665 0.0696865 0.45
5 0.48515625 0.68515625 0.2484365 0.2603125
5 0.484365 0.6865 0.25 0.425
5 0.33125 0.94921865 0.23125 0.1015625
5 0.29665625 0.68203125 0.3109365 0.4359365
5 0.26640625 0.64365 0.3453125 0.3865
5 0.2 0.5953125 0.265625 0.090625
5 0.08515625 0.68125 0.1603125 0.2625
5 0.1515625 0.828125 0.303125 0.34365
5 0.0828125 0.665 0.165625 0.45
1 0.91640625 0.64921865 0.1661865 0.3984365
4 0.8046865 0.8203125 0.390625 0.359365
5 0.8046865 0.665 0.390625 0.45