6 0.153125 0.1203125 0.125 0.240625
6 0.36328125 0.11328125 0.1296865 0.2265625
3 0.165 0.00625 0.03125 0.0125
5 0.365625 0.3015625 0.196865 0.603125
5 0.16696865 0.3068125 0.1953125 0.615625
6 0.88359365 0.440625 0.2328125 0.468125
5 0.8359365 0.33984365 0.328125 0.6696865
0 0.884365 0.0568125 0.184365 0.115625
3 0.8919112858096659 0.18621405140036056 0.09145222266624505 0.14324201634563582
5 0.0890625 0.8015625 0.168125 0.24365
5 0.1328125 0.65390625 0.096865 0.1484365
5 0.1859365 0.6890625 0.16865 0.21865
5 0.25546865 0.6546865 0.1390625 0.15
5 0.3365 0.6603125 0.140625 0.18125
5 0.3634365 0.63515625 0.09365 0.1109365
5 0.41865 0.65603125 0.128125 0.1546865
5 0.4603125 0.653125 0.068125 0.146865
4 0.65 0.90390625 0.48125 0.1921865
5 0.6546865 0.83984365 0.490625 0.3203125