5 0.11015625 0.0140625 0.0484365 0.028125
0 0.859365 0.2816104830269668 0.1 0.06089428298109546
0 0.95 0.309365 0.1 0.1365
3 0.8865 0.3299843565645446 0.0453125 0.056513620413308985
3 0.8390625 0.34645365669601283 0.0546865 0.039380662566686464
4 0.90546865 0.45859365 0.1828125 0.1421865
5 0.68984365 0.359365 0.4203125 0.325
5 0.64665625 0.3565691936021604 0.3161865 0.2621568428931625
3 0.665625 0.6650052929400446 0.01865 0.01629658430895533
2 0.66696865 0.6290541564014252 0.025 0.020456945645263665
4 0.6568125 0.6314569946354426 0.06865 0.11446246569950324
5 0.65 0.6699399465308408 0.1125 0.3334660058536326