4 0.5984365 0.40234365 0.2365 0.2140625
3 0.6066803312380953 0.225 0.06815111066690855 0.0828125
2 0.6046285645942306 0.05603125 0.09324201634563562 0.090625
5 0.60603125 0.2546865 0.5359365 0.509365
5 0.18125 0.6546865 0.3625 0.490625
2 0.9126212459023226 0.66953125 0.00950226933481808 0.0109365
2 0.8994581662358682 0.66696865 0.011064669334818082 0.0109365
3 0.5492663639004136 0.68359365 0.0064499946689998925 0.0161865
2 0.5666184025600498 0.66161865 0.014280666002545433 0.01865
2 0.5533098832352318 0.66265625 0.011136494668999891 0.0161865
4 0.911303649228232 0.82421865 0.014689653341816656 0.0625
4 0.895615011895323 0.82109365 0.02623520934118149 0.0568125
3 0.9040002265665046 0.68046865 0.00693966933481808 0.0109365
3 0.9116854545661864 0.6828125 0.006359088001262539 0.009365
4 0.5533629605601866 0.834365 0.024346566666262286 0.068125
4 0.5636019458943685 0.828125 0.014898841343090464 0.061865
4 0.560668646562632 0.815625 0.01655224801081665 0.0696865
2 0.5618663612349136 0.665 0.006994313335454351 0.015625
5 0.569660129893414 0.83515625 0.04629426535645338 0.1603125
5 0.5602586698918231 0.846865 0.054961314688089936 0.1568125
5 0.5430066352244141 0.85234365 0.05512494668999892 0.161865
5 0.9032911545592321 0.84140625 0.03624666635518084 0.1609365
5 0.8930530885582668 0.8484365 0.05983062802354446 0.1634365