0 0.19115554262654265 0.1956819306164568 0.02066612666090888 0.0314863563360908
5 0.19284531206236066 0.20660124928391136 0.04306020401018138 0.06549089600562696
4 0.1856231580601336 0.19036681528486594 0.022329533338636055 0.039316038669636165
4 0.51865 0.665625 0.1 0.453125
4 0.45603125 0.60546865 0.0665625 0.3328125
4 0.3109365 0.65625 0.13125 0.234365
4 0.14453125 0.64453125 0.1421865 0.2109365
4 0.021865 0.60603125 0.04365 0.3359365
5 0.06568125 0.66953125 0.1515625 0.4609365
5 0.15390625 0.66953125 0.2453125 0.4609365
5 0.3296865 0.66953125 0.225 0.4609365
5 0.44296865 0.66953125 0.1953125 0.4609365
5 0.48125 0.66953125 0.165 0.4609365
3 0.6936345580442252 0.5523848245942306 0.011101132001908986 0.014189669334818081
5 0.68661865 0.584365 0.0453125 0.090625
4 0.6946603440483615 0.5828444839264569 0.016696566339262324 0.04394999466899989