0 0.4224592446362468 0.025693956909004205 0.023663849336060064 0.0408966200031816
0 0.26625186514865166 0.04602516259550329 0.01636839654066192 0.033012494668999894
4 0.26044960314669906 0.06666562593095665 0.01905906220860695 0.053343166002545435
4 0.4221365368899204 0.08126260690900421 0.041069516953980904 0.0685966146621816
4 0.203125 0.03125 0.061865 0.0625
5 0.2665490308396962 0.06586515993000323 0.03469315651666246 0.06226498933699968
5 0.41821665135130104 0.08365191124286669 0.06810562626604134 0.1585942963424542
5 0.55390625 0.06015625 0.0453125 0.1203125
3 0.42145982601933606 0.06330304856566689 0.011028403590696288 0.015652269334818082
5 0.209365 0.190625 0.109365 0.38125
5 0.09665625 0.01161865 0.0296865 0.0234365
5 0.05 0.21161865 0.1 0.4234365
6 0.04365 0.065625 0.0865 0.13125
6 0.4890625 0.5890625 0.028125 0.01865
