0 0.5620336392823205 0.05896204166349841 0.01918635200509069 0.036609084308955334
0 0.8642859352621391 0.13563556132494418 0.023892033338636053 0.039198855386194255
0 0.6295836612683211 0.16306880044409612 0.01911362666090888 0.03135908430895533
4 0.6166382259309566 0.19269356656146022 0.01931362133990866 0.04854658430895533
4 0.8668109512651394 0.18631625204310348 0.041469522666635835 0.06366384933606006
4 0.9859365 0.03984365 0.028125 0.0696865
4 0.6568916059436845 0.09858905356635512 0.06225690268936265 0.16659656615858266
4 0.5520668366088663 0.10891649950902066 0.014516033338636054 0.03914431323161659
5 0.6223524265993213 0.18022539382823882 0.03515669634245403 0.06638648689965162
5 0.8636586692648213 0.18964182132494416 0.06891462668681622 0.1488283854404236
5 0.96890625 0.10859365 0.0421865 0.2161865
3 0.8646581052663668 0.16089636650448403 0.01111931333545435 0.015688632513556364
3 0.6603125 0.01328125 0.021865 0.0265625
3 0.5109256626209566 0.01960955981386098 0.03323066066154515 0.03612839654066192
5 0.66865 0.2046865 0.125 0.409365
5 0.5584904686106652 0.09489136094533919 0.030960193348181165 0.1095466168225126
5 0.5046865 0.2046865 0.15 0.409365
6 0.49631618526213914 0.13359469166169425 0.12000560669954403 0.24286926693096126
