5 0.12418030504029306 0.196865 0.03490224082661696 0.090625
6 0.12109166646661151 0.190625 0.01425339654066192 0.0328125
0 0.5164496182620095 0.6984365 0.032994306181592394 0.03125
0 0.8006336206313365 0.63125 0.04613862041330898 0.0453125
0 0.8420581514494969 0.628125 0.033030668616910666 0.0365
0 0.883605302015231 0.60390625 0.04615680113146803 0.0484365
0 0.9841411123200812 0.64609365 0.02989656825883114 0.0359365
0 0.99609365 0.6125 0.0068125 0.0365
3 0.8904183833963202 0.64140625 0.01414431323161641 0.0140625
3 0.8325013442669043 0.659365 0.01886816466803521 0.0203125
3 0.8019462358566483 0.66421865 0.02200226502611463 0.021865
1 0.515491106269956 0.62890625 0.02199316466803503 0.0203125
6 0.49946966600906323 0.6953125 0.06629668656189165 0.115625
6 0.6586546681093216 0.8296865 0.0852566648306228 0.1515625
6 0.8212320461614985 0.81640625 0.06006495664913058 0.1203125
6 0.8696013624182661 0.8109365 0.08045109016268803 0.13125
6 0.9458665221563934 0.86634365 0.03953519866214013 0.08125
6 0.96421865 0.83046865 0.0515625 0.1546865
5 0.95625 0.84365 0.0865 0.3125
5 0.9484365 0.86161865 0.103125 0.2665625
5 0.86161865 0.83828125 0.1328125 0.3234365
5 0.8068125 0.8515625 0.1 0.296865
5 0.6546865 0.85068125 0.140625 0.2984365
5 0.5062601214934634 0.83661865 0.12843511396040128 0.321865