5 0.06921606996921169 0.361643899268003 0.03686260462226432 0.06449885200509069
5 0.9359365 0.33203125 0.128125 0.6140625
5 0.83359365 0.41865 0.1921865 0.440625
5 0.6356546561068366 0.23615129626291234 0.03961601190385654 0.09566603333863615
5 0.8286006812091384 0.23896565691695838 0.016532933645025395 0.05956499466899989
4 0.8300859131569618 0.2522388265834129 0.016368396540662098 0.033012494668999894
4 0.6324160266183423 0.25561890993000324 0.01582498689965162 0.03455681333545444
2 0.634319416083828 0.1961069685964568 0.026626126463433166 0.028434082660262608
2 0.8286688589022356 0.22625600691695838 0.01630566466803521 0.020512494668999893
2 0.6869346645932803 0.24646962258913992 0.09425906010845856 0.08859088001262662
2 0.6241899162802198 0.3269035665966304 0.11151019262201593 0.09962836468162661
2 0.568598966313492 0.21544044995226493 0.03302156825883114 0.036319308004454334
2 0.566958096998369 0.3255966999522649 0.10051815046653826 0.09022610534690845
2 0.48646623234060666 0.19451086929663806 0.029851126463433166 0.028460445336363516
2 0.39365 0.10603125 0.128125 0.1640625
1 0.4861944312091386 0.2429483692966381 0.028352258966990362 0.039389664003816964
1 0.43613592525621023 0.291195522636865 0.1062316586805986 0.16998633068109026
1 0.5646035266183423 0.25655522461809316 0.022029536104353466 0.02681603866963616
1 0.5635200609922213 0.41604840328613846 0.06299996964936905 0.08666465334181665
1 0.805339922330344 0.34314563625336633 0.0645988311856965 0.0929329346653633
1 0.658650653810629 0.44602563659295686 0.08505666693096118 0.11816929201145392
4 0.85068125 0.50625 0.1265625 0.265625
4 0.6603125 0.5665625 0.228125 0.125
4 0.6015625 0.5390625 0.165 0.2
4 0.45 0.46890625 0.240625 0.3203125
4 0.5055262646914662 0.31460520329409265 0.03948065651666246 0.06232953333863605
5 0.26421865 0.81953125 0.1109365 0.3609365
