0 0.23203125 0.21953125 0.4640625 0.4390625
5 0.096865 0.21953125 0.19365 0.4390625
3 0.561865 0.1161865 0.165625 0.234365
6 0.66265625 0.24365 0.3661865 0.390625
5 0.6859365 0.21953125 0.39365 0.4390625
2 0.30234365 0.5303612166062655 0.2203125 0.15440664063022614
5 0.24453125 0.61953125 0.4890625 0.5609365
1 0.26634365 0.8609854134515494 0.225 0.26318401160646466
0 0.503125 0.534365 0.028125 0.046865
2 0.884365 0.4699281005144204 0.03125 0.023619306181592396
6 0.884365 0.5363343505144205 0.06865 0.08633646569950324
6 0.5161865 0.640625 0.05625 0.15
3 0.496865 0.56696865 0.015625 0.0265625
3 0.8696865 0.4996428615916593 0.021865 0.02200226502611463
5 0.88661865 0.516560614965801 0.1015625 0.12090336334016516
5 0.51953125 0.60546865 0.0609365 0.3953125