6 0.328125 0.3866600099459116 0.140625 0.32038632001909006
3 0.284365 0.16664683628518403 0.0421865 0.04892839600562605
2 0.26015625 0.06161865 0.0696865 0.1234365
5 0.396865 0.28984365 0.36865 0.5696865
4 0.825 0.50390625 0.35 0.1515625
2 0.825 0.06890625 0.35 0.1568125
5 0.825 0.28984365 0.35 0.5696865
3 0.83828125 0.38828125 0.3234365 0.3828125
0 0.29365 0.626504661944639 0.0665625 0.11026588534362665
3 0.30234365 0.668648424610139 0.0265625 0.058121582660262606
6 0.384365 0.6654501545990031 0.115625 0.15603291868236296
5 0.34921865 0.6616966346036656 0.1859365 0.2162260686919069
5 0.825 0.68984365 0.35 0.4203125
4 0.825 0.90234365 0.35 0.1953125
1 0.85234365 0.6953125 0.2953125 0.225
2 0.825 0.625 0.35 0.090625