5 0.2223188649523599 0.1851581906653042 0.006966036104353466 0.026606951695398144
6 0.2048950156162898 0.22588318462518001 0.009493164668035032 0.020366042154466665
5 0.20484046346181206 0.23525818462516995 0.01126465292686635 0.056313632513556265
5 0.6609365 0.2546865 0.603125 0.509365
4 0.64365 0.4365 0.415625 0.14365
2 0.62568125 0.06865 0.2265625 0.1365
1 0.6845092618628056 0.339214952580965 0.18611015632126062 0.2026442526304645
2 0.12890625 0.98515625 0.1161865 0.0296865
5 0.43661865 0.58046865 0.1546865 0.1421865
6 0.6890625 0.80625 0.190625 0.3865
0 0.6810898669544125 0.5644680521134268 0.08336601190385662 0.09569428903121982
5 0.6234365 0.6546865 0.425 0.490625