6 0.4568125 0.659365 0.321865 0.48125
5 0.309365 0.659365 0.61865 0.48125
3 0.9845164632082656 0.610112218099059 0.02355566466803521 0.020448855386194252
3 0.9142458698241338 0.6165525342566418 0.029823855386194253 0.023610216822512696
3 0.8635608628491959 0.6091951335936118 0.02512626502611463 0.022020445645263666
3 0.8126642634149299 0.6336684065968169 0.025136355386194253 0.023582945645263664
3 0.6968664622834616 0.6854218111886131 0.01886626502611463 0.021984084308955508
3 0.6594901921310366 0.6066336298065239 0.023564665026114632 0.022011355386194253
3 0.6065822584860111 0.6466586116561513 0.02668966502611463 0.022029536104353466
3 0.6095538246445938 0.6169621212960616 0.023564665026114632 0.022011355386194253
3 0.6341620295632499 0.6526634585328934 0.02199316466803503 0.020439665026114552
3 0.642384505362653 0.6214680066364953 0.025145445645263666 0.025145445645263666
0 0.634365 0.61640625 0.03125 0.0359365
0 0.6436688396699045 0.6653651663684156 0.040860439695149666 0.04242384933606006
0 0.6112656946885605 0.6093546356584523 0.036136486899651616 0.03458406825883114
0 0.6140049653085239 0.6663098502198328 0.039316030054229284 0.04396625896699054
0 0.6592583869645064 0.666889969806524 0.039298849336060064 0.040852258966990366
0 0.8036623629463916 0.6446559045626548 0.036626258966990544 0.03928066861691084
0 0.8195419030016209 0.6884150009819586 0.042451120413308986 0.04555693969514958
0 0.8656510024358869 0.6638689980550925 0.04242384933606006 0.040860439695149666
0 0.9186606590516453 0.6606502631804029 0.04861930113146803 0.048619301131468204
0 0.98125 0.6625 0.0365 0.05
6 0.6515625 0.8068125 0.065625 0.15625
6 0.64665625 0.6953125 0.0568125 0.059365
6 0.6039850806946181 0.6008064365538503 0.0833488311856965 0.09266928903121982
6 0.6116981066256895 0.8169530309369921 0.0853566586805986 0.16924086939029925
6 0.6655260895635126 0.8043581635496453 0.06026585518980241 0.15346043364502538
6 0.6900543909013625 0.6229626168044614 0.03146625896699054 0.0392443061815924
6 0.8101536883438488 0.8205053383159662 0.09941016842151916 0.16666019262201594
6 0.8622665384420444 0.6552969639526915 0.05664086939029916 0.08460225292686635
6 0.9108668606506516 0.8082002601553409 0.12911584913966822 0.16105690944452864
6 0.96161865 0.69921865 0.0665625 0.1603125
6 0.98046865 0.8515625 0.0390625 0.225
5 0.6365 0.69921865 0.0365 0.4015625
5 0.65603125 0.82634365 0.0665625 0.3453125
5 0.69665625 0.69365 0.1161865 0.4125
5 0.60234365 0.8265625 0.1068125 0.346865
5 0.6484365 0.82265625 0.090625 0.3546865
5 0.6859365 0.8125 0.084365 0.365
5 0.69921865 0.83125 0.1328125 0.3365
5 0.85603125 0.81696865 0.0921865 0.3640625
5 0.90068125 0.82109365 0.1661865 0.3568125
5 0.94921865 0.815625 0.1015625 0.36865
5 0.9609365 0.8296865 0.068125 0.340625