0 0.02421865 0.16634365 0.0484365 0.0984365
3 0.01466828695354652 0.22821698611418466 0.019368165340545216 0.05323408430895542
5 0.0234365 0.21640625 0.046865 0.1890625
6 0.940625 0.01953125 0.065625 0.0390625
5 0.92634365 0.028125 0.0984365 0.05625
0 0.5520565605904126 0.9518666800306881 0.006866044000636269 0.004632951695396966
6 0.5511662225891399 0.9612481348512484 0.014206950668363622 0.012581813231616665
5 0.548686109922049 0.9643594993126289 0.02066612666090888 0.03136816466803521
0 0.5541104092536855 0.9668913155694066 0.009411362666090628 0.0031695421544668433
6 0.5493138212524128 0.9862390444921686 0.015660450668363623 0.012590903590695932
5 0.55068125 0.98661865 0.0234365 0.0265625