1 0.1109365 0.2015625 0.221865 0.403125
4 0.23125 0.35859365 0.4625 0.3421865
5 0.234365 0.26484365 0.46865 0.5296865
1 0.60625 0.44296865 0.265 0.1634365
2 0.634365 0.2 0.33125 0.1865
5 0.634365 0.30859365 0.53125 0.4421865
1 0.20603125 0.946865 0.3546865 0.10625
2 0.21484365 0.65625 0.4068125 0.253125
5 0.234365 0.66484365 0.46865 0.4603125
4 0.9 0.82568125 0.2 0.1953125
3 0.8142021440563155 0.6162132689359395 0.023628401336626246 0.025136355386194253
0 0.8566436353834966 0.6606506840612501 0.1412966093411815 0.05863063231616552
5 0.661865 0.63515625 0.3125 0.2109365
5 0.82634365 0.8161865 0.3453125 0.365625