6 0.43515625 0.3234365 0.1484365 0.290625
5 0.42421865 0.234365 0.1603125 0.46865
1 0.6296865 0.3546865 0.440625 0.228125
2 0.653125 0.153125 0.4865 0.259365
5 0.6546865 0.234365 0.490625 0.46865
6 0.31484365 0.63515625 0.3890625 0.5296865
5 0.2546865 0.634365 0.509365 0.53125
2 0.8465850896699043 0.6619615852909141 0.01258181323161641 0.014135222862636886
3 0.8414396288993201 0.6699666966262325 0.0063136325135563655 0.010963861436318445
4 0.8423481439264346 0.8018361515466928 0.02054884933606006 0.04064316466803494
5 0.8329685986468949 0.8011104436021603 0.04645668298109546 0.1002626106623885