0 0.46421865 0.08306065591186669 0.0665625 0.11339088534362664
3 0.44921865 0.1255490562485948 0.03125 0.06911362666090888
0 0.39665625 0.12926404125559446 0.0365 0.05512385200509069
6 0.42265625 0.25688938991886634 0.0828125 0.18533861066690855
6 0.4665625 0.29665625 0.146865 0.2828125
5 0.4568125 0.21953125 0.184365 0.4390625
5 0.4359365 0.23359365 0.161865 0.4109365
5 0.92568125 0.33828125 0.1484365 0.2015625
5 0.9068125 0.321865 0.184365 0.234365
5 0.89453125 0.1203125 0.2109365 0.240625
5 0.9 0.11484365 0.2 0.2296865
0 0.2203125 0.6409495262915464 0.0665625 0.06026588534362665
3 0.2265625 0.6861893019563656 0.0421865 0.03330339600562696
4 0.25068125 0.6624699912864112 0.1359365 0.1593942660184536
5 0.28046865 0.690625 0.3046865 0.41865
