4 0.184365 0.3461685563960254 0.146865 0.31022949365348396
3 0.15859365 0.19914356546121166 0.034365 0.04606498689965162
2 0.16161865 0.09213049618936096 0.103125 0.15528646369925468
5 0.1859365 0.32634365 0.284365 0.6234365
4 0.98359365 0.1015625 0.0328125 0.203125
4 0.93359365 0.0810849536421098 0.084365 0.15830336939029934
4 0.8265625 0.11864351404515604 0.1068125 0.1896896346664936
4 0.6125 0.1328125 0.146865 0.265625
4 0.42109365 0.1359365 0.0640625 0.261865
6 0.825 0.45546865 0.15625 0.3661865
1 0.6390625 0.38063445393669646 0.015625 0.04384090359069629
0 0.62421865 0.328304345525441 0.04365 0.06431603005422928
0 0.56568125 0.3125960114128664 0.065 0.09106133623582169
6 0.6203125 0.52634365 0.1865 0.2234365
5 0.6234365 0.4626648003459012 0.0515625 0.33669998184962645
5 0.62265625 0.45390625 0.1921865 0.3603125
5 0.8665625 0.4546865 0.246865 0.36865
5 0.8296865 0.11328125 0.11865 0.2265625
5 0.44921865 0.1359365 0.1203125 0.261865
5 0.61484365 0.134365 0.2296865 0.26865
1 0.53359365 0.009365 0.0640625 0.01865
1 0.961865 0.00603125 0.034365 0.0140625
1 0.921865 0.00390625 0.0365 0.0068125
1 0.8161865 0.01696865 0.0365 0.0359365
5 0.3296865 0.8625 0.11865 0.265
3 0.68661865 0.64665625 0.1921865 0.0161865
4 0.86421865 0.84296865 0.2515625 0.3140625
5 0.6125 0.81953125 0.565 0.3609365