0 0.42634365 0.16953125 0.3828125 0.3390625
5 0.309365 0.16953125 0.61865 0.3390625
6 0.3191929659386499 0.63828125 0.11995901665658924 0.2068125
6 0.1264696556338996 0.68046865 0.14355105386194262 0.234365
3 0.3021322100850165 0.52568125 0.04084316861691084 0.0365
3 0.11466402029166194 0.5484365 0.045530668616910844 0.0365
0 0.10193666636480562 0.4921865 0.06368293364502539 0.059365
0 0.2932384682353902 0.46421865 0.05811248184962643 0.0515625
5 0.33515625 0.62109365 0.1696865 0.5568125
5 0.13661865 0.62634365 0.2296865 0.5453125
