6 0.09894446658506008 0.2 0.018831813231616586 0.0140625
5 0.09898992838046819 0.1921865 0.022064986899651618 0.034365
5 0.6501888140162835 0.1921865 0.028888590162688032 0.13125
0 0.1659052384889268 0.659365 0.015660445645263664 0.025
0 0.10624331069582966 0.66109365 0.015661355386194255 0.0234365
3 0.16656640416996138 0.668125 0.006304542154466666 0.009365
4 0.16820969566861493 0.69296865 0.028352258966990542 0.0390625
4 0.1006069644848216 0.8203125 0.020656933645025394 0.059365
5 0.09680980484390131 0.81865 0.04445904800821019 0.121865
5 0.16028366628021966 0.8125 0.05068166088084608 0.134365
3 0.660629093865121 0.665625 0.02195681323161659 0.0140625
2 0.6646262464659162 0.65 0.02822499394986581 0.0161865
4 0.6605336511549092 0.69921865 0.056522610662388504 0.046865
5 0.6608666596643615 0.84921865 0.11366265026114661 0.21865