5 0.5019856225680493 0.12265625 0.14509536314368348 0.23125
2 0.5381262346664936 0.0234365 0.029842036104353466 0.0265625
4 0.466394266855685 0.05859365 0.0880181504665381 0.0890625
4 0.165 0.865625 0.35 0.26865
5 0.165 0.68984365 0.35 0.6203125
3 0.21015625 0.65625 0.2696865 0.334365
4 0.44921865 0.415625 0.0661865 0.061865
5 0.44609365 0.4161865 0.0634365 0.065
5 0.43125 0.68984365 0.1625 0.6203125
5 0.5865 0.68984365 0.261865 0.6203125
5 0.69140625 0.64453125 0.2359365 0.5296865
5 0.815625 0.6 0.168125 0.440625
4 0.91328125 0.41696865 0.1140625 0.0665625
4 0.80234365 0.403125 0.0828125 0.046865
4 0.65625 0.44140625 0.11865 0.1234365
4 0.55 0.45603125 0.140625 0.1546865
4 0.3984365 0.496865 0.096865 0.234365
5 0.96953125 0.54296865 0.0609365 0.3265625
5 0.91865 0.56265625 0.1625 0.3859365