6 0.16865 0.31993865351604134 0.015625 0.028215903590696286
0 0.165625 0.29808193423420065 0.00625 0.009411361436318443
5 0.16696865 0.3346860486955812 0.0234365 0.08138635538619425
5 0.25068125 0.51161865 0.0453125 0.0359365
6 0.62109365 0.2659269643866258 0.0265625 0.039216036104353654
5 0.62265625 0.26513662402654626 0.03125 0.04605680618159222
2 0.2984365 0.65859365 0.1625 0.2328125
5 0.18984365 0.66640625 0.3696865 0.4661865
2 0.53359365 0.9643949602403583 0.009365 0.010992042154466844
5 0.5359365 0.984365 0.021865 0.03125
