3 0.35 0.3390625 0.061865 0.1
6 0.50625 0.35 0.246865 0.068125
0 0.33359365 0.16953125 0.2328125 0.3390625
5 0.41484365 0.19453125 0.4296865 0.3890625
6 0.81484365 0.19453125 0.3603125 0.3890625
5 0.81484365 0.19453125 0.3603125 0.3890625
1 0.39140625 0.566366845525441 0.146865 0.10554199365348414
2 0.38828125 0.4359365 0.1984365 0.09365
4 0.3828125 0.6620043485505031 0.3328125 0.40506124648395864
5 0.31484365 0.69453125 0.6296865 0.6109365
0 0.9365 0.51865 0.125 0.259365
3 0.93661865 0.6650946666363836 0.0546865 0.09563066256668648
6 0.69609365 0.63828125 0.3328125 0.5234365
5 0.81484365 0.69453125 0.3603125 0.6109365