0 0.4421865 0.16890625 0.053125 0.1068125
3 0.4453125 0.23259224685860066 0.025 0.05695694564526386
6 0.36328125 0.23228824161038065 0.1140625 0.15535109621281204
5 0.3865 0.215625 0.1625 0.2125
1 0.91640625 0.05625 0.1661865 0.1125
4 0.8359365 0.30859365 0.328125 0.3828125
5 0.69365 0.25 0.4125 0.5
5 0.64296865 0.25 0.3484365 0.5
0 0.65234365 0.9512645910464506 0.009365 0.004642042154466844
6 0.65068125 0.9606586814055303 0.0161865 0.01416249394986581
5 0.64665625 0.9638018621236896 0.025 0.03452044564526368
0 0.65234365 0.9668360910464506 0.009365 0.004642042154466844
6 0.646865 0.9862439063032293 0.0161865 0.01562499394986581
5 0.6484365 0.9859365 0.025 0.028125