4 0.040932509566165634 0.2606945219610016 0.03616384933606006 0.04083406825883114
0 0.01913932269688213 0.24665928698811625 0.011101126463433165 0.028188632513556365
5 0.03046865 0.3046865 0.0609365 0.15
4 0.5212098411446465 0.21458311212368955 0.2025533491396682 0.1614851563212608
0 0.5515563921669189 0.10112914530116685 0.11436156220860695 0.05368859621281222
5 0.6296865 0.065625 0.34365 0.13125
5 0.53984365 0.2234365 0.2890625 0.3125
1 0.4320696843323965 0.6906961541699614 0.0836942586805986 0.16923168903121966
2 0.5135938256265525 0.5106405006863611 0.16640690339440443 0.14633961056599665
4 0.46568125 0.88984365 0.2515625 0.2203125
5 0.49140625 0.61015625 0.2828125 0.5696865