3 0.6441246454965685 0.5163166663036609 0.01424430618159222 0.03133181323161641
0 0.6269861424625064 0.5068230102535366 0.025290891490546906 0.05014544564526368
0 0.11516541598563216 0.12565648839063088 0.033048849336060066 0.04081589654066192
0 0.4214335966036915 0.12065066801112584 0.033066120413308985 0.04550339654066201
6 0.6644206686650558 0.5458260043016084 0.06109426088084608 0.13468406615858266
5 0.665625 0.58125 0.10625 0.215625
6 0.4225415686498106 0.19886668665204618 0.050562692622015934 0.09862839149054663
3 0.4243631539835696 0.15432634629296656 0.014153403590696286 0.015606813231616586
5 0.4284915969001831 0.2503928262156266 0.0939683006386846 0.3083488311856965
3 0.11808588290634068 0.16069555666256164 0.014161584308955421 0.018831813231616586
6 0.1216466992613153 0.22014683166486263 0.058566090162686854 0.13158634328594586
5 0.12608421438662581 0.2630893106966338 0.10183625253408265 0.31620668298109556
5 0.28828125 0.63125 0.5665625 0.084365
5 0.6625 0.84453125 0.0865 0.3109365