5 0.5836280218628058 0.10625 0.03155906220860695 0.053125
0 0.9269199460398615 0.16328125 0.12231133623582169 0.065
3 0.9408103105994369 0.23046865 0.08305693969514993 0.0421865
4 0.9296865 0.253125 0.140625 0.09365
5 0.89665625 0.209365 0.2046865 0.18125
2 0.32636094945660605 0.484365 0.146684041958086 0.1390625
3 0.3468996666630032 0.6140625 0.10531463466649368 0.1068125
4 0.3828125 0.86421865 0.2625 0.2515625
5 0.40390625 0.665625 0.5515625 0.66865
4 0.85 0.80859365 0.3 0.3828125
5 0.85 0.65 0.3 0.6
1 0.8319569644848216 0.5634365 0.21084663816089696 0.253125
2 0.803125 0.3515625 0.20625 0.103125