5 0.23984365 0.19140625 0.2140625 0.2665625
3 0.1680194191088902 0.20068125 0.03461134933606006 0.040625
2 0.16388643101264686 0.10546865 0.05849426693096135 0.1161865
2 0.3015165263236548 0.434365 0.02511816466803503 0.0203125
2 0.34666486996946454 0.596865 0.03684543364502539 0.059365
2 0.1338012656162899 0.659365 0.03450226502611463 0.021865
2 0.064368058163551 0.909365 0.0533068061815924 0.03125
3 0.1365565246914662 0.68515625 0.01883181323161641 0.0140625
3 0.06622580221162264 0.95603125 0.01416249394986581 0.0161865
4 0.0296865 0.96421865 0.059365 0.0515625
4 0.1246030006863611 0.64609365 0.03958964082661696 0.090625
4 0.30633463526646296 0.50859365 0.04436814441641408 0.10625
4 0.3618853590004315 0.66640625 0.06808644554888228 0.1546865
5 0.36231369889196296 0.65390625 0.16311918616910823 0.365
5 0.2991813468019863 0.5661865 0.08136012606064966 0.2865
5 0.13668426883664368 0.69665625 0.12666352966144566 0.303125
5 0.06265625 0.946865 0.1453125 0.10625
6 0.6956013069661592 0.6828125 0.025336343285945862 0.0568125
6 0.895600681036188 0.9 0.025236349336060062 0.040625
6 0.9362121515466929 0.91953125 0.028469524004104916 0.0609365
6 0.9109394406653042 0.96640625 0.028488614363184694 0.0625
0 0.9362696468586006 0.8603125 0.015634084308955332 0.01865
0 0.8959325851926182 0.86015625 0.01631466502611463 0.021865
0 0.6958921994566061 0.6328125 0.015643164668035032 0.0203125
5 0.695442226683266 0.81015625 0.03230448165323559 0.18125
5 0.89453125 0.92421865 0.0296865 0.1515625
5 0.909365 0.9546865 0.05 0.090625
5 0.93828125 0.9296865 0.0390625 0.140625