5 0.2691941589535494 0.1936901940642698 0.04643860226293641 0.0964204400063634
5 0.8166810382456528 0.38665092142640465 0.019004530054229106 0.043968166002545434
4 0.8644061858845206 0.3563923806685862 0.004651132513556366 0.01099204400063626
5 0.8636395614231401 0.35862604010181344 0.006939665026114632 0.021965906666626353
4 0.36865 0.91953125 0.103125 0.1609365
3 0.39294304156530246 0.8666363186459964 0.029942030054229286 0.044095445336363516
3 0.28661865 0.98359365 0.0203125 0.0328125
2 0.263661666439992 0.9093151966296699 0.08185905405833438 0.10563292934436319
2 0.40114590612486894 0.8006498160804962 0.050345433645025396 0.0599568026634544
5 0.3625 0.88203125 0.146865 0.2359365
5 0.25546865 0.925 0.2015625 0.15
0 0.8285625111182899 0.894869432049634 0.0251545361043533 0.026853401336626246
3 0.8240031856863246 0.9151363880489966 0.012562622862636888 0.012645450668363622
4 0.8202060200952802 0.9338419346151341 0.03145906825883114 0.0363011266609086
5 0.8224452309658645 0.9159004566154524 0.039480656516662284 0.06232953333863605