0 0.323695322624361 0.3500150554330665 0.01110113200190881 0.014126132513556366
6 0.3246665646268609 0.36569166025353666 0.02229316066154496 0.03606466502611463
5 0.3263021280633152 0.39140312461491616 0.043369286680454165 0.10180693969514959
3 0.3238225920591691 0.36095255543306646 0.006322625334181811 0.006286361436318444
0 0.4943890833863612 0.31464466111385836 0.009520450668363623 0.012554542154466665
5 0.4883562593889066 0.33343102255016686 0.033366121339908596 0.048628396540662094
4 0.48361521538826006 0.3286606936264156 0.019040901336626246 0.02510908430895542
2 0.61015625 0.08984365 0.2015625 0.1696865
3 0.6566516020448616 0.06521206069582968 0.10656623634881644 0.11468064441641406
3 0.58984365 0.31015625 0.1609365 0.1696865
4 0.68359365 0.25390625 0.3265625 0.3921865
5 0.66161865 0.225 0.3046865 0.45
5 0.86161865 0.08828125 0.1828125 0.1665625
5 0.653125 0.225 0.4865 0.45
1 0.85625 0.6515625 0.2865 0.33125
2 0.696865 0.5359365 0.40625 0.161865
4 0.6546865 0.90625 0.490625 0.1865
5 0.6546865 0.625 0.490625 0.55